1 12605U          19281.94305556  .00000000  00000-0  00000-0 0 00000
2 12605 097.7140 042.721  0000000 000.0000 199.8490 15.01920000000000
1 12605U          19282.27916667  .00000000  00000-0  00000-0 0 00000
2 12605 097.7140 043.052  0000000 000.0000 214.8490 15.01920000000000
1 12605U          19282.60347222  .00000000  00000-0  00000-0 0 00000
2 12605 097.7150 043.372  0000000 000.0000 166.1000 15.01920000000000
1 12605U          19283.00902778  .00000000  00000-0  00000-0 0 00000
2 12605 097.7150 043.772  0000000 000.0000 196.1000 15.01920000000000
1 12605U          19283.32500000  .00000000  00000-0  00000-0 0 00000
2 12605 097.7160 044.083  0000000 000.0000 102.3510 15.01920000000000
1 12605U          19283.72430556  .00000000  00000-0  00000-0 0 00000
2 12605 097.7160 044.477  0000000 000.0000 098.6010 15.01920000000000
1 12605U          19283.94791667  .00000000  00000-0  00000-0 0 00000
2 12605 097.7170 044.697  0000000 000.0000 226.1020 15.01920000000000
1 12605U          19284.33888889  .00000000  00000-0  00000-0 0 00000
2 12605 097.7170 045.083  0000000 000.0000 177.3520 15.01920000000000
1 12605U          19284.63888889  .00000000  00000-0  00000-0 0 00000
2 12605 097.7180 045.378  0000000 000.0000 357.3530 15.01920000000000
1 12605U          19285.03680556  .00000000  00000-0  00000-0 0 00000
2 12605 097.7180 045.771  0000000 000.0000 346.1030 15.01920000000000
1 12605U          19285.34652778  .00000000  00000-0  00000-0 0 00000
2 12605 097.7180 046.076  0000000 000.0000 218.6040 15.01920000000000
1 12605U          19285.67013889  .00000000  00000-0  00000-0 0 00000
2 12605 097.7190 046.395  0000000 000.0000 166.1040 15.01920000000000
1 12605U          19285.95555556  .00000000  00000-0  00000-0 0 00000
2 12605 097.7190 046.676  0000000 000.0000 267.3540 15.01920000000000
1 12605U          19286.37430556  .00000000  00000-0  00000-0 0 00000
2 12605 097.7200 047.089  0000000 000.0000 008.6050 15.01920000000000
1 12605U          19286.71666667  .00000000  00000-0  00000-0 0 00000
2 12605 097.7200 047.427  0000000 000.0000 057.3550 15.01920000000000
1 12605U          19287.03680556  .00000000  00000-0  00000-0 0 00000
2 12605 097.7210 047.742  0000000 000.0000 346.1060 15.01920000000000
1 12605U          19287.26111111  .00000000  00000-0  00000-0 0 00000
2 12605 097.7210 047.963  0000000 000.0000 117.3560 15.01920000000000
1 12605U          19287.71944444  .00000000  00000-0  00000-0 0 00000
2 12605 097.7210 048.415  0000000 000.0000 072.3570 15.01920000000000
1 12605U          19288.07847222  .00000000  00000-0  00000-0 0 00000
2 12605 097.7220 048.769  0000000 000.0000 211.1070 15.01920000000000
1 12605U          19288.30416667  .00000000  00000-0  00000-0 0 00000
2 12605 097.7220 048.992  0000000 000.0000 349.8580 15.01920000000000
1 12605U          19288.71597222  .00000000  00000-0  00000-0 0 00000
2 12605 097.7230 049.398  0000000 000.0000 053.6080 15.01920000000000
1 12605U          19288.97916667  .00000000  00000-0  00000-0 0 00000
2 12605 097.7230 049.657  0000000 000.0000 034.8590 15.01920000000000
1 12605U          19289.26180556  .00000000  00000-0  00000-0 0 00000
2 12605 097.7230 049.936  0000000 000.0000 121.1090 15.01920000000000
1 12605U          19289.61875000  .00000000  00000-0  00000-0 0 00000
2 12605 097.7240 050.288  0000000 000.0000 248.6100 15.01920000000000
1 12605U          19289.95486111  .00000000  00000-0  00000-0 0 00000
2 12605 097.7240 050.619  0000000 000.0000 263.6100 15.01920000000000
1 12605U          19290.38333333  .00000000  00000-0  00000-0 0 00000
2 12605 097.7250 051.041  0000000 000.0000 057.3610 15.01920000000000
1 12605U          19290.63402778  .00000000  00000-0  00000-0 0 00000
2 12605 097.7250 051.288  0000000 000.0000 331.1110 15.01920000000000
1 12605U          19291.05902778  .00000000  00000-0  00000-0 0 00000
2 12605 097.7250 051.707  0000000 000.0000 106.1120 15.01920000000000
1 12605U          19291.33819444  .00000000  00000-0  00000-0 0 00000
2 12605 097.7260 051.983  0000000 000.0000 173.6120 15.01920000000000
1 12605U          19291.60833333  .00000000  00000-0  00000-0 0 00000
2 12605 097.7260 052.249  0000000 000.0000 192.3630 15.01920000000000
1 12605U          19292.04375000  .00000000  00000-0  00000-0 0 00000
2 12605 097.7270 052.678  0000000 000.0000 023.6130 15.01920000000000
1 12605U          19292.29583333  .00000000  00000-0  00000-0 0 00000
2 12605 097.7270 052.927  0000000 000.0000 304.8640 15.01920000000000
1 12605U          19292.66805556  .00000000  00000-0  00000-0 0 00000
2 12605 097.7270 053.294  0000000 000.0000 154.8640 15.01920000000000
1 12605U          19292.96875000  .00000000  00000-0  00000-0 0 00000
2 12605 097.7280 053.590  0000000 000.0000 338.6150 15.01920000000000
1 12605U          19293.32638889  .00000000  00000-0  00000-0 0 00000
2 12605 097.7280 053.943  0000000 000.0000 109.8650 15.01920000000000
1 12605U          19293.63333333  .00000000  00000-0  00000-0 0 00000
2 12605 097.7280 054.245  0000000 000.0000 327.3660 15.01920000000000
1 12605U          19294.06666667  .00000000  00000-0  00000-0 0 00000
2 12605 097.7290 054.672  0000000 000.0000 147.3670 15.01920000000000
1 12605U          19294.36458333  .00000000  00000-0  00000-0 0 00000
2 12605 097.7290 054.966  0000000 000.0000 316.1170 15.01920000000000
1 12605U          19294.72222222  .00000000  00000-0  00000-0 0 00000
2 12605 097.7290 055.319  0000000 000.0000 087.3680 15.01920000000000
1 12605U          19294.91736111  .00000000  00000-0  00000-0 0 00000
2 12605 097.7300 055.511  0000000 000.0000 061.1180 15.01920000000000
1 12605U          19295.33750000  .00000000  00000-0  00000-0 0 00000
2 12605 097.7300 055.925  0000000 000.0000 169.8690 15.01920000000000
1 12605U          19295.71180556  .00000000  00000-0  00000-0 0 00000
2 12605 097.7300 056.294  0000000 000.0000 031.1190 15.01920000000000
1 12605U          19295.95416667  .00000000  00000-0  00000-0 0 00000
2 12605 097.7310 056.533  0000000 000.0000 259.8700 15.01920000000000
1 12605U          19296.40416667  .00000000  00000-0  00000-0 0 00000
2 12605 097.7310 056.977  0000000 000.0000 169.8700 15.01920000000000
1 12605U          19296.61597222  .00000000  00000-0  00000-0 0 00000
2 12605 097.7310 057.186  0000000 000.0000 233.6210 15.01920000000000
1 12605U          19296.95069444  .00000000  00000-0  00000-0 0 00000
2 12605 097.7320 057.516  0000000 000.0000 241.1210 15.01920000000000
1 12605U          19297.30138889  .00000000  00000-0  00000-0 0 00000
2 12605 097.7320 057.861  0000000 000.0000 334.8720 15.01920000000000
1 12605U          19297.58611111  .00000000  00000-0  00000-0 0 00000
2 12605 097.7320 058.142  0000000 000.0000 072.3720 15.01920000000000
1 12605U          19298.01388889  .00000000  00000-0  00000-0 0 00000
2 12605 097.7330 058.564  0000000 000.0000 222.3730 15.01920000000000
1 12605U          19298.38958333  .00000000  00000-0  00000-0 0 00000
2 12605 097.7330 058.934  0000000 000.0000 091.1240 15.01920000000000
1 12605U          19298.68472222  .00000000  00000-0  00000-0 0 00000
2 12605 097.7330 059.225  0000000 000.0000 244.8740 15.01920000000000
1 12605U          19298.92708333  .00000000  00000-0  00000-0 0 00000
2 12605 097.7340 059.464  0000000 000.0000 113.6240 15.01920000000000
1 12605U          19299.40069444  .00000000  00000-0  00000-0 0 00000
2 12605 097.7340 059.931  0000000 000.0000 151.1250 15.01920000000000
1 12605U          19299.68750000  .00000000  00000-0  00000-0 0 00000
2 12605 097.7340 060.214  0000000 000.0000 259.8760 15.01920000000000
1 12605U          19300.00625000  .00000000  00000-0  00000-0 0 00000
2 12605 097.7350 060.528  0000000 000.0000 181.1260 15.01920000000000
1 12605U          19300.32152778  .00000000  00000-0  00000-0 0 00000
2 12605 097.7350 060.839  0000000 000.0000 083.6270 15.01920000000000
1 12605U          19300.64513889  .00000000  00000-0  00000-0 0 00000
2 12605 097.7350 061.158  0000000 000.0000 031.1270 15.01920000000000
1 12605U          19300.96805556  .00000000  00000-0  00000-0 0 00000
2 12605 097.7350 061.476  0000000 000.0000 334.8780 15.01920000000000
1 12605U          19301.32569444  .00000000  00000-0  00000-0 0 00000
2 12605 097.7360 061.828  0000000 000.0000 106.1280 15.01920000000000
1 12605U          19301.73750000  .00000000  00000-0  00000-0 0 00000
2 12605 097.7360 062.234  0000000 000.0000 169.8790 15.01920000000000
1 12605U          19301.92291667  .00000000  00000-0  00000-0 0 00000
2 12605 097.7360 062.417  0000000 000.0000 091.1290 15.01920000000000
1 12605U          19302.40763889  .00000000  00000-0  00000-0 0 00000
2 12605 097.7370 062.895  0000000 000.0000 188.6300 15.01920000000000
1 12605U          19302.62569444  .00000000  00000-0  00000-0 0 00000
2 12605 097.7370 063.110  0000000 000.0000 286.1310 15.01920000000000
1 12605U          19302.99027778  .00000000  00000-0  00000-0 0 00000
2 12605 097.7370 063.469  0000000 000.0000 094.8810 15.01920000000000
1 12605U          19303.41527778  .00000000  00000-0  00000-0 0 00000
2 12605 097.7380 063.888  0000000 000.0000 229.8820 15.01920000000000
1 12605U          19303.74861111  .00000000  00000-0  00000-0 0 00000
2 12605 097.7380 064.217  0000000 000.0000 229.8830 15.01920000000000
1 12605U          19303.94375000  .00000000  00000-0  00000-0 0 00000
2 12605 097.7380 064.409  0000000 000.0000 203.6330 15.01920000000000
1 12605U          19304.28125000  .00000000  00000-0  00000-0 0 00000
2 12605 097.7380 064.742  0000000 000.0000 226.1340 15.01920000000000
1 12605U          19304.60625000  .00000000  00000-0  00000-0 0 00000
2 12605 097.7380 065.063  0000000 000.0000 181.1340 15.01920000000000
1 12605U          19304.98888889  .00000000  00000-0  00000-0 0 00000
2 12605 097.7390 065.440  0000000 000.0000 087.3850 15.01920000000000
1 12605U          19305.39513889  .00000000  00000-0  00000-0 0 00000
2 12605 097.7390 065.840  0000000 000.0000 121.1350 15.01920000000000
1 12605U          19305.68541667  .00000000  00000-0  00000-0 0 00000
2 12605 097.7390 066.126  0000000 000.0000 248.6360 15.01920000000000
1 12605U          19306.01388889  .00000000  00000-0  00000-0 0 00000
2 12605 097.7400 066.450  0000000 000.0000 222.3870 15.01920000000000
1 12605U          19306.41180556  .00000000  00000-0  00000-0 0 00000
2 12605 097.7400 066.843  0000000 000.0000 211.1370 15.01920000000000
1 12605U          19306.60555556  .00000000  00000-0  00000-0 0 00000
2 12605 097.7400 067.034  0000000 000.0000 177.3880 15.01920000000000
1 12605U          19307.03750000  .00000000  00000-0  00000-0 0 00000
2 12605 097.7400 067.459  0000000 000.0000 349.8880 15.01920000000000
1 12605U          19307.32430556  .00000000  00000-0  00000-0 0 00000
2 12605 097.7400 067.742  0000000 000.0000 098.6390 15.01920000000000
1 12605U          19307.74097222  .00000000  00000-0  00000-0 0 00000
2 12605 097.7410 068.153  0000000 000.0000 188.6400 15.01920000000000
1 12605U          19307.99583333  .00000000  00000-0  00000-0 0 00000
2 12605 097.7410 068.404  0000000 000.0000 124.8900 15.01920000000000
1 12605U          19308.30208333  .00000000  00000-0  00000-0 0 00000
2 12605 097.7410 068.706  0000000 000.0000 338.6410 15.01920000000000
1 12605U          19308.72013889  .00000000  00000-0  00000-0 0 00000
2 12605 097.7410 069.118  0000000 000.0000 076.1410 15.01920000000000
1 12605U          19308.95069444  .00000000  00000-0  00000-0 0 00000
2 12605 097.7420 069.346  0000000 000.0000 241.1420 15.01920000000000
1 12605U          19309.40833333  .00000000  00000-0  00000-0 0 00000
2 12605 097.7420 069.797  0000000 000.0000 192.3930 15.01920000000000
1 12605U          19309.70555556  .00000000  00000-0  00000-0 0 00000
2 12605 097.7420 070.090  0000000 000.0000 357.3930 15.01920000000000
1 12605U          19310.07777778  .00000000  00000-0  00000-0 0 00000
2 12605 097.7420 070.457  0000000 000.0000 207.3940 15.01920000000000
1 12605U          19310.30902778  .00000000  00000-0  00000-0 0 00000
2 12605 097.7420 070.685  0000000 000.0000 016.1440 15.01920000000000
1 12605U          19310.58750000  .00000000  00000-0  00000-0 0 00000
2 12605 097.7430 070.959  0000000 000.0000 079.8950 15.01920000000000
1 12605U          19311.06736111  .00000000  00000-0  00000-0 0 00000
2 12605 097.7430 071.432  0000000 000.0000 151.1460 15.01920000000000
1 12605U          19311.29305556  .00000000  00000-0  00000-0 0 00000
2 12605 097.7430 071.655  0000000 000.0000 289.8960 15.01920000000000
1 12605U          19311.67152778  .00000000  00000-0  00000-0 0 00000
2 12605 097.7430 072.028  0000000 000.0000 173.6470 15.01920000000000
1 12605U          19311.89583333  .00000000  00000-0  00000-0 0 00000
2 12605 097.7430 072.249  0000000 000.0000 304.8970 15.01914300000000
1 12605U          19312.21458333  .00000000  00000-0  00000-0 0 00000
2 12605 097.7430 072.563  0000000 000.0000 226.1480 15.01914300000000
1 12605U          19312.51597222  .00000000  00000-0  00000-0 0 00000
2 12605 097.7440 072.860  0000000 000.0000 053.6480 15.01914300000000
1 12605U          19312.97777778  .00000000  00000-0  00000-0 0 00000
2 12605 097.7440 073.316  0000000 000.0000 027.3990 15.01914300000000
1 12605U          19313.23263889  .00000000  00000-0  00000-0 0 00000
2 12605 097.7440 073.567  0000000 000.0000 323.6500 15.01914300000000
1 12605U          19313.63402778  .00000000  00000-0  00000-0 0 00000
2 12605 097.7440 073.963  0000000 000.0000 331.1500 15.01914300000000
1 12605U          19313.88680556  .00000000  00000-0  00000-0 0 00000
2 12605 097.7440 074.212  0000000 000.0000 256.1510 15.01914300000000
1 12605U          19314.29861111  .00000000  00000-0  00000-0 0 00000
2 12605 097.7450 074.618  0000000 000.0000 319.9020 15.01914300000000
1 12605U          19314.59861111  .00000000  00000-0  00000-0 0 00000
2 12605 097.7450 074.913  0000000 000.0000 139.9020 15.01914300000000
1 12605U          19314.92847222  .00000000  00000-0  00000-0 0 00000
2 12605 097.7450 075.239  0000000 000.0000 121.1530 15.01914300000000
1 12605U          19315.16527778  .00000000  00000-0  00000-0 0 00000
2 12605 097.7450 075.472  0000000 000.0000 319.9030 15.01914300000000
1 12605U          19315.55833333  .00000000  00000-0  00000-0 0 00000
2 12605 097.7450 075.860  0000000 000.0000 282.4040 15.01914300000000
1 12605U          19315.84166667  .00000000  00000-0  00000-0 0 00000
2 12605 097.7450 076.139  0000000 000.0000 012.4040 15.01914300000000
1 12605U          19316.15208333  .00000000  00000-0  00000-0 0 00000
2 12605 097.7450 076.445  0000000 000.0000 248.6550 15.01914300000000
1 12605U          19316.50069444  .00000000  00000-0  00000-0 0 00000
2 12605 097.7460 076.789  0000000 000.0000 331.1560 15.01914300000000
1 12605U          19316.92083333  .00000000  00000-0  00000-0 0 00000
2 12605 097.7460 077.203  0000000 000.0000 079.9060 15.01914300000000
1 12605U          19317.19861111  .00000000  00000-0  00000-0 0 00000
2 12605 097.7460 077.477  0000000 000.0000 139.9070 15.01914300000000
1 12605U          19317.49375000  .00000000  00000-0  00000-0 0 00000
2 12605 097.7460 077.768  0000000 000.0000 293.6580 15.01914300000000
1 12605U          19317.82222222  .00000000  00000-0  00000-0 0 00000
2 12605 097.7460 078.092  0000000 000.0000 267.4080 15.01914300000000
1 12605U          19318.28402778  .00000000  00000-0  00000-0 0 00000
2 12605 097.7460 078.547  0000000 000.0000 241.1590 15.01914300000000
1 12605U          19318.61805556  .00000000  00000-0  00000-0 0 00000
2 12605 097.7460 078.876  0000000 000.0000 244.9100 15.01914300000000
1 12605U          19318.89583333  .00000000  00000-0  00000-0 0 00000
2 12605 097.7460 079.150  0000000 000.0000 304.9100 15.01914300000000
1 12605U          19318.89583333  .00000000  00000-0  00000-0 0 00000
2 12605 097.7460 079.150  0000000 000.0000 304.9100 15.01914300000000
1 12605U          19319.22638889  .00000000  00000-0  00000-0 0 00000
2 12605 097.7470 079.333  1997910 304.8540 301.4320 10.76177000000000
1 12605U          19319.62013889  .00000000  00000-0  00000-0 0 00000
2 12605 097.7440 079.541  2000299 303.9790 026.2790 10.74386800000000
1 12605U          19319.87916667  .00000000  00000-0  00000-0 0 00000
2 12605 097.7470 079.654  1995900 303.8220 309.1350 10.76744300000000
1 12605U          19320.15347222  .00000000  00000-0  00000-0 0 00000
2 12605 097.7470 079.789  1998660 303.1680 291.5300 10.75460900000000
1 12605U          19320.55000000  .00000000  00000-0  00000-0 0 00000
2 12605 097.7440 079.998  1999980 302.4050 027.0200 10.74431600000000
1 12605U          19320.85277778  .00000000  00000-0  00000-0 0 00000
2 12605 097.7490 080.142  2000890 301.7020 119.7070 10.76863800000000
1 12605U          19321.25555556  .00000000  00000-0  00000-0 0 00000
2 12605 097.7440 080.336  1994180 301.2340 239.1870 10.75147800000000
1 12605U          19321.52291667  .00000000  00000-0  00000-0 0 00000
2 12605 097.7480 080.472  1999200 300.8550 194.4040 10.76030700000000
1 12605U          19321.96388889  .00000000  00000-0  00000-0 0 00000
2 12605 097.7490 080.686  1997020 299.8180 102.3240 10.76655600000000
1 12605U          19322.17430556  .00000000  00000-0  00000-0 0 00000
2 12605 097.7480 080.791  1998780 299.7540 196.8070 10.76019800000000
1 12605U          19322.55000000  .00000000  00000-0  00000-0 0 00000
2 12605 097.7470 080.976  1996770 299.1200 211.6250 10.75745900000000
1 12605U          19322.83125000  .00000000  00000-0  00000-0 0 00000
2 12605 097.7440 081.112  1995640 298.6280 220.7410 10.75574300000000
1 12605U          19323.19305556  .00000000  00000-0  00000-0 0 00000
2 12605 097.7480 081.291  2001060 298.0000 181.7900 10.76331500000000
1 12605U          19323.64166667  .00000000  00000-0  00000-0 0 00000
2 12605 097.7500 081.512  1999830 296.9930 119.2450 10.76800200000000
1 12605U          19323.89166667  .00000000  00000-0  00000-0 0 00000
2 12605 097.7470 081.637  1987380 296.5860 007.2530 10.77179300000000
1 12605U          19324.23055556  .00000000  00000-0  00000-0 0 00000
2 12605 097.7440 081.797  1993890 296.2170 239.3940 10.75248100000000
1 12605U          19324.49583333  .00000000  00000-0  00000-0 0 00000
2 12605 097.7480 081.932  2000680 295.8130 186.5800 10.76304900000000
1 12605U          19324.94236111  .00000000  00000-0  00000-0 0 00000
2 12605 097.7490 082.149  1998760 294.7880 115.9880 10.76715600000000
1 12605U          19325.15625000  .00000000  00000-0  00000-0 0 00000
2 12605 097.7460 082.253  1995200 294.7020 223.9430 10.75620800000000
1 12605U          19325.58888889  .00000000  00000-0  00000-0 0 00000
2 12605 097.7480 082.468  1995380 293.7260 099.5480 10.76389100000000
1 12605U          19325.87986111  .00000000  00000-0  00000-0 0 00000
2 12605 097.7490 082.610  2002600 293.2910 146.2090 10.76776900000000
1 12605U          19325.89583333  .00000000  00000-0  00000-0 0 00000
2 12605 097.7460 082.617  1997860 293.4680 207.8400 10.75991400000000
1 12605U          19326.17916667  .00000000  00000-0  00000-0 0 00000
2 12605 097.7460 082.756  1995180 292.9740 225.0270 10.75647300000000
1 12605U          19326.64513889  .00000000  00000-0  00000-0 0 00000
2 12605 097.7470 082.986  1994830 292.1800 229.4430 10.75575100000000
1 12605U          19326.90069444  .00000000  00000-0  00000-0 0 00000
2 12605 097.7500 083.111  2001800 291.5330 139.2680 10.76785900000000
1 12605U          19327.16666667  .00000000  00000-0  00000-0 0 00000
2 12605 097.7470 083.242  1993330 291.1200 089.1930 10.75950100000000
1 12605U          19327.62500000  .00000000  00000-0  00000-0 0 00000
2 12605 097.7450 083.470  1994030 290.5240 063.8270 10.74805400000000
1 12605U          19327.87013889  .00000000  00000-0  00000-0 0 00000
2 12605 097.7440 083.580  1997450 290.0360 293.1990 10.74964000000000
1 12605U          19328.24930556  .00000000  00000-0  00000-0 0 00000
2 12605 097.7490 083.766  1992370 289.6770 321.2020 10.76974900000000
1 12605U          19328.62986111  .00000000  00000-0  00000-0 0 00000
2 12605 097.7530 083.962  1978080 288.7600 355.0420 10.79044200000000
1 12605U          19328.90416667  .00000000  00000-0  00000-0 0 00000
2 12605 097.7520 084.090  1982900 288.5790 337.0140 10.78587100000000
1 12605U          19329.18958333  .00000000  00000-0  00000-0 0 00000
2 12605 097.7520 084.239  1980560 287.6820 002.5940 10.78492700000000
1 12605U          19329.63194444  .00000000  00000-0  00000-0 0 00000
2 12605 097.7460 084.449  1994690 286.9970 275.5620 10.74761800000000
1 12605U          19329.92569444  .00000000  00000-0  00000-0 0 00000
2 12605 097.7520 084.591  1986020 286.8700 332.7180 10.78074100000000
1 12605U          19330.20486111  .00000000  00000-0  00000-0 0 00000
2 12605 097.7530 084.728  1985400 286.3950 333.7560 10.78145700000000
1 12605U          19330.50277778  .00000000  00000-0  00000-0 0 00000
2 12605 097.7460 084.887  1997700 285.6520 047.5580 10.74372600000000
1 12605U          19330.96875000  .00000000  00000-0  00000-0 0 00000
2 12605 097.7460 085.113  1996890 284.8730 051.9600 10.74393400000000
1 12605U          19331.26805556  .00000000  00000-0  00000-0 0 00000
2 12605 097.7520 085.257  1999570 284.1230 131.2560 10.76647900000000
1 12605U          19331.53750000  .00000000  00000-0  00000-0 0 00000
2 12605 097.7500 085.391  1993360 283.7400 094.5730 10.75834800000000
1 12605U          19331.89375000  .00000000  00000-0  00000-0 0 00000
2 12605 097.7470 085.570  1997390 283.1440 034.0200 10.75042300000000
1 12605U          19332.20138889  .00000000  00000-0  00000-0 0 00000
2 12605 097.7530 085.716  2001350 282.5800 145.4090 10.76722100000000
1 12605U          19332.53819444  .00000000  00000-0  00000-0 0 00000
2 12605 097.7530 085.886  1982880 281.9430 009.6540 10.78131600000000
1 12605U          19332.84791667  .00000000  00000-0  00000-0 0 00000
2 12605 097.7510 086.033  1998910 281.4450 129.0360 10.76557300000000
