1 30206U          19281.92222222  .00000000  00000-0  00000-0 0 00000
2 30206 097.7480 094.141  0000000 000.0000 118.2940 15.01920000000000
1 30206U          19282.33819444  .00000000  00000-0  00000-0 0 00000
2 30206 097.7480 094.551  0000000 000.0000 204.5450 15.01920000000000
1 30206U          19282.69027778  .00000000  00000-0  00000-0 0 00000
2 30206 097.7480 094.898  0000000 000.0000 305.7960 15.01920000000000
1 30206U          19283.06944444  .00000000  00000-0  00000-0 0 00000
2 30206 097.7480 095.272  0000000 000.0000 193.2960 15.01920000000000
1 30206U          19283.38958333  .00000000  00000-0  00000-0 0 00000
2 30206 097.7480 095.587  0000000 000.0000 122.0470 15.01920000000000
1 30206U          19283.68888889  .00000000  00000-0  00000-0 0 00000
2 30206 097.7480 095.882  0000000 000.0000 298.2980 15.01920000000000
1 30206U          19283.93055556  .00000000  00000-0  00000-0 0 00000
2 30206 097.7480 096.121  0000000 000.0000 163.2980 15.01920000000000
1 30206U          19284.30347222  .00000000  00000-0  00000-0 0 00000
2 30206 097.7480 096.488  0000000 000.0000 017.0490 15.01920000000000
1 30206U          19284.67847222  .00000000  00000-0  00000-0 0 00000
2 30206 097.7470 096.858  0000000 000.0000 242.0500 15.01920000000000
1 30206U          19285.04930556  .00000000  00000-0  00000-0 0 00000
2 30206 097.7470 097.224  0000000 000.0000 084.5500 15.01920000000000
1 30206U          19285.28055556  .00000000  00000-0  00000-0 0 00000
2 30206 097.7470 097.452  0000000 000.0000 253.3010 15.01920000000000
1 30206U          19285.65277778  .00000000  00000-0  00000-0 0 00000
2 30206 097.7470 097.819  0000000 000.0000 103.3010 15.01920000000000
1 30206U          19285.99861111  .00000000  00000-0  00000-0 0 00000
2 30206 097.7470 098.160  0000000 000.0000 170.8020 15.01920000000000
1 30206U          19286.30277778  .00000000  00000-0  00000-0 0 00000
2 30206 097.7470 098.459  0000000 000.0000 013.3030 15.01920000000000
1 30206U          19286.63402778  .00000000  00000-0  00000-0 0 00000
2 30206 097.7470 098.786  0000000 000.0000 002.0530 15.01920000000000
1 30206U          19286.91944444  .00000000  00000-0  00000-0 0 00000
2 30206 097.7470 099.067  0000000 000.0000 103.3040 15.01920000000000
1 30206U          19287.25555556  .00000000  00000-0  00000-0 0 00000
2 30206 097.7470 099.399  0000000 000.0000 118.3040 15.01920000000000
1 30206U          19287.66319444  .00000000  00000-0  00000-0 0 00000
2 30206 097.7470 099.801  0000000 000.0000 159.5550 15.01920000000000
1 30206U          19288.00625000  .00000000  00000-0  00000-0 0 00000
2 30206 097.7460 100.139  0000000 000.0000 212.0560 15.01920000000000
1 30206U          19288.34861111  .00000000  00000-0  00000-0 0 00000
2 30206 097.7460 100.476  0000000 000.0000 260.8060 15.01920000000000
1 30206U          19288.64722222  .00000000  00000-0  00000-0 0 00000
2 30206 097.7460 100.771  0000000 000.0000 073.3070 15.01920000000000
1 30206U          19288.99444444  .00000000  00000-0  00000-0 0 00000
2 30206 097.7460 101.113  0000000 000.0000 148.3080 15.01920000000000
1 30206U          19289.35277778  .00000000  00000-0  00000-0 0 00000
2 30206 097.7460 101.466  0000000 000.0000 283.3080 15.01920000000000
1 30206U          19289.62361111  .00000000  00000-0  00000-0 0 00000
2 30206 097.7460 101.733  0000000 000.0000 305.8090 15.01920000000000
1 30206U          19289.93194444  .00000000  00000-0  00000-0 0 00000
2 30206 097.7460 102.037  0000000 000.0000 170.8090 15.01920000000000
1 30206U          19290.34722222  .00000000  00000-0  00000-0 0 00000
2 30206 097.7460 102.447  0000000 000.0000 253.3100 15.01920000000000
1 30206U          19290.63194444  .00000000  00000-0  00000-0 0 00000
2 30206 097.7450 102.727  0000000 000.0000 350.8110 15.01920000000000
1 30206U          19291.06388889  .00000000  00000-0  00000-0 0 00000
2 30206 097.7450 103.153  0000000 000.0000 163.3120 15.01920000000000
1 30206U          19291.25902778  .00000000  00000-0  00000-0 0 00000
2 30206 097.7450 103.346  0000000 000.0000 137.0620 15.01920000000000
1 30206U          19291.58680556  .00000000  00000-0  00000-0 0 00000
2 30206 097.7450 103.669  0000000 000.0000 107.0630 15.01920000000000
1 30206U          19291.95972222  .00000000  00000-0  00000-0 0 00000
2 30206 097.7450 104.036  0000000 000.0000 320.8130 15.01920000000000
1 30206U          19292.33888889  .00000000  00000-0  00000-0 0 00000
2 30206 097.7450 104.410  0000000 000.0000 208.3140 15.01920000000000
1 30206U          19292.62916667  .00000000  00000-0  00000-0 0 00000
2 30206 097.7450 104.696  0000000 000.0000 335.8140 15.01920000000000
1 30206U          19293.01527778  .00000000  00000-0  00000-0 0 00000
2 30206 097.7440 105.077  0000000 000.0000 260.8150 15.01920000000000
1 30206U          19293.25208333  .00000000  00000-0  00000-0 0 00000
2 30206 097.7440 105.310  0000000 000.0000 099.5660 15.01920000000000
1 30206U          19293.65763889  .00000000  00000-0  00000-0 0 00000
2 30206 097.7440 105.710  0000000 000.0000 129.5660 15.01920000000000
1 30206U          19294.05972222  .00000000  00000-0  00000-0 0 00000
2 30206 097.7440 106.107  0000000 000.0000 140.8170 15.01920000000000
1 30206U          19294.25694444  .00000000  00000-0  00000-0 0 00000
2 30206 097.7440 106.301  0000000 000.0000 125.8170 15.01920000000000
1 30206U          19294.68819444  .00000000  00000-0  00000-0 0 00000
2 30206 097.7440 106.726  0000000 000.0000 294.5680 15.01920000000000
1 30206U          19294.91736111  .00000000  00000-0  00000-0 0 00000
2 30206 097.7430 106.952  0000000 000.0000 092.0690 15.01920000000000
1 30206U          19295.36250000  .00000000  00000-0  00000-0 0 00000
2 30206 097.7430 107.391  0000000 000.0000 335.8190 15.01920000000000
1 30206U          19295.67083333  .00000000  00000-0  00000-0 0 00000
2 30206 097.7430 107.695  0000000 000.0000 200.8200 15.01920000000000
1 30206U          19296.00625000  .00000000  00000-0  00000-0 0 00000
2 30206 097.7430 108.026  0000000 000.0000 212.0710 15.01920000000000
1 30206U          19296.25763889  .00000000  00000-0  00000-0 0 00000
2 30206 097.7430 108.273  0000000 000.0000 129.5710 15.01920000000000
1 30206U          19296.59166667  .00000000  00000-0  00000-0 0 00000
2 30206 097.7420 108.603  0000000 000.0000 133.3220 15.01920000000000
1 30206U          19297.00486111  .00000000  00000-0  00000-0 0 00000
2 30206 097.7420 109.010  0000000 000.0000 204.5720 15.01920000000000
1 30206U          19297.39097222  .00000000  00000-0  00000-0 0 00000
2 30206 097.7420 109.391  0000000 000.0000 129.5730 15.01920000000000
1 30206U          19297.59444444  .00000000  00000-0  00000-0 0 00000
2 30206 097.7420 109.591  0000000 000.0000 148.3240 15.01920000000000
1 30206U          19298.07847222  .00000000  00000-0  00000-0 0 00000
2 30206 097.7410 110.068  0000000 000.0000 242.0740 15.01920000000000
1 30206U          19298.36250000  .00000000  00000-0  00000-0 0 00000
2 30206 097.7410 110.348  0000000 000.0000 335.8250 15.01920000000000
1 30206U          19298.71597222  .00000000  00000-0  00000-0 0 00000
2 30206 097.7410 110.697  0000000 000.0000 084.5760 15.01920000000000
1 30206U          19298.94027778  .00000000  00000-0  00000-0 0 00000
2 30206 097.7410 110.918  0000000 000.0000 215.8260 15.01920000000000
1 30206U          19299.30347222  .00000000  00000-0  00000-0 0 00000
2 30206 097.7410 111.276  0000000 000.0000 017.0770 15.01920000000000
1 30206U          19299.67222222  .00000000  00000-0  00000-0 0 00000
2 30206 097.7400 111.640  0000000 000.0000 208.3270 15.01920000000000
1 30206U          19300.07569444  .00000000  00000-0  00000-0 0 00000
2 30206 097.7400 112.037  0000000 000.0000 227.0780 15.01920000000000
1 30206U          19300.33958333  .00000000  00000-0  00000-0 0 00000
2 30206 097.7400 112.298  0000000 000.0000 212.0780 15.01920000000000
1 30206U          19300.58680556  .00000000  00000-0  00000-0 0 00000
2 30206 097.7400 112.541  0000000 000.0000 107.0790 15.01920000000000
1 30206U          19301.05416667  .00000000  00000-0  00000-0 0 00000
2 30206 097.7390 113.002  0000000 000.0000 110.8300 15.01920000000000
1 30206U          19301.32916667  .00000000  00000-0  00000-0 0 00000
2 30206 097.7390 113.273  0000000 000.0000 155.8300 15.01920000000000
1 30206U          19301.68888889  .00000000  00000-0  00000-0 0 00000
2 30206 097.7390 113.628  0000000 000.0000 298.3310 15.01920000000000
1 30206U          19302.03750000  .00000000  00000-0  00000-0 0 00000
2 30206 097.7390 113.971  0000000 000.0000 020.8310 15.01920000000000
1 30206U          19302.28958333  .00000000  00000-0  00000-0 0 00000
2 30206 097.7380 114.220  0000000 000.0000 302.0820 15.01920000000000
1 30206U          19302.60347222  .00000000  00000-0  00000-0 0 00000
2 30206 097.7380 114.529  0000000 000.0000 197.0820 15.01920000000000
1 30206U          19302.91944444  .00000000  00000-0  00000-0 0 00000
2 30206 097.7380 114.841  0000000 000.0000 103.3330 15.01920000000000
1 30206U          19303.26875000  .00000000  00000-0  00000-0 0 00000
2 30206 097.7380 115.185  0000000 000.0000 189.5840 15.01920000000000
1 30206U          19303.59513889  .00000000  00000-0  00000-0 0 00000
2 30206 097.7370 115.507  0000000 000.0000 152.0840 15.01920000000000
1 30206U          19303.99027778  .00000000  00000-0  00000-0 0 00000
2 30206 097.7370 115.897  0000000 000.0000 125.8350 15.01920000000000
1 30206U          19304.26805556  .00000000  00000-0  00000-0 0 00000
2 30206 097.7370 116.170  0000000 000.0000 185.8350 15.01920000000000
1 30206U          19304.74722222  .00000000  00000-0  00000-0 0 00000
2 30206 097.7360 116.643  0000000 000.0000 253.3360 15.01920000000000
1 30206U          19305.01944444  .00000000  00000-0  00000-0 0 00000
2 30206 097.7360 116.911  0000000 000.0000 283.3370 15.01920000000000
1 30206U          19305.34583333  .00000000  00000-0  00000-0 0 00000
2 30206 097.7360 117.233  0000000 000.0000 245.8370 15.01920000000000
1 30206U          19305.70208333  .00000000  00000-0  00000-0 0 00000
2 30206 097.7360 117.584  0000000 000.0000 009.5880 15.01920000000000
1 30206U          19306.06319444  .00000000  00000-0  00000-0 0 00000
2 30206 097.7350 117.940  0000000 000.0000 159.5880 15.01920000000000
1 30206U          19306.25416667  .00000000  00000-0  00000-0 0 00000
2 30206 097.7350 118.128  0000000 000.0000 110.8390 15.01920000000000
1 30206U          19306.58958333  .00000000  00000-0  00000-0 0 00000
2 30206 097.7350 118.459  0000000 000.0000 122.0890 15.01920000000000
1 30206U          19306.98125000  .00000000  00000-0  00000-0 0 00000
2 30206 097.7350 118.845  0000000 000.0000 077.0900 15.01920000000000
1 30206U          19307.40277778  .00000000  00000-0  00000-0 0 00000
2 30206 097.7340 119.261  0000000 000.0000 193.3410 15.01920000000000
1 30206U          19307.62291667  .00000000  00000-0  00000-0 0 00000
2 30206 097.7340 119.478  0000000 000.0000 302.0910 15.01920000000000
1 30206U          19308.05486111  .00000000  00000-0  00000-0 0 00000
2 30206 097.7340 119.904  0000000 000.0000 114.5920 15.01920000000000
1 30206U          19308.33263889  .00000000  00000-0  00000-0 0 00000
2 30206 097.7330 120.177  0000000 000.0000 174.5920 15.01920000000000
1 30206U          19308.65208333  .00000000  00000-0  00000-0 0 00000
2 30206 097.7330 120.492  0000000 000.0000 099.5930 15.01920000000000
1 30206U          19308.98263889  .00000000  00000-0  00000-0 0 00000
2 30206 097.7330 120.818  0000000 000.0000 084.5930 15.01920000000000
1 30206U          19309.32638889  .00000000  00000-0  00000-0 0 00000
2 30206 097.7320 121.157  0000000 000.0000 140.8440 15.01920000000000
1 30206U          19309.72777778  .00000000  00000-0  00000-0 0 00000
2 30206 097.7320 121.553  0000000 000.0000 148.3440 15.01920000000000
1 30206U          19309.92083333  .00000000  00000-0  00000-0 0 00000
2 30206 097.7320 121.743  0000000 000.0000 110.8450 15.01920000000000
1 30206U          19310.29722222  .00000000  00000-0  00000-0 0 00000
2 30206 097.7310 122.114  0000000 000.0000 343.3450 15.01920000000000
1 30206U          19310.66597222  .00000000  00000-0  00000-0 0 00000
2 30206 097.7310 122.478  0000000 000.0000 174.5960 15.01920000000000
1 30206U          19311.00763889  .00000000  00000-0  00000-0 0 00000
2 30206 097.7310 122.814  0000000 000.0000 219.5970 15.01920000000000
1 30206U          19311.41041667  .00000000  00000-0  00000-0 0 00000
2 30206 097.7300 123.212  0000000 000.0000 234.5970 15.01920000000000
1 30206U          19311.62916667  .00000000  00000-0  00000-0 0 00000
2 30206 097.7300 123.427  0000000 000.0000 335.8480 15.01920000000000
1 30206U          19311.95069444  .00000000  00000-0  00000-0 0 00000
2 30206 097.7360 123.740  0016560 077.9210 193.8110 15.01409800000000
1 30206U          19312.18819444  .00000000  00000-0  00000-0 0 00000
2 30206 097.7380 123.975  0018540 310.8200 160.3690 15.00619900000000
1 30206U          19312.60069444  .00000000  00000-0  00000-0 0 00000
2 30206 097.7270 124.379  0000110 186.1700 347.3350 14.95470900000000
1 30206U          19312.93958333  .00000000  00000-0  00000-0 0 00000
2 30206 097.7260 124.705  0005560 293.8480 265.4340 14.96018900000000
1 30206U          19313.28611111  .00000000  00000-0  00000-0 0 00000
2 30206 097.7390 125.046  0016660 073.0220 193.1070 15.01397000000000
1 30206U          19313.56111111  .00000000  00000-0  00000-0 0 00000
2 30206 097.7310 125.323  0009560 169.5220 137.5160 14.97945200000000
1 30206U          19313.89930556  .00000000  00000-0  00000-0 0 00000
2 30206 097.7290 125.651  0007520 232.1770 095.3040 14.95862500000000
1 30206U          19314.26736111  .00000000  00000-0  00000-0 0 00000
2 30206 097.7300 126.010  0001990 344.4730 164.1750 14.95755900000000
1 30206U          19314.61041667  .00000000  00000-0  00000-0 0 00000
2 30206 097.7260 126.339  0028480 249.0190 306.6990 14.99304700000000
1 30206U          19314.89791667  .00000000  00000-0  00000-0 0 00000
2 30206 097.7310 126.629  0019680 217.3630 092.6160 15.04295800000000
1 30206U          19315.27986111  .00000000  00000-0  00000-0 0 00000
2 30206 097.7300 126.996  0017460 260.4750 314.6550 15.02722400000000
1 30206U          19315.52500000  .00000000  00000-0  00000-0 0 00000
2 30206 097.7320 127.247  0031679 264.7010 195.7340 15.06582500000000
1 30206U          19315.90763889  .00000000  00000-0  00000-0 0 00000
2 30206 097.7230 127.619  0013790 250.8650 118.4140 15.00886900000000
1 30206U          19316.24722222  .00000000  00000-0  00000-0 0 00000
2 30206 097.7300 127.949  0008179 069.2210 331.2640 14.93374700000000
1 30206U          19316.54305556  .00000000  00000-0  00000-0 0 00000
2 30206 097.7220 128.242  0016170 287.8040 264.3450 15.01421500000000
1 30206U          19316.96527778  .00000000  00000-0  00000-0 0 00000
2 30206 097.7260 128.664  0012140 267.8570 047.6680 15.04131600000000
1 30206U          19317.19652778  .00000000  00000-0  00000-0 0 00000
2 30206 097.7310 128.892  0024719 310.6510 175.5140 15.05117600000000
1 30206U          19317.60208333  .00000000  00000-0  00000-0 0 00000
2 30206 097.7230 129.293  0011640 300.7480 218.7530 15.01915400000000
1 30206U          19317.84166667  .00000000  00000-0  00000-0 0 00000
2 30206 097.7230 129.522  0000380 173.7900 198.2130 14.93644700000000
1 30206U          19318.26527778  .00000000  00000-0  00000-0 0 00000
2 30206 097.7290 129.942  0012330 081.0510 050.8420 15.04188400000000
1 30206U          19318.57361111  .00000000  00000-0  00000-0 0 00000
2 30206 097.7200 130.244  0014800 095.0660 264.0190 15.00813900000000
1 30206U          19318.89583333  .00000000  00000-0  00000-0 0 00000
2 30206 097.7290 130.564  0027830 124.6170 176.6690 15.05257100000000
1 30206U          19318.93611111  .00000000  00000-0  00000-0 0 00000
2 30206 097.7200 130.603  0019640 110.5150 048.5610 15.01580500000000
1 30206U          19319.18333333  .00000000  00000-0  00000-0 0 00000
2 30206 097.7290 130.838  0017930 150.3840 265.4950 15.04935400000000
1 30206U          19319.54305556  .00000000  00000-0  00000-0 0 00000
2 30206 097.7200 131.197  0013620 118.5150 082.3540 15.01588600000000
1 30206U          19319.96597222  .00000000  00000-0  00000-0 0 00000
2 30206 097.7230 131.617  0003460 290.5970 027.7830 14.94332300000000
1 30206U          19320.24236111  .00000000  00000-0  00000-0 0 00000
2 30206 097.7220 131.883  0007610 051.1640 320.1200 15.05467600000000
1 30206U          19320.50208333  .00000000  00000-0  00000-0 0 00000
2 30206 097.7190 132.148  0002170 000.8440 338.8450 15.05982800000000
1 30206U          19320.93402778  .00000000  00000-0  00000-0 0 00000
2 30206 097.7200 132.571  0006929 051.6110 095.0330 14.95895800000000
1 30206U          19321.30486111  .00000000  00000-0  00000-0 0 00000
2 30206 097.7210 132.933  0004250 015.7010 333.2330 15.05617600000000
1 30206U          19321.64375000  .00000000  00000-0  00000-0 0 00000
2 30206 097.7210 133.264  0012179 217.8760 166.9660 14.91250300000000
1 30206U          19321.97013889  .00000000  00000-0  00000-0 0 00000
2 30206 097.7180 133.586  0021210 276.5110 061.6050 15.01253200000000
1 30206U          19322.17222222  .00000000  00000-0  00000-0 0 00000
2 30206 097.7190 133.784  0020440 286.2490 064.2430 15.00566000000000
1 30206U          19322.60347222  .00000000  00000-0  00000-0 0 00000
2 30206 097.7180 134.213  0014180 270.1050 251.4990 15.01035000000000
1 30206U          19322.92361111  .00000000  00000-0  00000-0 0 00000
2 30206 097.7260 134.524  0035270 272.5080 179.6490 15.06428800000000
1 30206U          19323.14722222  .00000000  00000-0  00000-0 0 00000
2 30206 097.7220 134.739  0019120 290.6450 290.2950 15.02999200000000
1 30206U          19323.55138889  .00000000  00000-0  00000-0 0 00000
2 30206 097.7230 135.141  0010660 323.9200 281.7430 15.05429500000000
1 30206U          19323.83194444  .00000000  00000-0  00000-0 0 00000
2 30206 097.7220 135.425  0017900 108.2520 211.9030 14.91596600000000
1 30206U          19324.23333333  .00000000  00000-0  00000-0 0 00000
2 30206 097.7210 135.818  0008869 208.9460 113.1460 15.08264400000000
1 30206U          19324.59166667  .00000000  00000-0  00000-0 0 00000
2 30206 097.7230 136.172  0013449 295.3380 168.1430 14.99892500000000
1 30206U          19324.82500000  .00000000  00000-0  00000-0 0 00000
2 30206 097.7260 136.397  0020339 103.3500 176.2120 15.00086700000000
1 30206U          19325.20138889  .00000000  00000-0  00000-0 0 00000
2 30206 097.7190 136.768  0016019 311.5780 195.7230 15.02701700000000
1 30206U          19325.62013889  .00000000  00000-0  00000-0 0 00000
2 30206 097.7230 137.176  0014189 356.8150 254.8720 15.06366600000000
1 30206U          19325.89097222  .00000000  00000-0  00000-0 0 00000
2 30206 097.7230 137.446  0004070 040.9940 235.1300 15.06954200000000
1 30206U          19325.92708333  .00000000  00000-0  00000-0 0 00000
2 30206 097.7200 137.484  0030780 296.9920 174.3670 15.06143600000000
1 30206U          19326.27569444  .00000000  00000-0  00000-0 0 00000
2 30206 097.7150 137.821  0018130 278.8990 277.5680 15.01352200000000
1 30206U          19326.61180556  .00000000  00000-0  00000-0 0 00000
2 30206 097.7140 138.152  0008890 135.5010 075.0190 14.92044700000000
1 30206U          19326.84375000  .00000000  00000-0  00000-0 0 00000
2 30206 097.7130 138.378  0014130 120.3930 255.6170 14.90934600000000
1 30206U          19327.27500000  .00000000  00000-0  00000-0 0 00000
2 30206 097.7130 138.806  0002810 165.8200 028.3570 15.06008700000000
1 30206U          19327.57986111  .00000000  00000-0  00000-0 0 00000
2 30206 097.7130 139.104  0006680 195.4810 200.8690 14.96644500000000
1 30206U          19327.87500000  .00000000  00000-0  00000-0 0 00000
2 30206 097.7090 139.395  0007880 215.6670 329.7670 14.94579600000000
1 30206U          19328.23194444  .00000000  00000-0  00000-0 0 00000
2 30206 097.7160 139.753  0007630 279.6300 035.2540 15.04908200000000
1 30206U          19328.53125000  .00000000  00000-0  00000-0 0 00000
2 30206 097.7120 140.050  0020190 327.5670 166.7690 15.04973200000000
1 30206U          19328.97361111  .00000000  00000-0  00000-0 0 00000
2 30206 097.7060 140.478  0019370 071.2880 293.7040 14.89255400000000
1 30206U          19329.23472222  .00000000  00000-0  00000-0 0 00000
2 30206 097.7130 140.738  0034659 032.8740 293.5830 14.98093800000000
1 30206U          19329.62500000  .00000000  00000-0  00000-0 0 00000
2 30206 097.7170 141.124  0015320 085.6680 195.3250 15.10042800000000
1 30206U          19329.93958333  .00000000  00000-0  00000-0 0 00000
2 30206 097.7050 141.430  0009730 297.9780 241.5790 14.90554500000000
1 30206U          19330.19861111  .00000000  00000-0  00000-0 0 00000
2 30206 097.7140 141.687  0007760 315.1750 177.2560 15.09459300000000
1 30206U          19330.57361111  .00000000  00000-0  00000-0 0 00000
2 30206 097.7050 142.056  0028230 263.9530 102.8780 15.00060300000000
1 30206U          19330.89513889  .00000000  00000-0  00000-0 0 00000
2 30206 097.7140 142.371  0049330 078.6830 214.3650 15.00541000000000
1 30206U          19331.26527778  .00000000  00000-0  00000-0 0 00000
2 30206 097.7120 142.738  0019430 033.6740 100.7310 15.04348300000000
1 30206U          19331.51527778  .00000000  00000-0  00000-0 0 00000
2 30206 097.7080 142.977  0010110 087.4530 319.1970 15.04450700000000
1 30206U          19331.89930556  .00000000  00000-0  00000-0 0 00000
2 30206 097.7080 143.364  0010839 073.1590 250.4100 15.03430200000000
1 30206U          19332.15069444  .00000000  00000-0  00000-0 0 00000
2 30206 097.7130 143.603  0006250 087.1210 155.8470 14.96340200000000
1 30206U          19332.51388889  .00000000  00000-0  00000-0 0 00000
2 30206 097.7040 143.958  0013500 186.2150 208.4240 14.93483600000000
1 30206U          19332.89583333  .00000000  00000-0  00000-0 0 00000
2 30206 097.7110 144.344  0019360 166.8490 135.0570 15.07404000000000
