1 31859U          19281.94236111  .00000000  00000-0  00000-0 0 00000
2 31859 097.7140 042.720  0000000 000.0000 220.0990 15.01920000000000
1 31859U          19282.35138889  .00000000  00000-0  00000-0 0 00000
2 31859 097.7150 043.123  0000000 000.0000 268.8490 15.01920000000000
1 31859U          19282.62569444  .00000000  00000-0  00000-0 0 00000
2 31859 097.7150 043.394  0000000 000.0000 310.1000 15.01920000000000
1 31859U          19283.03611111  .00000000  00000-0  00000-0 0 00000
2 31859 097.7150 043.798  0000000 000.0000 006.3500 15.01920000000000
1 31859U          19283.29652778  .00000000  00000-0  00000-0 0 00000
2 31859 097.7160 044.055  0000000 000.0000 332.6010 15.01920000000000
1 31859U          19283.72430556  .00000000  00000-0  00000-0 0 00000
2 31859 097.7160 044.477  0000000 000.0000 122.6010 15.01920000000000
1 31859U          19284.02291667  .00000000  00000-0  00000-0 0 00000
2 31859 097.7170 044.771  0000000 000.0000 295.1020 15.01920000000000
1 31859U          19284.25208333  .00000000  00000-0  00000-0 0 00000
2 31859 097.7170 044.997  0000000 000.0000 092.6020 15.01920000000000
1 31859U          19284.68333333  .00000000  00000-0  00000-0 0 00000
2 31859 097.7180 045.422  0000000 000.0000 261.3530 15.01920000000000
1 31859U          19285.03125000  .00000000  00000-0  00000-0 0 00000
2 31859 097.7180 045.765  0000000 000.0000 340.1030 15.01920000000000
1 31859U          19285.39930556  .00000000  00000-0  00000-0 0 00000
2 31859 097.7190 046.128  0000000 000.0000 167.6040 15.01920000000000
1 31859U          19285.73611111  .00000000  00000-0  00000-0 0 00000
2 31859 097.7190 046.460  0000000 000.0000 186.3540 15.01920000000000
1 31859U          19285.94305556  .00000000  00000-0  00000-0 0 00000
2 31859 097.7190 046.664  0000000 000.0000 223.8540 15.01920000000000
1 31859U          19286.32916667  .00000000  00000-0  00000-0 0 00000
2 31859 097.7200 047.045  0000000 000.0000 148.8550 15.01920000000000
1 31859U          19286.70347222  .00000000  00000-0  00000-0 0 00000
2 31859 097.7200 047.414  0000000 000.0000 010.1050 15.01920000000000
1 31859U          19287.00486111  .00000000  00000-0  00000-0 0 00000
2 31859 097.7210 047.711  0000000 000.0000 197.6060 15.01920000000000
1 31859U          19287.41458333  .00000000  00000-0  00000-0 0 00000
2 31859 097.7210 048.115  0000000 000.0000 250.1060 15.01920000000000
1 31859U          19287.58888889  .00000000  00000-0  00000-0 0 00000
2 31859 097.7210 048.287  0000000 000.0000 111.3570 15.01920000000000
1 31859U          19288.06666667  .00000000  00000-0  00000-0 0 00000
2 31859 097.7220 048.758  0000000 000.0000 171.3570 15.01920000000000
1 31859U          19288.36180556  .00000000  00000-0  00000-0 0 00000
2 31859 097.7220 049.048  0000000 000.0000 325.1080 15.01920000000000
1 31859U          19288.70763889  .00000000  00000-0  00000-0 0 00000
2 31859 097.7230 049.389  0000000 000.0000 032.6080 15.01920000000000
1 31859U          19288.95138889  .00000000  00000-0  00000-0 0 00000
2 31859 097.7230 049.630  0000000 000.0000 268.8590 15.01920000000000
1 31859U          19289.36736111  .00000000  00000-0  00000-0 0 00000
2 31859 097.7230 050.040  0000000 000.0000 355.1090 15.01920000000000
1 31859U          19289.73819444  .00000000  00000-0  00000-0 0 00000
2 31859 097.7240 050.405  0000000 000.0000 197.6100 15.01920000000000
1 31859U          19289.93750000  .00000000  00000-0  00000-0 0 00000
2 31859 097.7240 050.602  0000000 000.0000 193.8600 15.01920000000000
1 31859U          19290.37222222  .00000000  00000-0  00000-0 0 00000
2 31859 097.7250 051.030  0000000 000.0000 021.3610 15.01920000000000
1 31859U          19290.72638889  .00000000  00000-0  00000-0 0 00000
2 31859 097.7250 051.380  0000000 000.0000 133.8610 15.01920000000000
1 31859U          19290.97569444  .00000000  00000-0  00000-0 0 00000
2 31859 097.7250 051.625  0000000 000.0000 040.1120 15.01920000000000
1 31859U          19291.40763889  .00000000  00000-0  00000-0 0 00000
2 31859 097.7260 052.051  0000000 000.0000 212.6120 15.01920000000000
1 31859U          19291.65208333  .00000000  00000-0  00000-0 0 00000
2 31859 097.7260 052.292  0000000 000.0000 092.6130 15.01920000000000
1 31859U          19291.93541667  .00000000  00000-0  00000-0 0 00000
2 31859 097.7260 052.571  0000000 000.0000 182.6130 15.01920000000000
1 31859U          19292.33541667  .00000000  00000-0  00000-0 0 00000
2 31859 097.7270 052.966  0000000 000.0000 182.6140 15.01920000000000
1 31859U          19292.62152778  .00000000  00000-0  00000-0 0 00000
2 31859 097.7270 053.248  0000000 000.0000 287.6140 15.01920000000000
1 31859U          19293.05277778  .00000000  00000-0  00000-0 0 00000
2 31859 097.7280 053.673  0000000 000.0000 096.3650 15.01920000000000
1 31859U          19293.25902778  .00000000  00000-0  00000-0 0 00000
2 31859 097.7280 053.876  0000000 000.0000 130.1150 15.01920000000000
1 31859U          19293.58888889  .00000000  00000-0  00000-0 0 00000
2 31859 097.7280 054.201  0000000 000.0000 111.3660 15.01920000000000
1 31859U          19294.07986111  .00000000  00000-0  00000-0 0 00000
2 31859 097.7290 054.685  0000000 000.0000 242.6170 15.01920000000000
1 31859U          19294.28541667  .00000000  00000-0  00000-0 0 00000
2 31859 097.7290 054.888  0000000 000.0000 272.6170 15.01920000000000
1 31859U          19294.72638889  .00000000  00000-0  00000-0 0 00000
2 31859 097.7290 055.323  0000000 000.0000 133.8680 15.01920000000000
1 31859U          19295.06805556  .00000000  00000-0  00000-0 0 00000
2 31859 097.7300 055.660  0000000 000.0000 178.8680 15.01920000000000
1 31859U          19295.30277778  .00000000  00000-0  00000-0 0 00000
2 31859 097.7300 055.891  0000000 000.0000 006.3680 15.01920000000000
1 31859U          19295.73125000  .00000000  00000-0  00000-0 0 00000
2 31859 097.7300 056.313  0000000 000.0000 160.1190 15.01920000000000
1 31859U          19296.08263889  .00000000  00000-0  00000-0 0 00000
2 31859 097.7310 056.660  0000000 000.0000 257.6200 15.01920000000000
1 31859U          19296.28750000  .00000000  00000-0  00000-0 0 00000
2 31859 097.7310 056.862  0000000 000.0000 283.8700 15.01920000000000
1 31859U          19296.70763889  .00000000  00000-0  00000-0 0 00000
2 31859 097.7310 057.276  0000000 000.0000 032.6210 15.01920000000000
1 31859U          19297.02013889  .00000000  00000-0  00000-0 0 00000
2 31859 097.7320 057.584  0000000 000.0000 280.1210 15.01920000000000
1 31859U          19297.39861111  .00000000  00000-0  00000-0 0 00000
2 31859 097.7320 057.957  0000000 000.0000 163.8720 15.01920000000000
1 31859U          19297.74305556  .00000000  00000-0  00000-0 0 00000
2 31859 097.7320 058.297  0000000 000.0000 223.8720 15.01920000000000
1 31859U          19298.01666667  .00000000  00000-0  00000-0 0 00000
2 31859 097.7330 058.566  0000000 000.0000 261.3730 15.01920000000000
1 31859U          19298.30208333  .00000000  00000-0  00000-0 0 00000
2 31859 097.7330 058.848  0000000 000.0000 002.6230 15.01920000000000
1 31859U          19298.67638889  .00000000  00000-0  00000-0 0 00000
2 31859 097.7330 059.217  0000000 000.0000 223.8740 15.01920000000000
1 31859U          19298.92638889  .00000000  00000-0  00000-0 0 00000
2 31859 097.7340 059.463  0000000 000.0000 133.8740 15.01920000000000
1 31859U          19299.39861111  .00000000  00000-0  00000-0 0 00000
2 31859 097.7340 059.929  0000000 000.0000 163.8750 15.01920000000000
1 31859U          19299.73680556  .00000000  00000-0  00000-0 0 00000
2 31859 097.7340 060.262  0000000 000.0000 190.1260 15.01920000000000
1 31859U          19299.97083333  .00000000  00000-0  00000-0 0 00000
2 31859 097.7350 060.493  0000000 000.0000 013.8760 15.01920000000000
1 31859U          19300.41319444  .00000000  00000-0  00000-0 0 00000
2 31859 097.7350 060.929  0000000 000.0000 242.6270 15.01920000000000
1 31859U          19300.58888889  .00000000  00000-0  00000-0 0 00000
2 31859 097.7350 061.102  0000000 000.0000 111.3770 15.01920000000000
1 31859U          19300.92083333  .00000000  00000-0  00000-0 0 00000
2 31859 097.7350 061.429  0000000 000.0000 103.8780 15.01920000000000
1 31859U          19301.25972222  .00000000  00000-0  00000-0 0 00000
2 31859 097.7360 061.763  0000000 000.0000 133.8780 15.01920000000000
1 31859U          19301.61666667  .00000000  00000-0  00000-0 0 00000
2 31859 097.7360 062.115  0000000 000.0000 261.3790 15.01920000000000
1 31859U          19302.04444444  .00000000  00000-0  00000-0 0 00000
2 31859 097.7360 062.537  0000000 000.0000 051.3800 15.01920000000000
1 31859U          19302.31597222  .00000000  00000-0  00000-0 0 00000
2 31859 097.7370 062.805  0000000 000.0000 077.6300 15.01920000000000
1 31859U          19302.67152778  .00000000  00000-0  00000-0 0 00000
2 31859 097.7370 063.155  0000000 000.0000 197.6310 15.01920000000000
1 31859U          19302.95347222  .00000000  00000-0  00000-0 0 00000
2 31859 097.7370 063.433  0000000 000.0000 280.1310 15.01920000000000
1 31859U          19303.29236111  .00000000  00000-0  00000-0 0 00000
2 31859 097.7370 063.767  0000000 000.0000 310.1320 15.01920000000000
1 31859U          19303.62986111  .00000000  00000-0  00000-0 0 00000
2 31859 097.7380 064.100  0000000 000.0000 332.6320 15.01920000000000
1 31859U          19304.07569444  .00000000  00000-0  00000-0 0 00000
2 31859 097.7380 064.540  0000000 000.0000 220.1330 15.01920000000000
1 31859U          19304.25069444  .00000000  00000-0  00000-0 0 00000
2 31859 097.7380 064.712  0000000 000.0000 085.1330 15.01920000000000
1 31859U          19304.67500000  .00000000  00000-0  00000-0 0 00000
2 31859 097.7390 065.130  0000000 000.0000 216.3840 15.01920000000000
1 31859U          19305.04166667  .00000000  00000-0  00000-0 0 00000
2 31859 097.7390 065.492  0000000 000.0000 036.3850 15.01920000000000
1 31859U          19305.41041667  .00000000  00000-0  00000-0 0 00000
2 31859 097.7390 065.855  0000000 000.0000 227.6350 15.01920000000000
1 31859U          19305.65416667  .00000000  00000-0  00000-0 0 00000
2 31859 097.7390 066.096  0000000 000.0000 103.8860 15.01920000000000
1 31859U          19305.98333333  .00000000  00000-0  00000-0 0 00000
2 31859 097.7400 066.420  0000000 000.0000 081.3860 15.01920000000000
1 31859U          19306.29652778  .00000000  00000-0  00000-0 0 00000
2 31859 097.7400 066.729  0000000 000.0000 332.6370 15.01920000000000
1 31859U          19306.74444444  .00000000  00000-0  00000-0 0 00000
2 31859 097.7400 067.170  0000000 000.0000 231.3880 15.01920000000000
1 31859U          19306.96388889  .00000000  00000-0  00000-0 0 00000
2 31859 097.7400 067.387  0000000 000.0000 336.3880 15.01920000000000
1 31859U          19307.29652778  .00000000  00000-0  00000-0 0 00000
2 31859 097.7400 067.715  0000000 000.0000 332.6390 15.01920000000000
1 31859U          19307.60347222  .00000000  00000-0  00000-0 0 00000
2 31859 097.7410 068.017  0000000 000.0000 190.1390 15.01920000000000
1 31859U          19308.01666667  .00000000  00000-0  00000-0 0 00000
2 31859 097.7410 068.425  0000000 000.0000 261.3900 15.01920000000000
1 31859U          19308.28958333  .00000000  00000-0  00000-0 0 00000
2 31859 097.7410 068.694  0000000 000.0000 295.1410 15.01920000000000
1 31859U          19308.69791667  .00000000  00000-0  00000-0 0 00000
2 31859 097.7410 069.096  0000000 000.0000 340.1410 15.01920000000000
1 31859U          19309.03472222  .00000000  00000-0  00000-0 0 00000
2 31859 097.7420 069.428  0000000 000.0000 358.8920 15.01920000000000
1 31859U          19309.28611111  .00000000  00000-0  00000-0 0 00000
2 31859 097.7420 069.676  0000000 000.0000 276.3920 15.01920000000000
1 31859U          19309.69166667  .00000000  00000-0  00000-0 0 00000
2 31859 097.7420 070.076  0000000 000.0000 306.3930 15.01920000000000
1 31859U          19310.05972222  .00000000  00000-0  00000-0 0 00000
2 31859 097.7420 070.439  0000000 000.0000 133.8940 15.01920000000000
1 31859U          19310.37013889  .00000000  00000-0  00000-0 0 00000
2 31859 097.7420 070.745  0000000 000.0000 010.1440 15.01920000000000
1 31859U          19310.72777778  .00000000  00000-0  00000-0 0 00000
2 31859 097.7430 071.097  0000000 000.0000 141.3950 15.01920000000000
1 31859U          19310.93333333  .00000000  00000-0  00000-0 0 00000
2 31859 097.7430 071.300  0000000 000.0000 171.3950 15.01920000000000
1 31859U          19311.31319444  .00000000  00000-0  00000-0 0 00000
2 31859 097.7430 071.675  0000000 000.0000 062.6460 15.01920000000000
1 31859U          19311.72777778  .00000000  00000-0  00000-0 0 00000
2 31859 097.7430 072.083  0000000 000.0000 141.3970 15.01920000000000
1 31859U          19311.89583333  .00000000  00000-0  00000-0 0 00000
2 31859 097.7430 072.249  0000000 000.0000 328.8970 15.01914300000000
1 31859U          19312.23958333  .00000000  00000-0  00000-0 0 00000
2 31859 097.7440 072.588  0000000 000.0000 025.1480 15.01914300000000
1 31859U          19312.52708333  .00000000  00000-0  00000-0 0 00000
2 31859 097.7440 072.871  0000000 000.0000 137.6480 15.01914300000000
1 31859U          19312.90138889  .00000000  00000-0  00000-0 0 00000
2 31859 097.7440 073.240  0000000 000.0000 358.8990 15.01914300000000
1 31859U          19313.27708333  .00000000  00000-0  00000-0 0 00000
2 31859 097.7440 073.611  0000000 000.0000 227.6500 15.01914300000000
1 31859U          19313.62222222  .00000000  00000-0  00000-0 0 00000
2 31859 097.7440 073.951  0000000 000.0000 291.4000 15.01914300000000
1 31859U          19313.91736111  .00000000  00000-0  00000-0 0 00000
2 31859 097.7440 074.242  0000000 000.0000 085.1510 15.01914300000000
1 31859U          19314.30625000  .00000000  00000-0  00000-0 0 00000
2 31859 097.7450 074.625  0000000 000.0000 025.1520 15.01914300000000
1 31859U          19314.57083333  .00000000  00000-0  00000-0 0 00000
2 31859 097.7450 074.886  0000000 000.0000 013.9020 15.01914300000000
1 31859U          19314.93819444  .00000000  00000-0  00000-0 0 00000
2 31859 097.7450 075.248  0000000 000.0000 197.6530 15.01914300000000
1 31859U          19315.19652778  .00000000  00000-0  00000-0 0 00000
2 31859 097.7450 075.503  0000000 000.0000 152.6530 15.01914300000000
1 31859U          19315.56180556  .00000000  00000-0  00000-0 0 00000
2 31859 097.7450 075.863  0000000 000.0000 325.1540 15.01914300000000
1 31859U          19315.95208333  .00000000  00000-0  00000-0 0 00000
2 31859 097.7450 076.248  0000000 000.0000 272.6550 15.01914300000000
1 31859U          19316.24097222  .00000000  00000-0  00000-0 0 00000
2 31859 097.7450 076.533  0000000 000.0000 032.6550 15.01914300000000
1 31859U          19316.61805556  .00000000  00000-0  00000-0 0 00000
2 31859 097.7460 076.904  0000000 000.0000 268.9060 15.01914300000000
1 31859U          19316.91250000  .00000000  00000-0  00000-0 0 00000
2 31859 097.7460 077.195  0000000 000.0000 058.9060 15.01914300000000
1 31859U          19317.21250000  .00000000  00000-0  00000-0 0 00000
2 31859 097.7460 077.490  0000000 000.0000 238.9070 15.01914300000000
1 31859U          19317.56458333  .00000000  00000-0  00000-0 0 00000
2 31859 097.7460 077.838  0000000 000.0000 340.1580 15.01914300000000
1 31859U          19317.94513889  .00000000  00000-0  00000-0 0 00000
2 31859 097.7460 078.213  0000000 000.0000 235.1580 15.01914300000000
1 31859U          19318.20902778  .00000000  00000-0  00000-0 0 00000
2 31859 097.7460 078.473  0000000 000.0000 220.1590 15.01914300000000
1 31859U          19318.64236111  .00000000  00000-0  00000-0 0 00000
2 31859 097.7460 078.900  0000000 000.0000 040.1600 15.01914300000000
1 31859U          19318.89583333  .00000000  00000-0  00000-0 0 00000
2 31859 097.7460 079.150  0000000 000.0000 328.9100 15.01914300000000
1 31859U          19318.89583333  .00000000  00000-0  00000-0 0 00000
2 31859 097.7460 079.150  0000000 000.0000 328.9100 15.01914300000000
1 31859U          19319.25347222  .00000000  00000-0  00000-0 0 00000
2 31859 097.7470 079.503  0000000 000.0000 100.1610 15.01914300000000
1 31859U          19319.56944444  .00000000  00000-0  00000-0 0 00000
2 31859 097.7470 079.814  0000000 000.0000 006.4110 15.01914300000000
1 31859U          19319.91944444  .00000000  00000-0  00000-0 0 00000
2 31859 097.7470 080.159  0000000 000.0000 096.4120 15.01914300000000
1 31859U          19320.16527778  .00000000  00000-0  00000-0 0 00000
2 31859 097.7470 080.401  0000000 000.0000 343.9130 15.01914300000000
1 31859U          19320.55486111  .00000000  00000-0  00000-0 0 00000
2 31859 097.7470 080.785  0000000 000.0000 287.6630 15.01914300000000
1 31859U          19320.87986111  .00000000  00000-0  00000-0 0 00000
2 31859 097.7470 081.106  0000000 000.0000 242.6640 15.01914300000000
1 31859U          19321.22708333  .00000000  00000-0  00000-0 0 00000
2 31859 097.7470 081.448  0000000 000.0000 317.6650 15.01914300000000
1 31859U          19321.61111111  .00000000  00000-0  00000-0 0 00000
2 31859 097.7470 081.827  0000000 000.0000 231.4150 15.01914300000000
1 31859U          19321.93194444  .00000000  00000-0  00000-0 0 00000
2 31859 097.7470 082.143  0000000 000.0000 163.9160 15.01914300000000
1 31859U          19322.17777778  .00000000  00000-0  00000-0 0 00000
2 31859 097.7470 082.385  0000000 000.0000 051.4160 15.01914300000000
1 31859U          19322.52916667  .00000000  00000-0  00000-0 0 00000
2 31859 097.7470 082.732  0000000 000.0000 148.9170 15.01914300000000
1 31859U          19322.81805556  .00000000  00000-0  00000-0 0 00000
2 31859 097.7480 083.017  0000000 000.0000 268.9180 15.01914300000000
1 31859U          19323.21805556  .00000000  00000-0  00000-0 0 00000
2 31859 097.7480 083.411  0000000 000.0000 268.9180 15.01914300000000
1 31859U          19323.54583333  .00000000  00000-0  00000-0 0 00000
2 31859 097.7480 083.734  0000000 000.0000 238.9190 15.01914300000000
1 31859U          19323.97569444  .00000000  00000-0  00000-0 0 00000
2 31859 097.7480 084.158  0000000 000.0000 040.1700 15.01914300000000
1 31859U          19324.27986111  .00000000  00000-0  00000-0 0 00000
2 31859 097.7480 084.458  0000000 000.0000 242.6700 15.01914300000000
1 31859U          19324.57986111  .00000000  00000-0  00000-0 0 00000
2 31859 097.7480 084.754  0000000 000.0000 062.6710 15.01914300000000
1 31859U          19324.83402778  .00000000  00000-0  00000-0 0 00000
2 31859 097.7480 085.004  0000000 000.0000 355.1710 15.01914300000000
1 31859U          19325.17777778  .00000000  00000-0  00000-0 0 00000
2 31859 097.7480 085.343  0000000 000.0000 051.4220 15.01914300000000
1 31859U          19325.59930556  .00000000  00000-0  00000-0 0 00000
2 31859 097.7480 085.759  0000000 000.0000 167.6730 15.01914300000000
1 31859U          19325.89583333  .00000000  00000-0  00000-0 0 00000
2 31859 097.7480 086.051  0000000 000.0000 328.9230 15.01914300000000
1 31859U          19325.89583333  .00000000  00000-0  00000-0 0 00000
2 31859 097.7480 086.051  0000000 000.0000 328.9230 15.01914300000000
1 31859U          19326.17500000  .00000000  00000-0  00000-0 0 00000
2 31859 097.7510 086.192  1986330 074.2110 287.5200 10.77359400000000
1 31859U          19326.48333333  .00000000  00000-0  00000-0 0 00000
2 31859 097.7530 086.353  1988530 073.5160 044.1950 10.78518100000000
1 31859U          19326.94791667  .00000000  00000-0  00000-0 0 00000
2 31859 097.7530 086.582  1989110 072.7630 047.0900 10.78318700000000
1 31859U          19327.28125000  .00000000  00000-0  00000-0 0 00000
2 31859 097.7520 086.737  1987400 072.5310 260.3850 10.78472200000000
1 31859U          19327.63333333  .00000000  00000-0  00000-0 0 00000
2 31859 097.7570 086.909  1995420 071.7880 186.9030 10.78973800000000
1 31859U          19327.92083333  .00000000  00000-0  00000-0 0 00000
2 31859 097.7550 087.052  1994100 071.4590 222.4370 10.79094500000000
1 31859U          19328.19166667  .00000000  00000-0  00000-0 0 00000
2 31859 097.7570 087.185  1995660 070.8870 193.6060 10.79021400000000
1 31859U          19328.54583333  .00000000  00000-0  00000-0 0 00000
2 31859 097.7530 087.361  1987539 070.1860 128.1330 10.77920500000000
1 31859U          19328.88958333  .00000000  00000-0  00000-0 0 00000
2 31859 097.7570 087.534  1974920 069.3960 022.2980 10.81047700000000
1 31859U          19329.20763889  .00000000  00000-0  00000-0 0 00000
2 31859 097.7560 087.685  1994240 069.1060 176.3960 10.78802300000000
1 31859U          19329.63750000  .00000000  00000-0  00000-0 0 00000
2 31859 097.7570 087.906  1987510 068.1860 044.6860 10.78843300000000
1 31859U          19329.87986111  .00000000  00000-0  00000-0 0 00000
2 31859 097.7530 088.017  1986970 068.1650 264.8760 10.78508300000000
1 31859U          19330.18125000  .00000000  00000-0  00000-0 0 00000
2 31859 097.7570 088.162  1976860 067.6850 354.5290 10.80147600000000
1 31859U          19330.58819444  .00000000  00000-0  00000-0 0 00000
2 31859 097.7550 088.367  1987800 066.7550 133.9810 10.77951500000000
1 31859U          19330.81666667  .00000000  00000-0  00000-0 0 00000
2 31859 097.7510 088.476  1987220 066.3720 300.6000 10.77048700000000
1 31859U          19331.18333333  .00000000  00000-0  00000-0 0 00000
2 31859 097.7540 088.659  1985390 065.8750 283.4020 10.77889600000000
1 31859U          19331.54027778  .00000000  00000-0  00000-0 0 00000
2 31859 097.7580 088.834  1993929 065.3980 228.4930 10.79156600000000
1 31859U          19331.87847222  .00000000  00000-0  00000-0 0 00000
2 31859 097.7510 089.006  1986480 064.6990 101.0550 10.77241700000000
1 31859U          19332.20486111  .00000000  00000-0  00000-0 0 00000
2 31859 097.7540 089.162  1985339 064.1380 287.6930 10.77760800000000
1 31859U          19332.57500000  .00000000  00000-0  00000-0 0 00000
2 31859 097.7540 089.344  1985250 063.5380 284.0690 10.77962600000000
1 31859U          19332.89583333  .00000000  00000-0  00000-0 0 00000
2 31859 097.7520 089.509  1987829 063.0050 089.1220 10.77153400000000
