1 36829U          19281.99930556  .00000000  00000-0  00000-0 0 00000
2 36829 097.7140 042.776  0000000 000.0000 119.5990 15.01920000000000
1 36829U          19282.26111111  .00000000  00000-0  00000-0 0 00000
2 36829 097.7140 043.034  0000000 000.0000 093.3490 15.01920000000000
1 36829U          19282.63263889  .00000000  00000-0  00000-0 0 00000
2 36829 097.7150 043.401  0000000 000.0000 299.6000 15.01920000000000
1 36829U          19283.07500000  .00000000  00000-0  00000-0 0 00000
2 36829 097.7160 043.837  0000000 000.0000 168.3500 15.01920000000000
1 36829U          19283.33888889  .00000000  00000-0  00000-0 0 00000
2 36829 097.7160 044.097  0000000 000.0000 153.3510 15.01920000000000
1 36829U          19283.62291667  .00000000  00000-0  00000-0 0 00000
2 36829 097.7160 044.377  0000000 000.0000 247.1010 15.01920000000000
1 36829U          19283.99652778  .00000000  00000-0  00000-0 0 00000
2 36829 097.7170 044.745  0000000 000.0000 104.6020 15.01920000000000
1 36829U          19284.39444444  .00000000  00000-0  00000-0 0 00000
2 36829 097.7170 045.137  0000000 000.0000 093.3520 15.01920000000000
1 36829U          19284.72430556  .00000000  00000-0  00000-0 0 00000
2 36829 097.7180 045.463  0000000 000.0000 074.6030 15.01920000000000
1 36829U          19285.06388889  .00000000  00000-0  00000-0 0 00000
2 36829 097.7180 045.797  0000000 000.0000 108.3530 15.01920000000000
1 36829U          19285.28333333  .00000000  00000-0  00000-0 0 00000
2 36829 097.7180 046.014  0000000 000.0000 213.3530 15.01920000000000
1 36829U          19285.72361111  .00000000  00000-0  00000-0 0 00000
2 36829 097.7190 046.448  0000000 000.0000 070.8540 15.01920000000000
1 36829U          19286.07708333  .00000000  00000-0  00000-0 0 00000
2 36829 097.7190 046.796  0000000 000.0000 179.6050 15.01920000000000
1 36829U          19286.26597222  .00000000  00000-0  00000-0 0 00000
2 36829 097.7200 046.982  0000000 000.0000 119.6050 15.01920000000000
1 36829U          19286.62152778  .00000000  00000-0  00000-0 0 00000
2 36829 097.7200 047.333  0000000 000.0000 239.6050 15.01920000000000
1 36829U          19286.91666667  .00000000  00000-0  00000-0 0 00000
2 36829 097.7200 047.624  0000000 000.0000 033.3560 15.01920000000000
1 36829U          19287.29861111  .00000000  00000-0  00000-0 0 00000
2 36829 097.7210 048.000  0000000 000.0000 295.8560 15.01920000000000
1 36829U          19287.71666667  .00000000  00000-0  00000-0 0 00000
2 36829 097.7210 048.413  0000000 000.0000 033.3570 15.01920000000000
1 36829U          19287.99930556  .00000000  00000-0  00000-0 0 00000
2 36829 097.7220 048.691  0000000 000.0000 119.6070 15.01920000000000
1 36829U          19288.32291667  .00000000  00000-0  00000-0 0 00000
2 36829 097.7220 049.010  0000000 000.0000 067.1080 15.01920000000000
1 36829U          19288.62569444  .00000000  00000-0  00000-0 0 00000
2 36829 097.7230 049.309  0000000 000.0000 262.1080 15.01920000000000
1 36829U          19288.94097222  .00000000  00000-0  00000-0 0 00000
2 36829 097.7230 049.619  0000000 000.0000 164.6090 15.01920000000000
1 36829U          19289.36180556  .00000000  00000-0  00000-0 0 00000
2 36829 097.7230 050.034  0000000 000.0000 277.1090 15.01920000000000
1 36829U          19289.73958333  .00000000  00000-0  00000-0 0 00000
2 36829 097.7240 050.407  0000000 000.0000 157.1100 15.01920000000000
1 36829U          19290.04930556  .00000000  00000-0  00000-0 0 00000
2 36829 097.7240 050.712  0000000 000.0000 029.6100 15.01920000000000
1 36829U          19290.39861111  .00000000  00000-0  00000-0 0 00000
2 36829 097.7250 051.056  0000000 000.0000 115.8610 15.01920000000000
1 36829U          19290.62291667  .00000000  00000-0  00000-0 0 00000
2 36829 097.7250 051.277  0000000 000.0000 247.1110 15.01920000000000
1 36829U          19290.99583333  .00000000  00000-0  00000-0 0 00000
2 36829 097.7250 051.645  0000000 000.0000 100.8620 15.01920000000000
1 36829U          19291.34375000  .00000000  00000-0  00000-0 0 00000
2 36829 097.7260 051.988  0000000 000.0000 179.6120 15.01920000000000
1 36829U          19291.60694444  .00000000  00000-0  00000-0 0 00000
2 36829 097.7260 052.248  0000000 000.0000 160.8630 15.01920000000000
1 36829U          19291.97430556  .00000000  00000-0  00000-0 0 00000
2 36829 097.7260 052.610  0000000 000.0000 344.6130 15.01920000000000
1 36829U          19292.34305556  .00000000  00000-0  00000-0 0 00000
2 36829 097.7270 052.973  0000000 000.0000 175.8640 15.01920000000000
1 36829U          19292.59652778  .00000000  00000-0  00000-0 0 00000
2 36829 097.7270 053.223  0000000 000.0000 104.6140 15.01920000000000
1 36829U          19293.07916667  .00000000  00000-0  00000-0 0 00000
2 36829 097.7280 053.699  0000000 000.0000 190.8650 15.01920000000000
1 36829U          19293.34166667  .00000000  00000-0  00000-0 0 00000
2 36829 097.7280 053.958  0000000 000.0000 168.3650 15.01920000000000
1 36829U          19293.64930556  .00000000  00000-0  00000-0 0 00000
2 36829 097.7280 054.261  0000000 000.0000 029.6160 15.01920000000000
1 36829U          19293.91736111  .00000000  00000-0  00000-0 0 00000
2 36829 097.7290 054.525  0000000 000.0000 037.1160 15.01920000000000
1 36829U          19294.35694444  .00000000  00000-0  00000-0 0 00000
2 36829 097.7290 054.959  0000000 000.0000 250.8670 15.01920000000000
1 36829U          19294.71250000  .00000000  00000-0  00000-0 0 00000
2 36829 097.7290 055.309  0000000 000.0000 010.8680 15.01920000000000
1 36829U          19294.93125000  .00000000  00000-0  00000-0 0 00000
2 36829 097.7300 055.525  0000000 000.0000 112.1180 15.01920000000000
1 36829U          19295.26250000  .00000000  00000-0  00000-0 0 00000
2 36829 097.7300 055.851  0000000 000.0000 100.8680 15.01920000000000
1 36829U          19295.73125000  .00000000  00000-0  00000-0 0 00000
2 36829 097.7300 056.313  0000000 000.0000 112.1190 15.01920000000000
1 36829U          19296.00763889  .00000000  00000-0  00000-0 0 00000
2 36829 097.7310 056.586  0000000 000.0000 164.6200 15.01920000000000
1 36829U          19296.34166667  .00000000  00000-0  00000-0 0 00000
2 36829 097.7310 056.915  0000000 000.0000 168.3700 15.01920000000000
1 36829U          19296.61805556  .00000000  00000-0  00000-0 0 00000
2 36829 097.7310 057.188  0000000 000.0000 220.8710 15.01920000000000
1 36829U          19296.97013889  .00000000  00000-0  00000-0 0 00000
2 36829 097.7320 057.535  0000000 000.0000 322.1210 15.01920000000000
1 36829U          19297.26250000  .00000000  00000-0  00000-0 0 00000
2 36829 097.7320 057.823  0000000 000.0000 100.8720 15.01920000000000
1 36829U          19297.72361111  .00000000  00000-0  00000-0 0 00000
2 36829 097.7320 058.277  0000000 000.0000 070.8720 15.01920000000000
1 36829U          19297.98055556  .00000000  00000-0  00000-0 0 00000
2 36829 097.7330 058.531  0000000 000.0000 018.3730 15.01920000000000
1 36829U          19298.33888889  .00000000  00000-0  00000-0 0 00000
2 36829 097.7330 058.884  0000000 000.0000 153.3730 15.01920000000000
1 36829U          19298.67569444  .00000000  00000-0  00000-0 0 00000
2 36829 097.7330 059.216  0000000 000.0000 172.1240 15.01920000000000
1 36829U          19299.05972222  .00000000  00000-0  00000-0 0 00000
2 36829 097.7340 059.595  0000000 000.0000 085.8750 15.01920000000000
1 36829U          19299.34652778  .00000000  00000-0  00000-0 0 00000
2 36829 097.7340 059.877  0000000 000.0000 194.6250 15.01920000000000
1 36829U          19299.66944444  .00000000  00000-0  00000-0 0 00000
2 36829 097.7340 060.196  0000000 000.0000 138.3760 15.01920000000000
1 36829U          19300.08055556  .00000000  00000-0  00000-0 0 00000
2 36829 097.7350 060.601  0000000 000.0000 198.3760 15.01920000000000
1 36829U          19300.29444444  .00000000  00000-0  00000-0 0 00000
2 36829 097.7350 060.812  0000000 000.0000 273.3770 15.01920000000000
1 36829U          19300.61597222  .00000000  00000-0  00000-0 0 00000
2 36829 097.7350 061.129  0000000 000.0000 209.6270 15.01920000000000
1 36829U          19300.95347222  .00000000  00000-0  00000-0 0 00000
2 36829 097.7350 061.462  0000000 000.0000 232.1280 15.01920000000000
1 36829U          19301.38541667  .00000000  00000-0  00000-0 0 00000
2 36829 097.7360 061.887  0000000 000.0000 044.6290 15.01920000000000
1 36829U          19301.72708333  .00000000  00000-0  00000-0 0 00000
2 36829 097.7360 062.224  0000000 000.0000 089.6290 15.01920000000000
1 36829U          19301.94305556  .00000000  00000-0  00000-0 0 00000
2 36829 097.7360 062.437  0000000 000.0000 175.8790 15.01920000000000
1 36829U          19302.26666667  .00000000  00000-0  00000-0 0 00000
2 36829 097.7370 062.756  0000000 000.0000 123.3800 15.01920000000000
1 36829U          19302.71180556  .00000000  00000-0  00000-0 0 00000
2 36829 097.7370 063.195  0000000 000.0000 007.1310 15.01920000000000
1 36829U          19302.93611111  .00000000  00000-0  00000-0 0 00000
2 36829 097.7370 063.416  0000000 000.0000 138.3810 15.01920000000000
1 36829U          19303.38888889  .00000000  00000-0  00000-0 0 00000
2 36829 097.7370 063.862  0000000 000.0000 063.3820 15.01920000000000
1 36829U          19303.70208333  .00000000  00000-0  00000-0 0 00000
2 36829 097.7380 064.171  0000000 000.0000 314.6330 15.01920000000000
1 36829U          19304.00000000  .00000000  00000-0  00000-0 0 00000
2 36829 097.7380 064.465  0000000 000.0000 123.3830 15.01920000000000
1 36829U          19304.30138889  .00000000  00000-0  00000-0 0 00000
2 36829 097.7380 064.762  0000000 000.0000 310.8840 15.01920000000000
1 36829U          19304.60833333  .00000000  00000-0  00000-0 0 00000
2 36829 097.7380 065.065  0000000 000.0000 168.3840 15.01920000000000
1 36829U          19305.05555556  .00000000  00000-0  00000-0 0 00000
2 36829 097.7390 065.506  0000000 000.0000 063.3850 15.01920000000000
1 36829U          19305.34444444  .00000000  00000-0  00000-0 0 00000
2 36829 097.7390 065.790  0000000 000.0000 183.3850 15.01920000000000
1 36829U          19305.58819444  .00000000  00000-0  00000-0 0 00000
2 36829 097.7390 066.031  0000000 000.0000 059.6360 15.01920000000000
1 36829U          19306.00138889  .00000000  00000-0  00000-0 0 00000
2 36829 097.7400 066.438  0000000 000.0000 130.8870 15.01920000000000
1 36829U          19306.30486111  .00000000  00000-0  00000-0 0 00000
2 36829 097.7400 066.737  0000000 000.0000 329.6370 15.01920000000000
1 36829U          19306.63125000  .00000000  00000-0  00000-0 0 00000
2 36829 097.7400 067.059  0000000 000.0000 292.1380 15.01920000000000
1 36829U          19307.05833333  .00000000  00000-0  00000-0 0 00000
2 36829 097.7400 067.480  0000000 000.0000 078.3880 15.01920000000000
1 36829U          19307.29027778  .00000000  00000-0  00000-0 0 00000
2 36829 097.7400 067.709  0000000 000.0000 250.8890 15.01920000000000
1 36829U          19307.68819444  .00000000  00000-0  00000-0 0 00000
2 36829 097.7410 068.101  0000000 000.0000 239.6400 15.01920000000000
1 36829U          19307.96250000  .00000000  00000-0  00000-0 0 00000
2 36829 097.7410 068.371  0000000 000.0000 280.8900 15.01920000000000
1 36829U          19308.26944444  .00000000  00000-0  00000-0 0 00000
2 36829 097.7410 068.674  0000000 000.0000 138.3910 15.01920000000000
1 36829U          19308.72708333  .00000000  00000-0  00000-0 0 00000
2 36829 097.7410 069.125  0000000 000.0000 089.6410 15.01920000000000
1 36829U          19308.99444444  .00000000  00000-0  00000-0 0 00000
2 36829 097.7420 069.389  0000000 000.0000 093.3920 15.01920000000000
1 36829U          19309.31736111  .00000000  00000-0  00000-0 0 00000
2 36829 097.7420 069.707  0000000 000.0000 037.1420 15.01920000000000
1 36829U          19309.66388889  .00000000  00000-0  00000-0 0 00000
2 36829 097.7420 070.049  0000000 000.0000 108.3930 15.01920000000000
1 36829U          19309.93055556  .00000000  00000-0  00000-0 0 00000
2 36829 097.7420 070.311  0000000 000.0000 108.3940 15.01920000000000
1 36829U          19310.35625000  .00000000  00000-0  00000-0 0 00000
2 36829 097.7420 070.731  0000000 000.0000 247.1440 15.01920000000000
1 36829U          19310.60000000  .00000000  00000-0  00000-0 0 00000
2 36829 097.7430 070.971  0000000 000.0000 123.3950 15.01920000000000
1 36829U          19310.95972222  .00000000  00000-0  00000-0 0 00000
2 36829 097.7430 071.326  0000000 000.0000 265.8950 15.01920000000000
1 36829U          19311.34444444  .00000000  00000-0  00000-0 0 00000
2 36829 097.7430 071.705  0000000 000.0000 183.3960 15.01920000000000
1 36829U          19311.73402778  .00000000  00000-0  00000-0 0 00000
2 36829 097.7430 072.089  0000000 000.0000 127.1470 15.01920000000000
1 36829U          19311.89583333  .00000000  00000-0  00000-0 0 00000
2 36829 097.7430 072.249  0000000 000.0000 280.8970 15.01914300000000
1 36829U          19312.23055556  .00000000  00000-0  00000-0 0 00000
2 36829 097.7440 072.579  0000000 000.0000 288.3980 15.01914300000000
1 36829U          19312.59652778  .00000000  00000-0  00000-0 0 00000
2 36829 097.7440 072.940  0000000 000.0000 104.6480 15.01914300000000
1 36829U          19312.95625000  .00000000  00000-0  00000-0 0 00000
2 36829 097.7440 073.294  0000000 000.0000 247.1490 15.01914300000000
1 36829U          19313.24861111  .00000000  00000-0  00000-0 0 00000
2 36829 097.7440 073.583  0000000 000.0000 025.9000 15.01914300000000
1 36829U          19313.50694444  .00000000  00000-0  00000-0 0 00000
2 36829 097.7440 073.837  0000000 000.0000 340.9000 15.01914300000000
1 36829U          19313.94652778  .00000000  00000-0  00000-0 0 00000
2 36829 097.7440 074.271  0000000 000.0000 194.6510 15.01914300000000
1 36829U          19314.16180556  .00000000  00000-0  00000-0 0 00000
2 36829 097.7440 074.483  0000000 000.0000 277.1510 15.01914300000000
1 36829U          19314.53333333  .00000000  00000-0  00000-0 0 00000
2 36829 097.7450 074.849  0000000 000.0000 123.4020 15.01914300000000
1 36829U          19314.93333333  .00000000  00000-0  00000-0 0 00000
2 36829 097.7450 075.243  0000000 000.0000 123.4030 15.01914300000000
1 36829U          19315.20625000  .00000000  00000-0  00000-0 0 00000
2 36829 097.7450 075.513  0000000 000.0000 157.1530 15.01914300000000
1 36829U          19315.64375000  .00000000  00000-0  00000-0 0 00000
2 36829 097.7450 075.944  0000000 000.0000 359.6540 15.01914300000000
1 36829U          19315.82847222  .00000000  00000-0  00000-0 0 00000
2 36829 097.7450 076.126  0000000 000.0000 277.1540 15.01914300000000
1 36829U          19316.30416667  .00000000  00000-0  00000-0 0 00000
2 36829 097.7450 076.595  0000000 000.0000 325.9050 15.01914300000000
1 36829U          19316.54861111  .00000000  00000-0  00000-0 0 00000
2 36829 097.7460 076.836  0000000 000.0000 205.9060 15.01914300000000
1 36829U          19316.97777778  .00000000  00000-0  00000-0 0 00000
2 36829 097.7460 077.259  0000000 000.0000 003.4070 15.01914300000000
1 36829U          19317.18611111  .00000000  00000-0  00000-0 0 00000
2 36829 097.7460 077.464  0000000 000.0000 048.4070 15.01914300000000
1 36829U          19317.61736111  .00000000  00000-0  00000-0 0 00000
2 36829 097.7460 077.890  0000000 000.0000 217.1580 15.01914300000000
1 36829U          19317.83680556  .00000000  00000-0  00000-0 0 00000
2 36829 097.7460 078.106  0000000 000.0000 322.1580 15.01914300000000
1 36829U          19318.20277778  .00000000  00000-0  00000-0 0 00000
2 36829 097.7460 078.467  0000000 000.0000 138.4090 15.01914300000000
1 36829U          19318.50972222  .00000000  00000-0  00000-0 0 00000
2 36829 097.7460 078.769  0000000 000.0000 355.9090 15.01914300000000
1 36829U          19318.89166667  .00000000  00000-0  00000-0 0 00000
2 36829 097.7460 079.146  0000000 000.0000 258.4100 15.01914300000000
1 36829U          19318.94166667  .00000000  00000-0  00000-0 0 00000
2 36829 097.7460 079.195  0000000 000.0000 168.4100 15.01914300000000
1 36829U          19319.27083333  .00000000  00000-0  00000-0 0 00000
2 36829 097.7470 079.520  0000000 000.0000 145.9110 15.01914300000000
1 36829U          19319.48541667  .00000000  00000-0  00000-0 0 00000
2 36829 097.7470 079.731  0000000 000.0000 224.6610 15.01914300000000
1 36829U          19319.96319444  .00000000  00000-0  00000-0 0 00000
2 36829 097.7470 080.202  0000000 000.0000 284.6620 15.01914300000000
1 36829U          19320.24305556  .00000000  00000-0  00000-0 0 00000
2 36829 097.7470 080.478  0000000 000.0000 355.9130 15.01914300000000
1 36829U          19320.54027778  .00000000  00000-0  00000-0 0 00000
2 36829 097.7470 080.771  0000000 000.0000 160.9130 15.01914300000000
1 36829U          19320.94791667  .00000000  00000-0  00000-0 0 00000
2 36829 097.7470 081.173  0000000 000.0000 202.1640 15.01914300000000
1 36829U          19321.17847222  .00000000  00000-0  00000-0 0 00000
2 36829 097.7470 081.400  0000000 000.0000 007.1640 15.01914300000000
1 36829U          19321.52777778  .00000000  00000-0  00000-0 0 00000
2 36829 097.7470 081.745  0000000 000.0000 093.4150 15.01914300000000
1 36829U          19321.88888889  .00000000  00000-0  00000-0 0 00000
2 36829 097.7470 082.101  0000000 000.0000 243.4160 15.01914300000000
1 36829U          19322.22013889  .00000000  00000-0  00000-0 0 00000
2 36829 097.7470 082.427  0000000 000.0000 232.1660 15.01914300000000
1 36829U          19322.52361111  .00000000  00000-0  00000-0 0 00000
2 36829 097.7470 082.726  0000000 000.0000 070.9170 15.01914300000000
1 36829U          19322.86875000  .00000000  00000-0  00000-0 0 00000
2 36829 097.7480 083.067  0000000 000.0000 134.6680 15.01914300000000
1 36829U          19323.17291667  .00000000  00000-0  00000-0 0 00000
2 36829 097.7480 083.367  0000000 000.0000 337.1680 15.01914300000000
1 36829U          19323.57430556  .00000000  00000-0  00000-0 0 00000
2 36829 097.7480 083.762  0000000 000.0000 344.6690 15.01914300000000
1 36829U          19323.93402778  .00000000  00000-0  00000-0 0 00000
2 36829 097.7480 084.117  0000000 000.0000 127.1700 15.01914300000000
1 36829U          19324.20555556  .00000000  00000-0  00000-0 0 00000
2 36829 097.7480 084.385  0000000 000.0000 153.4200 15.01914300000000
1 36829U          19324.57986111  .00000000  00000-0  00000-0 0 00000
2 36829 097.7480 084.754  0000000 000.0000 014.6710 15.01914300000000
1 36829U          19324.97361111  .00000000  00000-0  00000-0 0 00000
2 36829 097.7480 085.142  0000000 000.0000 340.9220 15.01914300000000
1 36829U          19325.26875000  .00000000  00000-0  00000-0 0 00000
2 36829 097.7480 085.433  0000000 000.0000 134.6720 15.01914300000000
1 36829U          19325.53958333  .00000000  00000-0  00000-0 0 00000
2 36829 097.7480 085.700  0000000 000.0000 157.1730 15.01914300000000
1 36829U          19325.89583333  .00000000  00000-0  00000-0 0 00000
2 36829 097.7480 086.051  0000000 000.0000 280.9230 15.01914300000000
1 36829U          19325.92430556  .00000000  00000-0  00000-0 0 00000
2 36829 097.7490 086.074  0031070 267.0260 167.4110 15.01655400000000
1 36829U          19326.27013889  .00000000  00000-0  00000-0 0 00000
2 36829 097.7460 086.267  1993140 280.1460 111.6620 10.76748000000000
1 36829U          19326.53819444  .00000000  00000-0  00000-0 0 00000
2 36829 097.7430 086.403  1991590 279.9130 069.9540 10.75307200000000
1 36829U          19326.82083333  .00000000  00000-0  00000-0 0 00000
2 36829 097.7430 086.539  1990460 279.3440 085.0910 10.75859600000000
1 36829U          19327.29375000  .00000000  00000-0  00000-0 0 00000
2 36829 097.7470 086.771  1993929 278.4080 117.4670 10.76820700000000
1 36829U          19327.52430556  .00000000  00000-0  00000-0 0 00000
2 36829 097.7440 086.879  1993540 278.1090 290.6280 10.75185800000000
1 36829U          19327.82291667  .00000000  00000-0  00000-0 0 00000
2 36829 097.7490 087.034  1977920 277.4970 007.5890 10.79181400000000
1 36829U          19328.27222222  .00000000  00000-0  00000-0 0 00000
2 36829 097.7440 087.244  1995200 276.9430 308.2220 10.75573800000000
1 36829U          19328.57777778  .00000000  00000-0  00000-0 0 00000
2 36829 097.7440 087.408  1995150 276.4380 051.9460 10.75049600000000
1 36829U          19328.91250000  .00000000  00000-0  00000-0 0 00000
2 36829 097.7440 087.563  1990810 275.7950 268.8710 10.75588500000000
1 36829U          19329.18263889  .00000000  00000-0  00000-0 0 00000
2 36829 097.7480 087.698  1993200 275.4740 235.3280 10.76519000000000
1 36829U          19329.56527778  .00000000  00000-0  00000-0 0 00000
2 36829 097.7450 087.884  1991390 274.6590 277.9850 10.75366200000000
1 36829U          19329.85902778  .00000000  00000-0  00000-0 0 00000
2 36829 097.7490 088.025  1985270 274.4920 335.7840 10.78103600000000
1 36829U          19330.27986111  .00000000  00000-0  00000-0 0 00000
2 36829 097.7510 088.239  2000080 273.4480 166.5120 10.77260600000000
1 36829U          19330.49930556  .00000000  00000-0  00000-0 0 00000
2 36829 097.7450 088.342  1994100 273.0710 296.7400 10.75137500000000
1 36829U          19330.93125000  .00000000  00000-0  00000-0 0 00000
2 36829 097.7510 088.559  2000290 272.3560 170.1890 10.77259600000000
1 36829U          19331.27638889  .00000000  00000-0  00000-0 0 00000
2 36829 097.7440 088.734  1992950 271.8940 067.2340 10.75132200000000
1 36829U          19331.56805556  .00000000  00000-0  00000-0 0 00000
2 36829 097.7490 088.873  1993120 271.1990 117.4780 10.76576000000000
1 36829U          19331.81597222  .00000000  00000-0  00000-0 0 00000
2 36829 097.7520 088.994  1974840 270.9380 357.8160 10.79788300000000
1 36829U          19332.19305556  .00000000  00000-0  00000-0 0 00000
2 36829 097.7520 089.185  1983190 269.9990 019.0050 10.78402800000000
1 36829U          19332.48819444  .00000000  00000-0  00000-0 0 00000
2 36829 097.7460 089.329  1991130 269.8080 082.2070 10.75463100000000
1 36829U          19332.89583333  .00000000  00000-0  00000-0 0 00000
2 36829 097.7490 089.525  1996870 269.2060 221.4260 10.76979500000000
