1 45268U          19281.94375000  .00000000  00000-0  00000-0 0 00000
2 45268 097.7410 068.441  0000000 000.0000 159.0680 15.01920000000000
1 45268U          19282.36527778  .00000000  00000-0  00000-0 0 00000
2 45268 097.7410 068.857  0000000 000.0000 275.3180 15.01920000000000
1 45268U          19282.73194444  .00000000  00000-0  00000-0 0 00000
2 45268 097.7410 069.218  0000000 000.0000 095.3190 15.01920000000000
1 45268U          19282.91944444  .00000000  00000-0  00000-0 0 00000
2 45268 097.7420 069.403  0000000 000.0000 027.8190 15.01920000000000
1 45268U          19283.35138889  .00000000  00000-0  00000-0 0 00000
2 45268 097.7420 069.829  0000000 000.0000 200.3200 15.01920000000000
1 45268U          19283.73750000  .00000000  00000-0  00000-0 0 00000
2 45268 097.7420 070.210  0000000 000.0000 125.3210 15.01920000000000
1 45268U          19283.99513889  .00000000  00000-0  00000-0 0 00000
2 45268 097.7420 070.464  0000000 000.0000 076.5710 15.01920000000000
1 45268U          19284.26805556  .00000000  00000-0  00000-0 0 00000
2 45268 097.7420 070.733  0000000 000.0000 110.3220 15.01920000000000
1 45268U          19284.74375000  .00000000  00000-0  00000-0 0 00000
2 45268 097.7430 071.202  0000000 000.0000 159.0730 15.01920000000000
1 45268U          19284.99861111  .00000000  00000-0  00000-0 0 00000
2 45268 097.7430 071.453  0000000 000.0000 095.3230 15.01920000000000
1 45268U          19285.30000000  .00000000  00000-0  00000-0 0 00000
2 45268 097.7430 071.750  0000000 000.0000 282.8240 15.01920000000000
1 45268U          19285.70347222  .00000000  00000-0  00000-0 0 00000
2 45268 097.7430 072.148  0000000 000.0000 301.5750 15.01920000000000
1 45268U          19285.98333333  .00000000  00000-0  00000-0 0 00000
2 45268 097.7430 072.424  0000000 000.0000 012.8250 15.01920000000000
1 45268U          19286.25972222  .00000000  00000-0  00000-0 0 00000
2 45268 097.7440 072.696  0000000 000.0000 065.3260 15.01920000000000
1 45268U          19286.61458333  .00000000  00000-0  00000-0 0 00000
2 45268 097.7440 073.046  0000000 000.0000 181.5760 15.01920000000000
1 45268U          19287.04375000  .00000000  00000-0  00000-0 0 00000
2 45268 097.7440 073.469  0000000 000.0000 339.0770 15.01920000000000
1 45268U          19287.37152778  .00000000  00000-0  00000-0 0 00000
2 45268 097.7440 073.792  0000000 000.0000 309.0780 15.01920000000000
1 45268U          19287.63888889  .00000000  00000-0  00000-0 0 00000
2 45268 097.7440 074.056  0000000 000.0000 312.8280 15.01920000000000
1 45268U          19288.02777778  .00000000  00000-0  00000-0 0 00000
2 45268 097.7440 074.439  0000000 000.0000 252.8290 15.01920000000000
1 45268U          19288.30416667  .00000000  00000-0  00000-0 0 00000
2 45268 097.7450 074.712  0000000 000.0000 305.3290 15.01920000000000
1 45268U          19288.63541667  .00000000  00000-0  00000-0 0 00000
2 45268 097.7450 075.038  0000000 000.0000 294.0800 15.01920000000000
1 45268U          19288.97361111  .00000000  00000-0  00000-0 0 00000
2 45268 097.7450 075.372  0000000 000.0000 320.3310 15.01920000000000
1 45268U          19289.32638889  .00000000  00000-0  00000-0 0 00000
2 45268 097.7450 075.719  0000000 000.0000 065.3310 15.01920000000000
1 45268U          19289.62638889  .00000000  00000-0  00000-0 0 00000
2 45268 097.7450 076.015  0000000 000.0000 245.3320 15.01920000000000
1 45268U          19289.95763889  .00000000  00000-0  00000-0 0 00000
2 45268 097.7450 076.342  0000000 000.0000 234.0820 15.01920000000000
1 45268U          19290.35208333  .00000000  00000-0  00000-0 0 00000
2 45268 097.7460 076.731  0000000 000.0000 204.0830 15.01920000000000
1 45268U          19290.59513889  .00000000  00000-0  00000-0 0 00000
2 45268 097.7460 076.970  0000000 000.0000 076.5840 15.01920000000000
1 45268U          19290.92013889  .00000000  00000-0  00000-0 0 00000
2 45268 097.7460 077.291  0000000 000.0000 031.5840 15.01920000000000
1 45268U          19291.41388889  .00000000  00000-0  00000-0 0 00000
2 45268 097.7460 077.777  0000000 000.0000 177.8350 15.01920000000000
1 45268U          19291.66597222  .00000000  00000-0  00000-0 0 00000
2 45268 097.7460 078.026  0000000 000.0000 099.0860 15.01920000000000
1 45268U          19291.96388889  .00000000  00000-0  00000-0 0 00000
2 45268 097.7460 078.320  0000000 000.0000 267.8360 15.01920000000000
1 45268U          19292.35625000  .00000000  00000-0  00000-0 0 00000
2 45268 097.7460 078.706  0000000 000.0000 226.5870 15.01920000000000
1 45268U          19292.68750000  .00000000  00000-0  00000-0 0 00000
2 45268 097.7460 079.033  0000000 000.0000 215.3370 15.01920000000000
1 45268U          19293.03125000  .00000000  00000-0  00000-0 0 00000
2 45268 097.7470 079.372  0000000 000.0000 271.5880 15.01920000000000
1 45268U          19293.30486111  .00000000  00000-0  00000-0 0 00000
2 45268 097.7470 079.642  0000000 000.0000 309.0890 15.01920000000000
1 45268U          19293.58750000  .00000000  00000-0  00000-0 0 00000
2 45268 097.7470 079.920  0000000 000.0000 035.3390 15.01920000000000
1 45268U          19294.06319444  .00000000  00000-0  00000-0 0 00000
2 45268 097.7470 080.389  0000000 000.0000 084.0900 15.01920000000000
1 45268U          19294.25833333  .00000000  00000-0  00000-0 0 00000
2 45268 097.7470 080.582  0000000 000.0000 057.8400 15.01920000000000
1 45268U          19294.68680556  .00000000  00000-0  00000-0 0 00000
2 45268 097.7470 081.004  0000000 000.0000 211.5910 15.01920000000000
1 45268U          19294.92708333  .00000000  00000-0  00000-0 0 00000
2 45268 097.7470 081.241  0000000 000.0000 069.0920 15.01920000000000
1 45268U          19295.25902778  .00000000  00000-0  00000-0 0 00000
2 45268 097.7470 081.568  0000000 000.0000 061.5920 15.01920000000000
1 45268U          19295.71111111  .00000000  00000-0  00000-0 0 00000
2 45268 097.7470 082.014  0000000 000.0000 342.8430 15.01920000000000
1 45268U          19296.03333333  .00000000  00000-0  00000-0 0 00000
2 45268 097.7470 082.332  0000000 000.0000 282.8440 15.01920000000000
1 45268U          19296.40347222  .00000000  00000-0  00000-0 0 00000
2 45268 097.7470 082.696  0000000 000.0000 121.5950 15.01920000000000
1 45268U          19296.70486111  .00000000  00000-0  00000-0 0 00000
2 45268 097.7480 082.994  0000000 000.0000 309.0950 15.01920000000000
1 45268U          19297.05486111  .00000000  00000-0  00000-0 0 00000
2 45268 097.7480 083.339  0000000 000.0000 039.0960 15.01920000000000
1 45268U          19297.30763889  .00000000  00000-0  00000-0 0 00000
2 45268 097.7480 083.588  0000000 000.0000 324.0960 15.01920000000000
1 45268U          19297.74097222  .00000000  00000-0  00000-0 0 00000
2 45268 097.7480 084.015  0000000 000.0000 144.0970 15.01920000000000
1 45268U          19298.02361111  .00000000  00000-0  00000-0 0 00000
2 45268 097.7480 084.294  0000000 000.0000 230.3480 15.01920000000000
1 45268U          19298.40000000  .00000000  00000-0  00000-0 0 00000
2 45268 097.7480 084.665  0000000 000.0000 102.8480 15.01920000000000
1 45268U          19298.68888889  .00000000  00000-0  00000-0 0 00000
2 45268 097.7480 084.950  0000000 000.0000 222.8490 15.01920000000000
1 45268U          19299.07361111  .00000000  00000-0  00000-0 0 00000
2 45268 097.7480 085.329  0000000 000.0000 140.3500 15.01920000000000
1 45268U          19299.38819444  .00000000  00000-0  00000-0 0 00000
2 45268 097.7480 085.639  0000000 000.0000 039.1000 15.01920000000000
1 45268U          19299.69861111  .00000000  00000-0  00000-0 0 00000
2 45268 097.7480 085.945  0000000 000.0000 275.3510 15.01920000000000
1 45268U          19300.03541667  .00000000  00000-0  00000-0 0 00000
2 45268 097.7480 086.277  0000000 000.0000 294.1010 15.01920000000000
1 45268U          19300.36388889  .00000000  00000-0  00000-0 0 00000
2 45268 097.7480 086.601  0000000 000.0000 267.8520 15.01920000000000
1 45268U          19300.63333333  .00000000  00000-0  00000-0 0 00000
2 45268 097.7480 086.866  0000000 000.0000 282.8530 15.01920000000000
1 45268U          19300.98888889  .00000000  00000-0  00000-0 0 00000
2 45268 097.7480 087.217  0000000 000.0000 042.8530 15.01920000000000
1 45268U          19301.28750000  .00000000  00000-0  00000-0 0 00000
2 45268 097.7480 087.511  0000000 000.0000 215.3540 15.01920000000000
1 45268U          19301.60555556  .00000000  00000-0  00000-0 0 00000
2 45268 097.7480 087.825  0000000 000.0000 132.8540 15.01920000000000
1 45268U          19302.04583333  .00000000  00000-0  00000-0 0 00000
2 45268 097.7480 088.259  0000000 000.0000 350.3550 15.01920000000000
1 45268U          19302.28333333  .00000000  00000-0  00000-0 0 00000
2 45268 097.7480 088.493  0000000 000.0000 192.8560 15.01920000000000
1 45268U          19302.67222222  .00000000  00000-0  00000-0 0 00000
2 45268 097.7480 088.877  0000000 000.0000 132.8560 15.01920000000000
1 45268U          19303.00833333  .00000000  00000-0  00000-0 0 00000
2 45268 097.7480 089.208  0000000 000.0000 147.8570 15.01920000000000
1 45268U          19303.40069444  .00000000  00000-0  00000-0 0 00000
2 45268 097.7480 089.595  0000000 000.0000 106.6080 15.01920000000000
1 45268U          19303.66458333  .00000000  00000-0  00000-0 0 00000
2 45268 097.7480 089.855  0000000 000.0000 091.6080 15.01920000000000
1 45268U          19303.99583333  .00000000  00000-0  00000-0 0 00000
2 45268 097.7480 090.181  0000000 000.0000 080.3590 15.01920000000000
1 45268U          19304.37083333  .00000000  00000-0  00000-0 0 00000
2 45268 097.7480 090.551  0000000 000.0000 305.3600 15.01920000000000
1 45268U          19304.73194444  .00000000  00000-0  00000-0 0 00000
2 45268 097.7480 090.907  0000000 000.0000 095.3600 15.01920000000000
1 45268U          19305.06111111  .00000000  00000-0  00000-0 0 00000
2 45268 097.7480 091.232  0000000 000.0000 072.8610 15.01920000000000
1 45268U          19305.28680556  .00000000  00000-0  00000-0 0 00000
2 45268 097.7480 091.454  0000000 000.0000 211.6110 15.01920000000000
1 45268U          19305.67222222  .00000000  00000-0  00000-0 0 00000
2 45268 097.7480 091.834  0000000 000.0000 132.8620 15.01920000000000
1 45268U          19306.02777778  .00000000  00000-0  00000-0 0 00000
2 45268 097.7480 092.185  0000000 000.0000 252.8630 15.01920000000000
1 45268U          19306.33541667  .00000000  00000-0  00000-0 0 00000
2 45268 097.7480 092.488  0000000 000.0000 114.1140 15.01920000000000
1 45268U          19306.59861111  .00000000  00000-0  00000-0 0 00000
2 45268 097.7480 092.747  0000000 000.0000 095.3640 15.01920000000000
1 45268U          19307.04791667  .00000000  00000-0  00000-0 0 00000
2 45268 097.7480 093.190  0000000 000.0000 001.6150 15.01920000000000
1 45268U          19307.41458333  .00000000  00000-0  00000-0 0 00000
2 45268 097.7480 093.552  0000000 000.0000 181.6160 15.01920000000000
1 45268U          19307.74791667  .00000000  00000-0  00000-0 0 00000
2 45268 097.7480 093.880  0000000 000.0000 181.6160 15.01920000000000
1 45268U          19307.95694444  .00000000  00000-0  00000-0 0 00000
2 45268 097.7480 094.087  0000000 000.0000 230.3670 15.01920000000000
1 45268U          19308.36319444  .00000000  00000-0  00000-0 0 00000
2 45268 097.7480 094.487  0000000 000.0000 264.1170 15.01920000000000
1 45268U          19308.63263889  .00000000  00000-0  00000-0 0 00000
2 45268 097.7480 094.753  0000000 000.0000 279.1180 15.01920000000000
1 45268U          19308.94513889  .00000000  00000-0  00000-0 0 00000
2 45268 097.7480 095.061  0000000 000.0000 166.6180 15.01920000000000
1 45268U          19309.40694444  .00000000  00000-0  00000-0 0 00000
2 45268 097.7480 095.516  0000000 000.0000 140.3690 15.01920000000000
1 45268U          19309.62916667  .00000000  00000-0  00000-0 0 00000
2 45268 097.7480 095.735  0000000 000.0000 260.3700 15.01920000000000
1 45268U          19309.96944444  .00000000  00000-0  00000-0 0 00000
2 45268 097.7480 096.071  0000000 000.0000 297.8700 15.01920000000000
1 45268U          19310.40000000  .00000000  00000-0  00000-0 0 00000
2 45268 097.7470 096.495  0000000 000.0000 102.8710 15.01920000000000
1 45268U          19310.61527778  .00000000  00000-0  00000-0 0 00000
2 45268 097.7470 096.707  0000000 000.0000 185.3720 15.01920000000000
1 45268U          19311.05694444  .00000000  00000-0  00000-0 0 00000
2 45268 097.7470 097.143  0000000 000.0000 050.3730 15.01920000000000
1 45268U          19311.30625000  .00000000  00000-0  00000-0 0 00000
2 45268 097.7470 097.388  0000000 000.0000 316.6230 15.01920000000000
1 45268U          19311.64375000  .00000000  00000-0  00000-0 0 00000
2 45268 097.7470 097.721  0000000 000.0000 339.1240 15.01920000000000
1 45268U          19311.89583333  .00000000  00000-0  00000-0 0 00000
2 45268 097.7470 097.970  0000000 000.0000 260.3740 15.01914300000000
1 45268U          19312.20138889  .00000000  00000-0  00000-0 0 00000
2 45268 097.7470 098.271  0000000 000.0000 110.3750 15.01914300000000
1 45268U          19312.47916667  .00000000  00000-0  00000-0 0 00000
2 45268 097.7470 098.545  0000000 000.0000 170.3750 15.01914300000000
1 45268U          19312.91041667  .00000000  00000-0  00000-0 0 00000
2 45268 097.7470 098.970  0000000 000.0000 339.1260 15.01914300000000
1 45268U          19313.27638889  .00000000  00000-0  00000-0 0 00000
2 45268 097.7470 099.331  0000000 000.0000 155.3770 15.01914300000000
1 45268U          19313.57013889  .00000000  00000-0  00000-0 0 00000
2 45268 097.7470 099.620  0000000 000.0000 301.6270 15.01914300000000
1 45268U          19313.86111111  .00000000  00000-0  00000-0 0 00000
2 45268 097.7470 099.907  0000000 000.0000 072.8780 15.01914300000000
1 45268U          19314.25486111  .00000000  00000-0  00000-0 0 00000
2 45268 097.7460 100.295  0000000 000.0000 039.1290 15.01914300000000
1 45268U          19314.57152778  .00000000  00000-0  00000-0 0 00000
2 45268 097.7460 100.608  0000000 000.0000 309.1290 15.01914300000000
1 45268U          19314.94930556  .00000000  00000-0  00000-0 0 00000
2 45268 097.7460 100.980  0000000 000.0000 189.1300 15.01914300000000
1 45268U          19315.18402778  .00000000  00000-0  00000-0 0 00000
2 45268 097.7460 101.211  0000000 000.0000 016.6300 15.01914300000000
1 45268U          19315.60555556  .00000000  00000-0  00000-0 0 00000
2 45268 097.7460 101.627  0000000 000.0000 132.8810 15.01914300000000
1 45268U          19315.87083333  .00000000  00000-0  00000-0 0 00000
2 45268 097.7460 101.889  0000000 000.0000 125.3820 15.01914300000000
1 45268U          19316.16111111  .00000000  00000-0  00000-0 0 00000
2 45268 097.7460 102.175  0000000 000.0000 252.8820 15.01914300000000
1 45268U          19316.55000000  .00000000  00000-0  00000-0 0 00000
2 45268 097.7460 102.558  0000000 000.0000 192.8830 15.01914300000000
1 45268U          19316.93263889  .00000000  00000-0  00000-0 0 00000
2 45268 097.7450 102.935  0000000 000.0000 099.1340 15.01914300000000
1 45268U          19317.24861111  .00000000  00000-0  00000-0 0 00000
2 45268 097.7450 103.247  0000000 000.0000 005.3840 15.01914300000000
1 45268U          19317.61111111  .00000000  00000-0  00000-0 0 00000
2 45268 097.7450 103.604  0000000 000.0000 162.8850 15.01914300000000
1 45268U          19317.82291667  .00000000  00000-0  00000-0 0 00000
2 45268 097.7450 103.813  0000000 000.0000 226.6350 15.01914300000000
1 45268U          19318.18055556  .00000000  00000-0  00000-0 0 00000
2 45268 097.7450 104.166  0000000 000.0000 357.8860 15.01914300000000
1 45268U          19318.58541667  .00000000  00000-0  00000-0 0 00000
2 45268 097.7450 104.565  0000000 000.0000 024.1370 15.01914300000000
1 45268U          19318.89583333  .00000000  00000-0  00000-0 0 00000
2 45268 097.7440 104.871  0000000 000.0000 260.3870 15.01914300000000
1 45268U          19318.96736111  .00000000  00000-0  00000-0 0 00000
2 45268 097.7440 104.941  0000000 000.0000 286.6370 15.01914300000000
1 45268U          19319.28888889  .00000000  00000-0  00000-0 0 00000
2 45268 097.7440 105.258  0000000 000.0000 222.8880 15.01914300000000
1 45268U          19319.59305556  .00000000  00000-0  00000-0 0 00000
2 45268 097.7440 105.558  0000000 000.0000 065.3890 15.01914300000000
1 45268U          19319.92916667  .00000000  00000-0  00000-0 0 00000
2 45268 097.7440 105.889  0000000 000.0000 080.3890 15.01914300000000
1 45268U          19320.31041667  .00000000  00000-0  00000-0 0 00000
2 45268 097.7440 106.265  0000000 000.0000 339.1400 15.01914300000000
1 45268U          19320.57847222  .00000000  00000-0  00000-0 0 00000
2 45268 097.7440 106.530  0000000 000.0000 346.6400 15.01914300000000
1 45268U          19320.91875000  .00000000  00000-0  00000-0 0 00000
2 45268 097.7430 106.865  0000000 000.0000 024.1410 15.01914300000000
1 45268U          19321.16458333  .00000000  00000-0  00000-0 0 00000
2 45268 097.7430 107.107  0000000 000.0000 271.6410 15.01914300000000
1 45268U          19321.54722222  .00000000  00000-0  00000-0 0 00000
2 45268 097.7430 107.485  0000000 000.0000 177.8920 15.01914300000000
1 45268U          19321.91875000  .00000000  00000-0  00000-0 0 00000
2 45268 097.7430 107.851  0000000 000.0000 024.1430 15.01914300000000
1 45268U          19322.27708333  .00000000  00000-0  00000-0 0 00000
2 45268 097.7430 108.204  0000000 000.0000 159.1430 15.01914300000000
1 45268U          19322.61944444  .00000000  00000-0  00000-0 0 00000
2 45268 097.7420 108.542  0000000 000.0000 207.8940 15.01914300000000
1 45268U          19322.94305556  .00000000  00000-0  00000-0 0 00000
2 45268 097.7420 108.861  0000000 000.0000 155.3950 15.01914300000000
1 45268U          19323.28472222  .00000000  00000-0  00000-0 0 00000
2 45268 097.7420 109.197  0000000 000.0000 200.3950 15.01914300000000
1 45268U          19323.59930556  .00000000  00000-0  00000-0 0 00000
2 45268 097.7420 109.508  0000000 000.0000 099.1460 15.01914300000000
1 45268U          19323.91944444  .00000000  00000-0  00000-0 0 00000
2 45268 097.7420 109.823  0000000 000.0000 027.8960 15.01914300000000
1 45268U          19324.30694444  .00000000  00000-0  00000-0 0 00000
2 45268 097.7410 110.205  0000000 000.0000 320.3970 15.01914300000000
1 45268U          19324.50138889  .00000000  00000-0  00000-0 0 00000
2 45268 097.7410 110.397  0000000 000.0000 290.3970 15.01914300000000
1 45268U          19324.88888889  .00000000  00000-0  00000-0 0 00000
2 45268 097.7410 110.779  0000000 000.0000 222.8980 15.01914300000000
1 45268U          19325.24166667  .00000000  00000-0  00000-0 0 00000
2 45268 097.7410 111.127  0000000 000.0000 327.8990 15.01914300000000
1 45268U          19325.56319444  .00000000  00000-0  00000-0 0 00000
2 45268 097.7410 111.444  0000000 000.0000 264.1490 15.01914300000000
1 45268U          19325.81527778  .00000000  00000-0  00000-0 0 00000
2 45268 097.7400 111.692  0000000 000.0000 185.4000 15.01914300000000
1 45268U          19325.89583333  .00000000  00000-0  00000-0 0 00000
2 45268 097.7400 111.772  0000000 000.0000 260.4000 15.01914300000000
1 45268U          19326.27638889  .00000000  00000-0  00000-0 0 00000
2 45268 097.7410 112.132  0023340 256.9530 216.2410 14.69163700000000
1 45268U          19326.51180556  .00000000  00000-0  00000-0 0 00000
2 45268 097.7420 112.351  0016720 159.6600 115.4550 14.70014200000000
1 45268U          19326.91944444  .00000000  00000-0  00000-0 0 00000
2 45268 097.7390 112.728  0013730 153.7150 111.8470 14.70032400000000
1 45268U          19327.27916667  .00000000  00000-0  00000-0 0 00000
2 45268 097.7330 113.063  0014360 222.8800 140.3370 14.64353100000000
1 45268U          19327.52083333  .00000000  00000-0  00000-0 0 00000
2 45268 097.7320 113.287  0021130 219.6270 338.4770 14.64851900000000
1 45268U          19327.96319444  .00000000  00000-0  00000-0 0 00000
2 45268 097.7300 113.697  0014650 211.8500 159.8410 14.64579700000000
1 45268U          19328.14722222  .00000000  00000-0  00000-0 0 00000
2 45268 097.7430 113.871  0014360 151.3730 111.1200 14.69991000000000
1 45268U          19328.53888889  .00000000  00000-0  00000-0 0 00000
2 45268 097.7310 114.240  0020430 199.9700 328.6570 14.64537400000000
1 45268U          19328.96250000  .00000000  00000-0  00000-0 0 00000
2 45268 097.7370 114.627  0007840 175.0460 068.3340 14.68917600000000
1 45268U          19329.15416667  .00000000  00000-0  00000-0 0 00000
2 45268 097.7320 114.810  0022710 199.3510 335.0820 14.64352000000000
1 45268U          19329.49791667  .00000000  00000-0  00000-0 0 00000
2 45268 097.7300 115.130  0023310 205.9240 341.9270 14.64419400000000
1 45268U          19329.93819444  .00000000  00000-0  00000-0 0 00000
2 45268 097.7280 115.540  0017640 215.6530 134.7770 14.64498500000000
1 45268U          19330.28541667  .00000000  00000-0  00000-0 0 00000
2 45268 097.7320 115.859  0018830 193.7410 188.4640 14.65153900000000
1 45268U          19330.57291667  .00000000  00000-0  00000-0 0 00000
2 45268 097.7400 116.134  0027760 238.5680 220.2330 14.69912900000000
1 45268U          19330.83194444  .00000000  00000-0  00000-0 0 00000
2 45268 097.7310 116.368  0020200 191.3340 193.9920 14.65365000000000
1 45268U          19331.25000000  .00000000  00000-0  00000-0 0 00000
2 45268 097.7390 116.758  0033190 215.9770 214.7230 14.69388200000000
1 45268U          19331.48055556  .00000000  00000-0  00000-0 0 00000
2 45268 097.7310 116.973  0020160 208.2690 358.6920 14.65474900000000
1 45268U          19331.94583333  .00000000  00000-0  00000-0 0 00000
2 45268 097.7320 117.414  0015160 201.2620 300.0960 14.66578400000000
1 45268U          19332.21944444  .00000000  00000-0  00000-0 0 00000
2 45268 097.7340 117.669  0016280 193.4510 311.3060 14.66244600000000
1 45268U          19332.59444444  .00000000  00000-0  00000-0 0 00000
2 45268 097.7330 118.020  0026250 194.8580 128.1430 14.66377400000000
1 45268U          19332.89583333  .00000000  00000-0  00000-0 0 00000
2 45268 097.7350 118.298  0021040 232.9630 239.9840 14.69191500000000
