1 47507U          19282.05138889  .00000000  00000-0  00000-0 0 00000
2 47507 097.6730 017.110  0000000 000.0000 061.3960 15.01920000000000
1 47507U          19282.40208333  .00000000  00000-0  00000-0 0 00000
2 47507 097.6730 017.456  0000000 000.0000 155.1460 15.01920000000000
1 47507U          19282.65416667  .00000000  00000-0  00000-0 0 00000
2 47507 097.6740 017.704  0000000 000.0000 076.3960 15.01920000000000
1 47507U          19283.01388889  .00000000  00000-0  00000-0 0 00000
2 47507 097.6740 018.059  0000000 000.0000 218.8970 15.01920000000000
1 47507U          19283.37638889  .00000000  00000-0  00000-0 0 00000
2 47507 097.6750 018.416  0000000 000.0000 016.3970 15.01920000000000
1 47507U          19283.63402778  .00000000  00000-0  00000-0 0 00000
2 47507 097.6750 018.670  0000000 000.0000 327.6470 15.01920000000000
1 47507U          19283.95555556  .00000000  00000-0  00000-0 0 00000
2 47507 097.6760 018.987  0000000 000.0000 263.8970 15.01920000000000
1 47507U          19284.30277778  .00000000  00000-0  00000-0 0 00000
2 47507 097.6770 019.329  0000000 000.0000 338.8970 15.01920000000000
1 47507U          19284.71250000  .00000000  00000-0  00000-0 0 00000
2 47507 097.6770 019.733  0000000 000.0000 031.3980 15.01920000000000
1 47507U          19285.06527778  .00000000  00000-0  00000-0 0 00000
2 47507 097.6780 020.081  0000000 000.0000 136.3980 15.01920000000000
1 47507U          19285.38263889  .00000000  00000-0  00000-0 0 00000
2 47507 097.6780 020.394  0000000 000.0000 050.1480 15.01920000000000
1 47507U          19285.62916667  .00000000  00000-0  00000-0 0 00000
2 47507 097.6790 020.637  0000000 000.0000 301.3980 15.01920000000000
1 47507U          19285.93472222  .00000000  00000-0  00000-0 0 00000
2 47507 097.6790 020.938  0000000 000.0000 151.3990 15.01920000000000
1 47507U          19286.40833333  .00000000  00000-0  00000-0 0 00000
2 47507 097.6800 021.405  0000000 000.0000 188.8990 15.01920000000000
1 47507U          19286.74166667  .00000000  00000-0  00000-0 0 00000
2 47507 097.6810 021.733  0000000 000.0000 188.8990 15.01920000000000
1 47507U          19287.02847222  .00000000  00000-0  00000-0 0 00000
2 47507 097.6810 022.016  0000000 000.0000 297.6490 15.01920000000000
1 47507U          19287.28402778  .00000000  00000-0  00000-0 0 00000
2 47507 097.6820 022.268  0000000 000.0000 237.6500 15.01920000000000
1 47507U          19287.66319444  .00000000  00000-0  00000-0 0 00000
2 47507 097.6820 022.642  0000000 000.0000 125.1500 15.01920000000000
1 47507U          19287.96388889  .00000000  00000-0  00000-0 0 00000
2 47507 097.6830 022.938  0000000 000.0000 308.9000 15.01920000000000
1 47507U          19288.26180556  .00000000  00000-0  00000-0 0 00000
2 47507 097.6830 023.232  0000000 000.0000 117.6500 15.01920000000000
1 47507U          19288.64930556  .00000000  00000-0  00000-0 0 00000
2 47507 097.6840 023.614  0000000 000.0000 050.1510 15.01920000000000
1 47507U          19288.95833333  .00000000  00000-0  00000-0 0 00000
2 47507 097.6850 023.918  0000000 000.0000 278.9010 15.01920000000000
1 47507U          19289.31111111  .00000000  00000-0  00000-0 0 00000
2 47507 097.6850 024.266  0000000 000.0000 023.9010 15.01920000000000
1 47507U          19289.62083333  .00000000  00000-0  00000-0 0 00000
2 47507 097.6860 024.571  0000000 000.0000 256.4010 15.01920000000000
1 47507U          19289.97847222  .00000000  00000-0  00000-0 0 00000
2 47507 097.6860 024.924  0000000 000.0000 027.6520 15.01920000000000
1 47507U          19290.29236111  .00000000  00000-0  00000-0 0 00000
2 47507 097.6870 025.233  0000000 000.0000 282.6520 15.01920000000000
1 47507U          19290.73194444  .00000000  00000-0  00000-0 0 00000
2 47507 097.6880 025.667  0000000 000.0000 136.4020 15.01920000000000
1 47507U          19291.06458333  .00000000  00000-0  00000-0 0 00000
2 47507 097.6880 025.995  0000000 000.0000 132.6530 15.01920000000000
1 47507U          19291.34652778  .00000000  00000-0  00000-0 0 00000
2 47507 097.6890 026.272  0000000 000.0000 215.1530 15.01920000000000
1 47507U          19291.66180556  .00000000  00000-0  00000-0 0 00000
2 47507 097.6890 026.583  0000000 000.0000 117.6530 15.01920000000000
1 47507U          19291.97500000  .00000000  00000-0  00000-0 0 00000
2 47507 097.6900 026.892  0000000 000.0000 008.9030 15.01920000000000
1 47507U          19292.34097222  .00000000  00000-0  00000-0 0 00000
2 47507 097.6900 027.253  0000000 000.0000 185.1540 15.01920000000000
1 47507U          19292.62777778  .00000000  00000-0  00000-0 0 00000
2 47507 097.6910 027.535  0000000 000.0000 293.9040 15.01920000000000
1 47507U          19293.01666667  .00000000  00000-0  00000-0 0 00000
2 47507 097.6910 027.919  0000000 000.0000 233.9040 15.01920000000000
1 47507U          19293.30347222  .00000000  00000-0  00000-0 0 00000
2 47507 097.6920 028.201  0000000 000.0000 342.6550 15.01920000000000
1 47507U          19293.71527778  .00000000  00000-0  00000-0 0 00000
2 47507 097.6930 028.607  0000000 000.0000 046.4050 15.01920000000000
1 47507U          19293.99930556  .00000000  00000-0  00000-0 0 00000
2 47507 097.6930 028.887  0000000 000.0000 140.1550 15.01920000000000
1 47507U          19294.26250000  .00000000  00000-0  00000-0 0 00000
2 47507 097.6930 029.147  0000000 000.0000 121.4060 15.01920000000000
1 47507U          19294.70069444  .00000000  00000-0  00000-0 0 00000
2 47507 097.6940 029.579  0000000 000.0000 327.6560 15.01920000000000
1 47507U          19294.93819444  .00000000  00000-0  00000-0 0 00000
2 47507 097.6940 029.813  0000000 000.0000 170.1560 15.01920000000000
1 47507U          19295.34583333  .00000000  00000-0  00000-0 0 00000
2 47507 097.6950 030.215  0000000 000.0000 211.4070 15.01920000000000
1 47507U          19295.72986111  .00000000  00000-0  00000-0 0 00000
2 47507 097.6960 030.593  0000000 000.0000 125.1570 15.01920000000000
1 47507U          19296.02430556  .00000000  00000-0  00000-0 0 00000
2 47507 097.6960 030.883  0000000 000.0000 275.1570 15.01920000000000
1 47507U          19296.36736111  .00000000  00000-0  00000-0 0 00000
2 47507 097.6970 031.222  0000000 000.0000 327.6580 15.01920000000000
1 47507U          19296.63055556  .00000000  00000-0  00000-0 0 00000
2 47507 097.6970 031.481  0000000 000.0000 308.9080 15.01920000000000
1 47507U          19296.95000000  .00000000  00000-0  00000-0 0 00000
2 47507 097.6980 031.796  0000000 000.0000 233.9080 15.01920000000000
1 47507U          19297.40694444  .00000000  00000-0  00000-0 0 00000
2 47507 097.6980 032.246  0000000 000.0000 181.4090 15.01920000000000
1 47507U          19297.60694444  .00000000  00000-0  00000-0 0 00000
2 47507 097.6990 032.444  0000000 000.0000 181.4090 15.01920000000000
1 47507U          19297.96458333  .00000000  00000-0  00000-0 0 00000
2 47507 097.6990 032.796  0000000 000.0000 312.6590 15.01920000000000
1 47507U          19298.40208333  .00000000  00000-0  00000-0 0 00000
2 47507 097.7000 033.227  0000000 000.0000 155.1600 15.01920000000000
1 47507U          19298.74444444  .00000000  00000-0  00000-0 0 00000
2 47507 097.7000 033.565  0000000 000.0000 203.9100 15.01920000000000
1 47507U          19299.04861111  .00000000  00000-0  00000-0 0 00000
2 47507 097.7010 033.865  0000000 000.0000 046.4100 15.01920000000000
1 47507U          19299.40486111  .00000000  00000-0  00000-0 0 00000
2 47507 097.7010 034.216  0000000 000.0000 170.1610 15.01920000000000
1 47507U          19299.72847222  .00000000  00000-0  00000-0 0 00000
2 47507 097.7020 034.535  0000000 000.0000 117.6610 15.01920000000000
1 47507U          19299.93819444  .00000000  00000-0  00000-0 0 00000
2 47507 097.7020 034.742  0000000 000.0000 170.1610 15.01920000000000
1 47507U          19300.25555556  .00000000  00000-0  00000-0 0 00000
2 47507 097.7030 035.054  0000000 000.0000 083.9120 15.01920000000000
1 47507U          19300.74166667  .00000000  00000-0  00000-0 0 00000
2 47507 097.7040 035.534  0000000 000.0000 188.9120 15.01920000000000
1 47507U          19301.03055556  .00000000  00000-0  00000-0 0 00000
2 47507 097.7040 035.818  0000000 000.0000 308.9130 15.01920000000000
1 47507U          19301.36111111  .00000000  00000-0  00000-0 0 00000
2 47507 097.7040 036.144  0000000 000.0000 293.9130 15.01920000000000
1 47507U          19301.59791667  .00000000  00000-0  00000-0 0 00000
2 47507 097.7050 036.378  0000000 000.0000 132.6630 15.01920000000000
1 47507U          19302.05486111  .00000000  00000-0  00000-0 0 00000
2 47507 097.7050 036.828  0000000 000.0000 080.1640 15.01920000000000
1 47507U          19302.35347222  .00000000  00000-0  00000-0 0 00000
2 47507 097.7060 037.122  0000000 000.0000 252.6640 15.01920000000000
1 47507U          19302.65555556  .00000000  00000-0  00000-0 0 00000
2 47507 097.7060 037.420  0000000 000.0000 083.9150 15.01920000000000
1 47507U          19302.95902778  .00000000  00000-0  00000-0 0 00000
2 47507 097.7070 037.719  0000000 000.0000 282.6650 15.01920000000000
1 47507U          19303.33194444  .00000000  00000-0  00000-0 0 00000
2 47507 097.7070 038.087  0000000 000.0000 136.4150 15.01920000000000
1 47507U          19303.62361111  .00000000  00000-0  00000-0 0 00000
2 47507 097.7080 038.375  0000000 000.0000 271.4160 15.01920000000000
1 47507U          19303.97361111  .00000000  00000-0  00000-0 0 00000
2 47507 097.7080 038.720  0000000 000.0000 001.4160 15.01920000000000
1 47507U          19304.39375000  .00000000  00000-0  00000-0 0 00000
2 47507 097.7090 039.134  0000000 000.0000 110.1670 15.01920000000000
1 47507U          19304.69652778  .00000000  00000-0  00000-0 0 00000
2 47507 097.7090 039.432  0000000 000.0000 305.1670 15.01920000000000
1 47507U          19305.01041667  .00000000  00000-0  00000-0 0 00000
2 47507 097.7100 039.742  0000000 000.0000 200.1670 15.01920000000000
1 47507U          19305.30000000  .00000000  00000-0  00000-0 0 00000
2 47507 097.7100 040.027  0000000 000.0000 323.9180 15.01920000000000
1 47507U          19305.64861111  .00000000  00000-0  00000-0 0 00000
2 47507 097.7110 040.371  0000000 000.0000 046.4180 15.01920000000000
1 47507U          19306.00833333  .00000000  00000-0  00000-0 0 00000
2 47507 097.7110 040.725  0000000 000.0000 188.9190 15.01920000000000
1 47507U          19306.25000000  .00000000  00000-0  00000-0 0 00000
2 47507 097.7120 040.964  0000000 000.0000 053.9190 15.01920000000000
1 47507U          19306.65416667  .00000000  00000-0  00000-0 0 00000
2 47507 097.7120 041.362  0000000 000.0000 076.4200 15.01920000000000
1 47507U          19307.07152778  .00000000  00000-0  00000-0 0 00000
2 47507 097.7130 041.773  0000000 000.0000 170.1700 15.01920000000000
1 47507U          19307.29791667  .00000000  00000-0  00000-0 0 00000
2 47507 097.7130 041.997  0000000 000.0000 312.6700 15.01920000000000
1 47507U          19307.64930556  .00000000  00000-0  00000-0 0 00000
2 47507 097.7130 042.343  0000000 000.0000 050.1710 15.01920000000000
1 47507U          19307.97638889  .00000000  00000-0  00000-0 0 00000
2 47507 097.7140 042.665  0000000 000.0000 016.4210 15.01920000000000
1 47507U          19308.35416667  .00000000  00000-0  00000-0 0 00000
2 47507 097.7140 043.038  0000000 000.0000 256.4220 15.01920000000000
1 47507U          19308.74097222  .00000000  00000-0  00000-0 0 00000
2 47507 097.7150 043.419  0000000 000.0000 185.1720 15.01920000000000
1 47507U          19309.07430556  .00000000  00000-0  00000-0 0 00000
2 47507 097.7150 043.748  0000000 000.0000 185.1730 15.01920000000000
1 47507U          19309.33680556  .00000000  00000-0  00000-0 0 00000
2 47507 097.7160 044.006  0000000 000.0000 162.6730 15.01920000000000
1 47507U          19309.65763889  .00000000  00000-0  00000-0 0 00000
2 47507 097.7160 044.323  0000000 000.0000 095.1740 15.01920000000000
1 47507U          19310.02152778  .00000000  00000-0  00000-0 0 00000
2 47507 097.7170 044.681  0000000 000.0000 260.1740 15.01920000000000
1 47507U          19310.33541667  .00000000  00000-0  00000-0 0 00000
2 47507 097.7170 044.991  0000000 000.0000 155.1740 15.01920000000000
1 47507U          19310.60694444  .00000000  00000-0  00000-0 0 00000
2 47507 097.7170 045.259  0000000 000.0000 181.4250 15.01920000000000
1 47507U          19310.98194444  .00000000  00000-0  00000-0 0 00000
2 47507 097.7180 045.628  0000000 000.0000 046.4250 15.01920000000000
1 47507U          19311.25208333  .00000000  00000-0  00000-0 0 00000
2 47507 097.7180 045.894  0000000 000.0000 065.1760 15.01920000000000
1 47507U          19311.69861111  .00000000  00000-0  00000-0 0 00000
2 47507 097.7190 046.335  0000000 000.0000 316.4260 15.01920000000000
1 47507U          19311.89583333  .00000000  00000-0  00000-0 0 00000
2 47507 097.7190 046.529  0000000 000.0000 301.4270 15.01914300000000
1 47507U          19312.18819444  .00000000  00000-0  00000-0 0 00000
2 47507 097.7190 046.817  0000000 000.0000 080.1770 15.01914300000000
1 47507U          19312.61597222  .00000000  00000-0  00000-0 0 00000
2 47507 097.7200 047.239  0000000 000.0000 230.1780 15.01914300000000
1 47507U          19312.95833333  .00000000  00000-0  00000-0 0 00000
2 47507 097.7200 047.576  0000000 000.0000 278.9280 15.01914300000000
1 47507U          19313.15555556  .00000000  00000-0  00000-0 0 00000
2 47507 097.7210 047.771  0000000 000.0000 263.9280 15.01914300000000
1 47507U          19313.62986111  .00000000  00000-0  00000-0 0 00000
2 47507 097.7210 048.238  0000000 000.0000 305.1790 15.01914300000000
1 47507U          19313.90069444  .00000000  00000-0  00000-0 0 00000
2 47507 097.7220 048.505  0000000 000.0000 327.6790 15.01914300000000
1 47507U          19314.15000000  .00000000  00000-0  00000-0 0 00000
2 47507 097.7220 048.751  0000000 000.0000 233.9300 15.01914300000000
1 47507U          19314.63750000  .00000000  00000-0  00000-0 0 00000
2 47507 097.7220 049.232  0000000 000.0000 346.4310 15.01914300000000
1 47507U          19314.82152778  .00000000  00000-0  00000-0 0 00000
2 47507 097.7230 049.413  0000000 000.0000 260.1810 15.01914300000000
1 47507U          19315.17569444  .00000000  00000-0  00000-0 0 00000
2 47507 097.7230 049.762  0000000 000.0000 012.6810 15.01914300000000
1 47507U          19315.53750000  .00000000  00000-0  00000-0 0 00000
2 47507 097.7240 050.119  0000000 000.0000 166.4320 15.01914300000000
1 47507U          19315.90763889  .00000000  00000-0  00000-0 0 00000
2 47507 097.7240 050.484  0000000 000.0000 005.1820 15.01914300000000
1 47507U          19316.30277778  .00000000  00000-0  00000-0 0 00000
2 47507 097.7240 050.873  0000000 000.0000 338.9330 15.01914300000000
1 47507U          19316.61666667  .00000000  00000-0  00000-0 0 00000
2 47507 097.7250 051.183  0000000 000.0000 233.9340 15.01914300000000
1 47507U          19316.90416667  .00000000  00000-0  00000-0 0 00000
2 47507 097.7250 051.466  0000000 000.0000 346.4340 15.01914300000000
1 47507U          19317.18472222  .00000000  00000-0  00000-0 0 00000
2 47507 097.7250 051.743  0000000 000.0000 061.4340 15.01914300000000
1 47507U          19317.48611111  .00000000  00000-0  00000-0 0 00000
2 47507 097.7260 052.040  0000000 000.0000 248.9350 15.01914300000000
1 47507U          19317.91805556  .00000000  00000-0  00000-0 0 00000
2 47507 097.7260 052.466  0000000 000.0000 061.4350 15.01914300000000
1 47507U          19318.24583333  .00000000  00000-0  00000-0 0 00000
2 47507 097.7270 052.789  0000000 000.0000 031.4360 15.01914300000000
1 47507U          19318.61180556  .00000000  00000-0  00000-0 0 00000
2 47507 097.7270 053.150  0000000 000.0000 207.6870 15.01914300000000
1 47507U          19318.81388889  .00000000  00000-0  00000-0 0 00000
2 47507 097.7270 053.349  0000000 000.0000 218.9370 15.01914300000000
1 47507U          19318.97291667  .00000000  00000-0  00000-0 0 00000
2 47507 097.7270 053.506  0000000 000.0000 357.6870 15.01914300000000
1 47507U          19319.17777778  .00000000  00000-0  00000-0 0 00000
2 47507 097.7280 053.708  0000000 000.0000 023.9370 15.01914300000000
1 47507U          19319.62222222  .00000000  00000-0  00000-0 0 00000
2 47507 097.7280 054.146  0000000 000.0000 263.9380 15.01914300000000
1 47507U          19319.82708333  .00000000  00000-0  00000-0 0 00000
2 47507 097.7280 054.348  0000000 000.0000 290.1880 15.01914300000000
1 47507U          19320.16388889  .00000000  00000-0  00000-0 0 00000
2 47507 097.7290 054.680  0000000 000.0000 308.9390 15.01914300000000
1 47507U          19320.50347222  .00000000  00000-0  00000-0 0 00000
2 47507 097.7290 055.015  0000000 000.0000 342.6900 15.01914300000000
1 47507U          19320.83125000  .00000000  00000-0  00000-0 0 00000
2 47507 097.7290 055.338  0000000 000.0000 312.6900 15.01914300000000
1 47507U          19321.22083333  .00000000  00000-0  00000-0 0 00000
2 47507 097.7300 055.722  0000000 000.0000 256.4410 15.01914300000000
1 47507U          19321.58958333  .00000000  00000-0  00000-0 0 00000
2 47507 097.7300 056.085  0000000 000.0000 087.6910 15.01914300000000
1 47507U          19321.89097222  .00000000  00000-0  00000-0 0 00000
2 47507 097.7310 056.382  0000000 000.0000 275.1920 15.01914300000000
1 47507U          19322.19027778  .00000000  00000-0  00000-0 0 00000
2 47507 097.7310 056.677  0000000 000.0000 091.4420 15.01914300000000
1 47507U          19322.61041667  .00000000  00000-0  00000-0 0 00000
2 47507 097.7310 057.092  0000000 000.0000 200.1930 15.01914300000000
1 47507U          19322.97847222  .00000000  00000-0  00000-0 0 00000
2 47507 097.7320 057.454  0000000 000.0000 027.6930 15.01914300000000
1 47507U          19323.25625000  .00000000  00000-0  00000-0 0 00000
2 47507 097.7320 057.728  0000000 000.0000 087.6940 15.01914300000000
1 47507U          19323.54305556  .00000000  00000-0  00000-0 0 00000
2 47507 097.7320 058.011  0000000 000.0000 196.4440 15.01914300000000
1 47507U          19323.89236111  .00000000  00000-0  00000-0 0 00000
2 47507 097.7330 058.355  0000000 000.0000 282.6950 15.01914300000000
1 47507U          19324.15416667  .00000000  00000-0  00000-0 0 00000
2 47507 097.7330 058.613  0000000 000.0000 256.4450 15.01914300000000
1 47507U          19324.61527778  .00000000  00000-0  00000-0 0 00000
2 47507 097.7330 059.068  0000000 000.0000 226.4460 15.01914300000000
1 47507U          19324.86458333  .00000000  00000-0  00000-0 0 00000
2 47507 097.7330 059.314  0000000 000.0000 132.6970 15.01914300000000
1 47507U          19325.19027778  .00000000  00000-0  00000-0 0 00000
2 47507 097.7340 059.635  0000000 000.0000 091.4470 15.01914300000000
1 47507U          19325.62708333  .00000000  00000-0  00000-0 0 00000
2 47507 097.7340 060.065  0000000 000.0000 290.1980 15.01914300000000
1 47507U          19325.89583333  .00000000  00000-0  00000-0 0 00000
2 47507 097.7340 060.330  0000000 000.0000 301.4480 15.01914300000000
1 47507U          19325.89583333  .00000000  00000-0  00000-0 0 00000
2 47507 097.7340 060.330  0000000 000.0000 301.4480 15.01914300000000
1 47507U          19326.26666667  .00000000  00000-0  00000-0 0 00000
2 47507 097.7300 060.697  0016220 335.4770 166.6710 14.99817400000000
1 47507U          19326.49097222  .00000000  00000-0  00000-0 0 00000
2 47507 097.7390 060.912  0012560 050.2910 222.0610 15.03597600000000
1 47507U          19326.87847222  .00000000  00000-0  00000-0 0 00000
2 47507 097.7290 061.286  0014510 305.2070 257.7990 14.98452400000000
1 47507U          19327.16111111  .00000000  00000-0  00000-0 0 00000
2 47507 097.7380 061.571  0005679 085.3640 202.4560 15.03017100000000
1 47507U          19327.50972222  .00000000  00000-0  00000-0 0 00000
2 47507 097.7310 061.909  0013580 330.8110 037.8560 14.97664900000000
1 47507U          19327.81527778  .00000000  00000-0  00000-0 0 00000
2 47507 096.5630 060.895  0170970 281.4200 320.0730 15.26528000000000
1 47507U          19328.23541667  .00000000  00000-0  00000-0 0 00000
2 47507 096.5580 061.260  0174770 275.7030 109.0030 15.22947200000000
1 47507U          19328.49097222  .00000000  00000-0  00000-0 0 00000
2 47507 096.5600 061.486  0181400 276.1480 069.4460 15.21904200000000
1 47507U          19328.94236111  .00000000  00000-0  00000-0 0 00000
2 47507 096.5670 061.876  0169449 270.1510 029.9540 15.26399300000000
1 47507U          19329.14861111  .00000000  00000-0  00000-0 0 00000
2 47507 096.5610 062.053  0180090 273.8140 077.0230 15.21758900000000
1 47507U          19329.59791667  .00000000  00000-0  00000-0 0 00000
2 47507 096.5690 062.443  0166480 267.6640 026.2790 15.27064400000000
1 47507U          19329.92291667  .00000000  00000-0  00000-0 0 00000
2 47507 096.5700 062.720  0159720 268.5030 007.1550 15.28157600000000
1 47507U          19330.26736111  .00000000  00000-0  00000-0 0 00000
2 47507 096.5590 063.019  0176540 269.7050 094.2850 15.21770100000000
1 47507U          19330.58263889  .00000000  00000-0  00000-0 0 00000
2 47507 096.5700 063.294  0166220 263.7130 028.6290 15.27213300000000
1 47507U          19330.84097222  .00000000  00000-0  00000-0 0 00000
2 47507 098.0250 065.128  0159729 269.8880 358.6110 15.26649000000000
1 47507U          19331.22291667  .00000000  00000-0  00000-0 0 00000
2 47507 098.0150 065.528  0181760 267.8490 292.5160 15.20779100000000
1 47507U          19331.55486111  .00000000  00000-0  00000-0 0 00000
2 47507 098.0220 065.877  0179710 268.8970 309.4750 15.22421200000000
1 47507U          19331.87430556  .00000000  00000-0  00000-0 0 00000
2 47507 098.0160 066.220  0175860 264.8780 262.9320 15.20573500000000
1 47507U          19332.20625000  .00000000  00000-0  00000-0 0 00000
2 47507 098.0150 066.567  0179940 263.1440 282.7130 15.20177200000000
1 47507U          19332.59930556  .00000000  00000-0  00000-0 0 00000
2 47507 098.0180 066.984  0178430 261.6820 276.8600 15.20207100000000
1 47507U          19332.86944444  .00000000  00000-0  00000-0 0 00000
2 47507 098.0200 067.262  0179490 264.0110 314.0910 15.22425500000000
