1 54494U          19282.01597222  .00000000  00000-0  00000-0 0 00000
2 54494 097.7340 119.954  0000000 000.0000 268.0190 15.01920000000000
1 54494U          19282.32569444  .00000000  00000-0  00000-0 0 00000
2 54494 097.7330 120.259  0000000 000.0000 140.5200 15.01920000000000
1 54494U          19282.72986111  .00000000  00000-0  00000-0 0 00000
2 54494 097.7330 120.657  0000000 000.0000 163.0210 15.01920000000000
1 54494U          19283.02013889  .00000000  00000-0  00000-0 0 00000
2 54494 097.7330 120.944  0000000 000.0000 290.5210 15.01920000000000
1 54494U          19283.30000000  .00000000  00000-0  00000-0 0 00000
2 54494 097.7320 121.220  0000000 000.0000 001.7710 15.01920000000000
1 54494U          19283.66597222  .00000000  00000-0  00000-0 0 00000
2 54494 097.7320 121.580  0000000 000.0000 178.0220 15.01920000000000
1 54494U          19284.03611111  .00000000  00000-0  00000-0 0 00000
2 54494 097.7320 121.945  0000000 000.0000 016.7730 15.01920000000000
1 54494U          19284.40069444  .00000000  00000-0  00000-0 0 00000
2 54494 097.7310 122.305  0000000 000.0000 185.5230 15.01920000000000
1 54494U          19284.72152778  .00000000  00000-0  00000-0 0 00000
2 54494 097.7310 122.621  0000000 000.0000 118.0240 15.01920000000000
1 54494U          19285.04513889  .00000000  00000-0  00000-0 0 00000
2 54494 097.7310 122.940  0000000 000.0000 065.5240 15.01920000000000
1 54494U          19285.41111111  .00000000  00000-0  00000-0 0 00000
2 54494 097.7300 123.301  0000000 000.0000 241.7750 15.01920000000000
1 54494U          19285.71041667  .00000000  00000-0  00000-0 0 00000
2 54494 097.7300 123.596  0000000 000.0000 058.0250 15.01920000000000
1 54494U          19286.06597222  .00000000  00000-0  00000-0 0 00000
2 54494 097.7290 123.946  0000000 000.0000 178.0260 15.01920000000000
1 54494U          19286.30972222  .00000000  00000-0  00000-0 0 00000
2 54494 097.7290 124.187  0000000 000.0000 054.2760 15.01920000000000
1 54494U          19286.70972222  .00000000  00000-0  00000-0 0 00000
2 54494 097.7290 124.581  0000000 000.0000 054.2770 15.01920000000000
1 54494U          19286.96250000  .00000000  00000-0  00000-0 0 00000
2 54494 097.7290 124.830  0000000 000.0000 339.2770 15.01920000000000
1 54494U          19287.27916667  .00000000  00000-0  00000-0 0 00000
2 54494 097.7280 125.142  0000000 000.0000 249.2780 15.01920000000000
1 54494U          19287.74305556  .00000000  00000-0  00000-0 0 00000
2 54494 097.7280 125.600  0000000 000.0000 234.2790 15.01920000000000
1 54494U          19288.01736111  .00000000  00000-0  00000-0 0 00000
2 54494 097.7270 125.870  0000000 000.0000 275.5290 15.01920000000000
1 54494U          19288.28958333  .00000000  00000-0  00000-0 0 00000
2 54494 097.7270 126.138  0000000 000.0000 305.5290 15.01920000000000
1 54494U          19288.63194444  .00000000  00000-0  00000-0 0 00000
2 54494 097.7270 126.476  0000000 000.0000 354.2800 15.01920000000000
1 54494U          19288.94930556  .00000000  00000-0  00000-0 0 00000
2 54494 097.7260 126.789  0000000 000.0000 268.0300 15.01920000000000
1 54494U          19289.39861111  .00000000  00000-0  00000-0 0 00000
2 54494 097.7260 127.232  0000000 000.0000 174.2810 15.01920000000000
1 54494U          19289.63888889  .00000000  00000-0  00000-0 0 00000
2 54494 097.7260 127.468  0000000 000.0000 031.7810 15.01920000000000
1 54494U          19290.02430556  .00000000  00000-0  00000-0 0 00000
2 54494 097.7250 127.848  0000000 000.0000 313.0320 15.01920000000000
1 54494U          19290.31875000  .00000000  00000-0  00000-0 0 00000
2 54494 097.7250 128.139  0000000 000.0000 103.0330 15.01920000000000
1 54494U          19290.58958333  .00000000  00000-0  00000-0 0 00000
2 54494 097.7240 128.406  0000000 000.0000 125.5330 15.01920000000000
1 54494U          19291.01250000  .00000000  00000-0  00000-0 0 00000
2 54494 097.7240 128.823  0000000 000.0000 249.2840 15.01920000000000
1 54494U          19291.27777778  .00000000  00000-0  00000-0 0 00000
2 54494 097.7240 129.084  0000000 000.0000 241.7840 15.01920000000000
1 54494U          19291.73680556  .00000000  00000-0  00000-0 0 00000
2 54494 097.7230 129.537  0000000 000.0000 200.5350 15.01920000000000
1 54494U          19291.97013889  .00000000  00000-0  00000-0 0 00000
2 54494 097.7230 129.767  0000000 000.0000 020.5350 15.01920000000000
1 54494U          19292.26250000  .00000000  00000-0  00000-0 0 00000
2 54494 097.7220 130.055  0000000 000.0000 159.2850 15.01920000000000
1 54494U          19292.60625000  .00000000  00000-0  00000-0 0 00000
2 54494 097.7220 130.394  0000000 000.0000 215.5360 15.01920000000000
1 54494U          19292.95625000  .00000000  00000-0  00000-0 0 00000
2 54494 097.7220 130.739  0000000 000.0000 305.5360 15.01920000000000
1 54494U          19293.26875000  .00000000  00000-0  00000-0 0 00000
2 54494 097.7210 131.047  0000000 000.0000 193.0370 15.01920000000000
1 54494U          19293.68263889  .00000000  00000-0  00000-0 0 00000
2 54494 097.7210 131.455  0000000 000.0000 268.0370 15.01920000000000
1 54494U          19293.91736111  .00000000  00000-0  00000-0 0 00000
2 54494 097.7200 131.686  0000000 000.0000 095.5380 15.01920000000000
1 54494U          19294.31944444  .00000000  00000-0  00000-0 0 00000
2 54494 097.7200 132.083  0000000 000.0000 106.7880 15.01920000000000
1 54494U          19294.73125000  .00000000  00000-0  00000-0 0 00000
2 54494 097.7190 132.489  0000000 000.0000 170.5390 15.01920000000000
1 54494U          19295.03125000  .00000000  00000-0  00000-0 0 00000
2 54494 097.7190 132.784  0000000 000.0000 350.5390 15.01920000000000
1 54494U          19295.36388889  .00000000  00000-0  00000-0 0 00000
2 54494 097.7190 133.112  0000000 000.0000 346.7900 15.01920000000000
1 54494U          19295.71527778  .00000000  00000-0  00000-0 0 00000
2 54494 097.7180 133.459  0000000 000.0000 084.2900 15.01920000000000
1 54494U          19296.04652778  .00000000  00000-0  00000-0 0 00000
2 54494 097.7180 133.785  0000000 000.0000 073.0410 15.01920000000000
1 54494U          19296.25694444  .00000000  00000-0  00000-0 0 00000
2 54494 097.7170 133.993  0000000 000.0000 129.2910 15.01920000000000
1 54494U          19296.66041667  .00000000  00000-0  00000-0 0 00000
2 54494 097.7170 134.390  0000000 000.0000 148.0420 15.01920000000000
1 54494U          19297.05694444  .00000000  00000-0  00000-0 0 00000
2 54494 097.7160 134.781  0000000 000.0000 129.2920 15.01920000000000
1 54494U          19297.39722222  .00000000  00000-0  00000-0 0 00000
2 54494 097.7160 135.117  0000000 000.0000 166.7930 15.01920000000000
1 54494U          19297.59027778  .00000000  00000-0  00000-0 0 00000
2 54494 097.7160 135.307  0000000 000.0000 129.2930 15.01920000000000
1 54494U          19298.06250000  .00000000  00000-0  00000-0 0 00000
2 54494 097.7150 135.772  0000000 000.0000 159.2940 15.01920000000000
1 54494U          19298.25902778  .00000000  00000-0  00000-0 0 00000
2 54494 097.7150 135.966  0000000 000.0000 140.5440 15.01920000000000
1 54494U          19298.72708333  .00000000  00000-0  00000-0 0 00000
2 54494 097.7140 136.428  0000000 000.0000 148.0440 15.01920000000000
1 54494U          19298.99513889  .00000000  00000-0  00000-0 0 00000
2 54494 097.7140 136.692  0000000 000.0000 155.5450 15.01920000000000
1 54494U          19299.39930556  .00000000  00000-0  00000-0 0 00000
2 54494 097.7130 137.090  0000000 000.0000 178.0450 15.01920000000000
1 54494U          19299.70833333  .00000000  00000-0  00000-0 0 00000
2 54494 097.7130 137.395  0000000 000.0000 046.7960 15.01920000000000
1 54494U          19300.03750000  .00000000  00000-0  00000-0 0 00000
2 54494 097.7120 137.719  0000000 000.0000 024.2960 15.01920000000000
1 54494U          19300.35625000  .00000000  00000-0  00000-0 0 00000
2 54494 097.7120 138.034  0000000 000.0000 305.5470 15.01920000000000
1 54494U          19300.61111111  .00000000  00000-0  00000-0 0 00000
2 54494 097.7120 138.285  0000000 000.0000 241.7970 15.01920000000000
1 54494U          19301.05277778  .00000000  00000-0  00000-0 0 00000
2 54494 097.7110 138.720  0000000 000.0000 106.7970 15.01920000000000
1 54494U          19301.37569444  .00000000  00000-0  00000-0 0 00000
2 54494 097.7110 139.038  0000000 000.0000 050.5480 15.01920000000000
1 54494U          19301.74861111  .00000000  00000-0  00000-0 0 00000
2 54494 097.7100 139.406  0000000 000.0000 264.2980 15.01920000000000
1 54494U          19301.99305556  .00000000  00000-0  00000-0 0 00000
2 54494 097.7100 139.647  0000000 000.0000 144.2990 15.01920000000000
1 54494U          19302.27986111  .00000000  00000-0  00000-0 0 00000
2 54494 097.7090 139.930  0000000 000.0000 253.0490 15.01920000000000
1 54494U          19302.74513889  .00000000  00000-0  00000-0 0 00000
2 54494 097.7090 140.388  0000000 000.0000 245.5500 15.01920000000000
1 54494U          19302.98958333  .00000000  00000-0  00000-0 0 00000
2 54494 097.7080 140.629  0000000 000.0000 125.5500 15.01920000000000
1 54494U          19303.37708333  .00000000  00000-0  00000-0 0 00000
2 54494 097.7080 141.011  0000000 000.0000 058.0500 15.01920000000000
1 54494U          19303.64444444  .00000000  00000-0  00000-0 0 00000
2 54494 097.7070 141.275  0000000 000.0000 061.8010 15.01920000000000
1 54494U          19303.92777778  .00000000  00000-0  00000-0 0 00000
2 54494 097.7070 141.554  0000000 000.0000 151.8010 15.01920000000000
1 54494U          19304.28541667  .00000000  00000-0  00000-0 0 00000
2 54494 097.7060 141.907  0000000 000.0000 283.0510 15.01920000000000
1 54494U          19304.64166667  .00000000  00000-0  00000-0 0 00000
2 54494 097.7060 142.258  0000000 000.0000 046.8020 15.01920000000000
1 54494U          19304.93819444  .00000000  00000-0  00000-0 0 00000
2 54494 097.7050 142.550  0000000 000.0000 208.0520 15.01920000000000
1 54494U          19305.41597222  .00000000  00000-0  00000-0 0 00000
2 54494 097.7050 143.021  0000000 000.0000 268.0530 15.01920000000000
1 54494U          19305.72777778  .00000000  00000-0  00000-0 0 00000
2 54494 097.7040 143.329  0000000 000.0000 151.8030 15.01920000000000
1 54494U          19306.07916667  .00000000  00000-0  00000-0 0 00000
2 54494 097.7040 143.675  0000000 000.0000 249.3040 15.01920000000000
1 54494U          19306.25486111  .00000000  00000-0  00000-0 0 00000
2 54494 097.7030 143.848  0000000 000.0000 118.0540 15.01920000000000
1 54494U          19306.64375000  .00000000  00000-0  00000-0 0 00000
2 54494 097.7030 144.232  0000000 000.0000 058.0540 15.01920000000000
1 54494U          19306.93611111  .00000000  00000-0  00000-0 0 00000
2 54494 097.7020 144.520  0000000 000.0000 196.8040 15.01920000000000
1 54494U          19307.34097222  .00000000  00000-0  00000-0 0 00000
2 54494 097.7020 144.919  0000000 000.0000 223.0550 15.01920000000000
1 54494U          19307.66666667  .00000000  00000-0  00000-0 0 00000
2 54494 097.7010 145.240  0000000 000.0000 181.8050 15.01920000000000
1 54494U          19308.00902778  .00000000  00000-0  00000-0 0 00000
2 54494 097.7010 145.577  0000000 000.0000 230.5560 15.01920000000000
1 54494U          19308.34652778  .00000000  00000-0  00000-0 0 00000
2 54494 097.7000 145.910  0000000 000.0000 253.0560 15.01920000000000
1 54494U          19308.65277778  .00000000  00000-0  00000-0 0 00000
2 54494 097.7000 146.212  0000000 000.0000 106.8060 15.01920000000000
1 54494U          19308.93680556  .00000000  00000-0  00000-0 0 00000
2 54494 097.6990 146.492  0000000 000.0000 200.5570 15.01920000000000
1 54494U          19309.28333333  .00000000  00000-0  00000-0 0 00000
2 54494 097.6990 146.834  0000000 000.0000 271.8070 15.01920000000000
1 54494U          19309.74166667  .00000000  00000-0  00000-0 0 00000
2 54494 097.6980 147.285  0000000 000.0000 226.8080 15.01920000000000
1 54494U          19310.04722222  .00000000  00000-0  00000-0 0 00000
2 54494 097.6980 147.587  0000000 000.0000 076.8080 15.01920000000000
1 54494U          19310.33611111  .00000000  00000-0  00000-0 0 00000
2 54494 097.6970 147.871  0000000 000.0000 196.8080 15.01920000000000
1 54494U          19310.72222222  .00000000  00000-0  00000-0 0 00000
2 54494 097.6970 148.252  0000000 000.0000 121.8090 15.01920000000000
1 54494U          19311.07777778  .00000000  00000-0  00000-0 0 00000
2 54494 097.6960 148.602  0000000 000.0000 241.8090 15.01920000000000
1 54494U          19311.27291667  .00000000  00000-0  00000-0 0 00000
2 54494 097.6960 148.795  0000000 000.0000 215.5590 15.01920000000000
1 54494U          19311.67083333  .00000000  00000-0  00000-0 0 00000
2 54494 097.6950 149.187  0000000 000.0000 204.3090 15.01920000000000
1 54494U          19311.95416667  .00000000  00000-0  00000-0 0 00000
2 54494 097.6950 149.466  0000000 000.0000 294.3100 15.01914300000000
1 54494U          19312.21041667  .00000000  00000-0  00000-0 0 00000
2 54494 097.6940 149.719  0000000 000.0000 238.0600 15.01914300000000
1 54494U          19312.58541667  .00000000  00000-0  00000-0 0 00000
2 54494 097.6940 150.088  0000000 000.0000 103.0600 15.01914300000000
1 54494U          19312.97222222  .00000000  00000-0  00000-0 0 00000
2 54494 097.6930 150.470  0000000 000.0000 031.8110 15.01914300000000
1 54494U          19313.15069444  .00000000  00000-0  00000-0 0 00000
2 54494 097.6930 150.646  0000000 000.0000 275.5610 15.01914300000000
1 54494U          19313.54652778  .00000000  00000-0  00000-0 0 00000
2 54494 097.6920 151.036  0000000 000.0000 253.0610 15.01914300000000
1 54494U          19313.91111111  .00000000  00000-0  00000-0 0 00000
2 54494 097.6910 151.395  0000000 000.0000 061.8120 15.01914300000000
1 54494U          19314.23125000  .00000000  00000-0  00000-0 0 00000
2 54494 097.6910 151.711  0000000 000.0000 350.5620 15.01914300000000
1 54494U          19314.56944444  .00000000  00000-0  00000-0 0 00000
2 54494 097.6900 152.044  0000000 000.0000 016.8120 15.01914300000000
1 54494U          19314.94583333  .00000000  00000-0  00000-0 0 00000
2 54494 097.6900 152.415  0000000 000.0000 249.3130 15.01914300000000
1 54494U          19315.26944444  .00000000  00000-0  00000-0 0 00000
2 54494 097.6890 152.734  0000000 000.0000 196.8130 15.01914300000000
1 54494U          19315.55694444  .00000000  00000-0  00000-0 0 00000
2 54494 097.6890 153.018  0000000 000.0000 309.3130 15.01914300000000
1 54494U          19315.83541667  .00000000  00000-0  00000-0 0 00000
2 54494 097.6880 153.292  0000000 000.0000 013.0630 15.01914300000000
1 54494U          19316.24097222  .00000000  00000-0  00000-0 0 00000
2 54494 097.6880 153.692  0000000 000.0000 043.0640 15.01914300000000
1 54494U          19316.52222222  .00000000  00000-0  00000-0 0 00000
2 54494 097.6870 153.969  0000000 000.0000 121.8140 15.01914300000000
1 54494U          19316.84375000  .00000000  00000-0  00000-0 0 00000
2 54494 097.6860 154.286  0000000 000.0000 058.0640 15.01914300000000
1 54494U          19317.23888889  .00000000  00000-0  00000-0 0 00000
2 54494 097.6860 154.676  0000000 000.0000 031.8150 15.01914300000000
1 54494U          19317.58611111  .00000000  00000-0  00000-0 0 00000
2 54494 097.6850 155.018  0000000 000.0000 106.8150 15.01914300000000
1 54494U          19317.94027778  .00000000  00000-0  00000-0 0 00000
2 54494 097.6850 155.367  0000000 000.0000 219.3150 15.01914300000000
1 54494U          19318.17916667  .00000000  00000-0  00000-0 0 00000
2 54494 097.6840 155.602  0000000 000.0000 069.3150 15.01914300000000
1 54494U          19318.49652778  .00000000  00000-0  00000-0 0 00000
2 54494 097.6840 155.915  0000000 000.0000 343.0660 15.01914300000000
1 54494U          19318.85416667  .00000000  00000-0  00000-0 0 00000
2 54494 097.6830 156.268  0000000 000.0000 114.3160 15.01914300000000
1 54494U          19318.89583333  .00000000  00000-0  00000-0 0 00000
2 54494 097.6830 156.309  0000000 000.0000 339.3160 15.01914300000000
1 54494U          19319.25277778  .00000000  00000-0  00000-0 0 00000
2 54494 097.6910 156.641  0017720 255.8280 179.7430 14.74763700000000
1 54494U          19319.54652778  .00000000  00000-0  00000-0 0 00000
2 54494 097.6780 156.918  0004990 248.0490 302.5010 14.69575900000000
1 54494U          19319.84236111  .00000000  00000-0  00000-0 0 00000
2 54494 097.6850 157.202  0006100 198.4710 118.0120 14.72117800000000
1 54494U          19320.21527778  .00000000  00000-0  00000-0 0 00000
2 54494 097.6850 157.552  0011160 327.3750 163.1560 14.72721200000000
1 54494U          19320.60833333  .00000000  00000-0  00000-0 0 00000
2 54494 097.6820 157.914  0010380 220.3460 190.9590 14.72876900000000
1 54494U          19320.97291667  .00000000  00000-0  00000-0 0 00000
2 54494 097.6760 158.259  0005220 213.9590 327.2420 14.69358300000000
1 54494U          19321.18888889  .00000000  00000-0  00000-0 0 00000
2 54494 097.6850 158.457  0011769 040.7070 203.7820 14.74088300000000
1 54494U          19321.60555556  .00000000  00000-0  00000-0 0 00000
2 54494 097.6840 158.858  0012840 126.7310 163.3320 14.74476300000000
1 54494U          19321.87638889  .00000000  00000-0  00000-0 0 00000
2 54494 097.6870 159.110  0013820 116.2690 167.4790 14.74861000000000
1 54494U          19322.24305556  .00000000  00000-0  00000-0 0 00000
2 54494 097.6850 159.448  0016070 234.0730 190.7040 14.74066500000000
1 54494U          19322.58333333  .00000000  00000-0  00000-0 0 00000
2 54494 097.6810 159.770  0016579 235.4370 190.6250 14.74177800000000
1 54494U          19322.85555556  .00000000  00000-0  00000-0 0 00000
2 54494 097.6850 160.024  0017010 236.6070 190.4790 14.74269600000000
1 54494U          19323.24513889  .00000000  00000-0  00000-0 0 00000
2 54494 097.6780 160.398  0006940 230.1310 099.1400 14.70870300000000
1 54494U          19323.48055556  .00000000  00000-0  00000-0 0 00000
2 54494 097.6790 160.619  0006830 325.8330 169.6350 14.72227900000000
1 54494U          19323.96250000  .00000000  00000-0  00000-0 0 00000
2 54494 097.6720 161.070  0005000 177.8200 348.8810 14.69689100000000
1 54494U          19324.24305556  .00000000  00000-0  00000-0 0 00000
2 54494 097.6760 161.326  0005240 279.3060 292.5970 14.70965200000000
1 54494U          19324.49722222  .00000000  00000-0  00000-0 0 00000
2 54494 097.6800 161.573  0013779 297.3640 179.9000 14.73950500000000
1 54494U          19324.83194444  .00000000  00000-0  00000-0 0 00000
2 54494 097.6830 161.884  0019910 261.4020 187.7770 14.75148700000000
1 54494U          19325.21944444  .00000000  00000-0  00000-0 0 00000
2 54494 097.6720 162.250  0006030 250.0820 090.3060 14.70018200000000
1 54494U          19325.64236111  .00000000  00000-0  00000-0 0 00000
2 54494 097.6760 162.643  0015970 219.0530 200.1600 14.73613600000000
1 54494U          19325.89027778  .00000000  00000-0  00000-0 0 00000
2 54494 097.6790 162.881  0015420 139.5190 151.9760 14.74408700000000
1 54494U          19325.93541667  .00000000  00000-0  00000-0 0 00000
2 54494 097.6690 162.922  0007429 180.7420 349.7210 14.69543100000000
1 54494U          19326.17638889  .00000000  00000-0  00000-0 0 00000
2 54494 097.6690 163.144  0000890 290.5200 075.5600 14.69439500000000
1 54494U          19326.58888889  .00000000  00000-0  00000-0 0 00000
2 54494 097.6680 163.531  0006700 172.0050 217.7170 14.70786400000000
1 54494U          19326.95347222  .00000000  00000-0  00000-0 0 00000
2 54494 097.6680 163.880  0005490 165.5220 354.0690 14.70094600000000
1 54494U          19327.18055556  .00000000  00000-0  00000-0 0 00000
2 54494 097.6760 164.091  0016740 125.6340 156.0370 14.74912400000000
1 54494U          19327.61180556  .00000000  00000-0  00000-0 0 00000
2 54494 097.6690 164.491  0012600 193.6680 210.9400 14.72209600000000
1 54494U          19327.87638889  .00000000  00000-0  00000-0 0 00000
2 54494 097.6670 164.742  0000890 227.5980 137.5580 14.69388100000000
1 54494U          19328.22986111  .00000000  00000-0  00000-0 0 00000
2 54494 097.6750 165.072  0020060 235.6490 200.6430 14.74797700000000
1 54494U          19328.48055556  .00000000  00000-0  00000-0 0 00000
2 54494 097.6670 165.315  0011379 195.9090 127.3840 14.71424400000000
1 54494U          19328.87083333  .00000000  00000-0  00000-0 0 00000
2 54494 097.6700 165.672  0003050 033.6630 195.6990 14.72696700000000
1 54494U          19329.26180556  .00000000  00000-0  00000-0 0 00000
2 54494 097.6680 166.049  0001160 276.1340 222.7510 14.71897300000000
1 54494U          19329.48125000  .00000000  00000-0  00000-0 0 00000
2 54494 097.6650 166.245  0001480 258.6880 321.9610 14.71821500000000
1 54494U          19329.91180556  .00000000  00000-0  00000-0 0 00000
2 54494 097.6630 166.658  0007379 217.6160 122.1200 14.70054600000000
1 54494U          19330.19513889  .00000000  00000-0  00000-0 0 00000
2 54494 097.6650 166.915  0012890 181.4430 218.2180 14.71694200000000
1 54494U          19330.58055556  .00000000  00000-0  00000-0 0 00000
2 54494 097.6680 167.286  0019200 126.2180 153.6110 14.74984000000000
1 54494U          19330.83333333  .00000000  00000-0  00000-0 0 00000
2 54494 097.6610 167.521  0011830 181.5010 356.4430 14.69373400000000
1 54494U          19331.21597222  .00000000  00000-0  00000-0 0 00000
2 54494 097.6640 167.874  0014800 184.9010 218.6220 14.72075300000000
1 54494U          19331.54583333  .00000000  00000-0  00000-0 0 00000
2 54494 097.6560 168.192  0005090 210.7950 138.8080 14.69559400000000
1 54494U          19331.82222222  .00000000  00000-0  00000-0 0 00000
2 54494 097.6590 168.447  0005269 154.1010 218.6290 14.69640300000000
1 54494U          19332.30625000  .00000000  00000-0  00000-0 0 00000
2 54494 097.6650 168.899  0018460 197.6150 217.3810 14.73207000000000
1 54494U          19332.55763889  .00000000  00000-0  00000-0 0 00000
2 54494 097.6610 169.146  0018560 161.8340 143.8070 14.73181200000000
1 54494U          19332.86111111  .00000000  00000-0  00000-0 0 00000
2 54494 097.6660 169.428  0011689 267.1080 205.0030 14.74333800000000
