1 55340U          19281.92430556  .00000000  00000-0  00000-0 0 00000
2 55340 097.7340 119.863  0000000 000.0000 085.0190 15.01920000000000
1 55340U          19282.26458333  .00000000  00000-0  00000-0 0 00000
2 55340 097.7330 120.199  0000000 000.0000 122.5200 15.01920000000000
1 55340U          19282.65555556  .00000000  00000-0  00000-0 0 00000
2 55340 097.7330 120.584  0000000 000.0000 073.7700 15.01920000000000
1 55340U          19282.98402778  .00000000  00000-0  00000-0 0 00000
2 55340 097.7330 120.908  0000000 000.0000 047.5210 15.01920000000000
1 55340U          19283.27083333  .00000000  00000-0  00000-0 0 00000
2 55340 097.7320 121.191  0000000 000.0000 156.2710 15.01920000000000
1 55340U          19283.69375000  .00000000  00000-0  00000-0 0 00000
2 55340 097.7320 121.608  0000000 000.0000 280.0220 15.01920000000000
1 55340U          19283.93680556  .00000000  00000-0  00000-0 0 00000
2 55340 097.7320 121.847  0000000 000.0000 152.5230 15.01920000000000
1 55340U          19284.30555556  .00000000  00000-0  00000-0 0 00000
2 55340 097.7310 122.211  0000000 000.0000 343.7730 15.01920000000000
1 55340U          19284.64791667  .00000000  00000-0  00000-0 0 00000
2 55340 097.7310 122.548  0000000 000.0000 032.5240 15.01920000000000
1 55340U          19284.96458333  .00000000  00000-0  00000-0 0 00000
2 55340 097.7310 122.860  0000000 000.0000 302.5240 15.01920000000000
1 55340U          19285.27638889  .00000000  00000-0  00000-0 0 00000
2 55340 097.7300 123.168  0000000 000.0000 186.2750 15.01920000000000
1 55340U          19285.68541667  .00000000  00000-0  00000-0 0 00000
2 55340 097.7300 123.571  0000000 000.0000 235.0250 15.01920000000000
1 55340U          19286.02708333  .00000000  00000-0  00000-0 0 00000
2 55340 097.7300 123.908  0000000 000.0000 280.0260 15.01920000000000
1 55340U          19286.30208333  .00000000  00000-0  00000-0 0 00000
2 55340 097.7290 124.179  0000000 000.0000 325.0260 15.01920000000000
1 55340U          19286.69722222  .00000000  00000-0  00000-0 0 00000
2 55340 097.7290 124.569  0000000 000.0000 298.7770 15.01920000000000
1 55340U          19287.01736111  .00000000  00000-0  00000-0 0 00000
2 55340 097.7280 124.884  0000000 000.0000 227.5270 15.01920000000000
1 55340U          19287.40694444  .00000000  00000-0  00000-0 0 00000
2 55340 097.7280 125.268  0000000 000.0000 171.2780 15.01920000000000
1 55340U          19287.68611111  .00000000  00000-0  00000-0 0 00000
2 55340 097.7280 125.543  0000000 000.0000 238.7780 15.01920000000000
1 55340U          19287.94305556  .00000000  00000-0  00000-0 0 00000
2 55340 097.7270 125.797  0000000 000.0000 186.2790 15.01920000000000
1 55340U          19288.25486111  .00000000  00000-0  00000-0 0 00000
2 55340 097.7270 126.104  0000000 000.0000 070.0290 15.01920000000000
1 55340U          19288.59166667  .00000000  00000-0  00000-0 0 00000
2 55340 097.7270 126.436  0000000 000.0000 088.7800 15.01920000000000
1 55340U          19288.93055556  .00000000  00000-0  00000-0 0 00000
2 55340 097.7260 126.770  0000000 000.0000 118.7800 15.01920000000000
1 55340U          19289.37291667  .00000000  00000-0  00000-0 0 00000
2 55340 097.7260 127.206  0000000 000.0000 347.5310 15.01920000000000
1 55340U          19289.59513889  .00000000  00000-0  00000-0 0 00000
2 55340 097.7260 127.425  0000000 000.0000 107.5310 15.01920000000000
1 55340U          19289.92777778  .00000000  00000-0  00000-0 0 00000
2 55340 097.7250 127.753  0000000 000.0000 103.7820 15.01920000000000
1 55340U          19290.30486111  .00000000  00000-0  00000-0 0 00000
2 55340 097.7250 128.125  0000000 000.0000 340.0320 15.01920000000000
1 55340U          19290.71597222  .00000000  00000-0  00000-0 0 00000
2 55340 097.7240 128.530  0000000 000.0000 040.0330 15.01920000000000
1 55340U          19291.04861111  .00000000  00000-0  00000-0 0 00000
2 55340 097.7240 128.858  0000000 000.0000 036.2840 15.01920000000000
1 55340U          19291.27986111  .00000000  00000-0  00000-0 0 00000
2 55340 097.7240 129.086  0000000 000.0000 205.0340 15.01920000000000
1 55340U          19291.68888889  .00000000  00000-0  00000-0 0 00000
2 55340 097.7230 129.489  0000000 000.0000 253.7850 15.01920000000000
1 55340U          19291.99166667  .00000000  00000-0  00000-0 0 00000
2 55340 097.7230 129.788  0000000 000.0000 088.7850 15.01920000000000
1 55340U          19292.29791667  .00000000  00000-0  00000-0 0 00000
2 55340 097.7220 130.090  0000000 000.0000 302.5350 15.01920000000000
1 55340U          19292.70833333  .00000000  00000-0  00000-0 0 00000
2 55340 097.7220 130.494  0000000 000.0000 358.7860 15.01920000000000
1 55340U          19293.04166667  .00000000  00000-0  00000-0 0 00000
2 55340 097.7220 130.823  0000000 000.0000 358.7870 15.01920000000000
1 55340U          19293.35138889  .00000000  00000-0  00000-0 0 00000
2 55340 097.7210 131.128  0000000 000.0000 231.2870 15.01920000000000
1 55340U          19293.71111111  .00000000  00000-0  00000-0 0 00000
2 55340 097.7210 131.483  0000000 000.0000 013.7880 15.01920000000000
1 55340U          19293.93263889  .00000000  00000-0  00000-0 0 00000
2 55340 097.7200 131.701  0000000 000.0000 130.0380 15.01920000000000
1 55340U          19294.32291667  .00000000  00000-0  00000-0 0 00000
2 55340 097.7200 132.086  0000000 000.0000 077.5380 15.01920000000000
1 55340U          19294.72500000  .00000000  00000-0  00000-0 0 00000
2 55340 097.7190 132.482  0000000 000.0000 088.7890 15.01920000000000
1 55340U          19294.95833333  .00000000  00000-0  00000-0 0 00000
2 55340 097.7190 132.712  0000000 000.0000 268.7890 15.01920000000000
1 55340U          19295.33680556  .00000000  00000-0  00000-0 0 00000
2 55340 097.7190 133.085  0000000 000.0000 152.5400 15.01920000000000
1 55340U          19295.66180556  .00000000  00000-0  00000-0 0 00000
2 55340 097.7180 133.406  0000000 000.0000 107.5400 15.01920000000000
1 55340U          19295.97430556  .00000000  00000-0  00000-0 0 00000
2 55340 097.7180 133.714  0000000 000.0000 355.0410 15.01920000000000
1 55340U          19296.40625000  .00000000  00000-0  00000-0 0 00000
2 55340 097.7170 134.140  0000000 000.0000 167.5410 15.01920000000000
1 55340U          19296.74097222  .00000000  00000-0  00000-0 0 00000
2 55340 097.7170 134.470  0000000 000.0000 175.0420 15.01920000000000
1 55340U          19296.96944444  .00000000  00000-0  00000-0 0 00000
2 55340 097.7170 134.695  0000000 000.0000 328.7920 15.01920000000000
1 55340U          19297.40347222  .00000000  00000-0  00000-0 0 00000
2 55340 097.7160 135.123  0000000 000.0000 152.5430 15.01920000000000
1 55340U          19297.73263889  .00000000  00000-0  00000-0 0 00000
2 55340 097.7160 135.447  0000000 000.0000 130.0430 15.01920000000000
1 55340U          19298.04305556  .00000000  00000-0  00000-0 0 00000
2 55340 097.7150 135.753  0000000 000.0000 006.2940 15.01920000000000
1 55340U          19298.38541667  .00000000  00000-0  00000-0 0 00000
2 55340 097.7150 136.091  0000000 000.0000 055.0440 15.01920000000000
1 55340U          19298.70833333  .00000000  00000-0  00000-0 0 00000
2 55340 097.7140 136.409  0000000 000.0000 358.7940 15.01920000000000
1 55340U          19299.02847222  .00000000  00000-0  00000-0 0 00000
2 55340 097.7140 136.725  0000000 000.0000 287.5450 15.01920000000000
1 55340U          19299.31875000  .00000000  00000-0  00000-0 0 00000
2 55340 097.7130 137.011  0000000 000.0000 055.0450 15.01920000000000
1 55340U          19299.58958333  .00000000  00000-0  00000-0 0 00000
2 55340 097.7130 137.278  0000000 000.0000 077.5460 15.01920000000000
1 55340U          19300.07986111  .00000000  00000-0  00000-0 0 00000
2 55340 097.7120 137.761  0000000 000.0000 205.0460 15.01920000000000
1 55340U          19300.34652778  .00000000  00000-0  00000-0 0 00000
2 55340 097.7120 138.024  0000000 000.0000 205.0470 15.01920000000000
1 55340U          19300.60763889  .00000000  00000-0  00000-0 0 00000
2 55340 097.7120 138.281  0000000 000.0000 175.0470 15.01920000000000
1 55340U          19301.05763889  .00000000  00000-0  00000-0 0 00000
2 55340 097.7110 138.725  0000000 000.0000 085.0470 15.01920000000000
1 55340U          19301.40625000  .00000000  00000-0  00000-0 0 00000
2 55340 097.7110 139.069  0000000 000.0000 167.5480 15.01920000000000
1 55340U          19301.69444444  .00000000  00000-0  00000-0 0 00000
2 55340 097.7100 139.353  0000000 000.0000 283.7980 15.01920000000000
1 55340U          19302.07500000  .00000000  00000-0  00000-0 0 00000
2 55340 097.7100 139.728  0000000 000.0000 178.7990 15.01920000000000
1 55340U          19302.35555556  .00000000  00000-0  00000-0 0 00000
2 55340 097.7090 140.004  0000000 000.0000 253.7990 15.01920000000000
1 55340U          19302.67291667  .00000000  00000-0  00000-0 0 00000
2 55340 097.7090 140.317  0000000 000.0000 167.5490 15.01920000000000
1 55340U          19303.00486111  .00000000  00000-0  00000-0 0 00000
2 55340 097.7080 140.644  0000000 000.0000 160.0500 15.01920000000000
1 55340U          19303.30416667  .00000000  00000-0  00000-0 0 00000
2 55340 097.7080 140.940  0000000 000.0000 336.3000 15.01920000000000
1 55340U          19303.68611111  .00000000  00000-0  00000-0 0 00000
2 55340 097.7070 141.316  0000000 000.0000 238.8010 15.01920000000000
1 55340U          19303.93125000  .00000000  00000-0  00000-0 0 00000
2 55340 097.7070 141.558  0000000 000.0000 122.5510 15.01920000000000
1 55340U          19304.26041667  .00000000  00000-0  00000-0 0 00000
2 55340 097.7060 141.882  0000000 000.0000 100.0510 15.01920000000000
1 55340U          19304.70277778  .00000000  00000-0  00000-0 0 00000
2 55340 097.7060 142.318  0000000 000.0000 328.8020 15.01920000000000
1 55340U          19304.95208333  .00000000  00000-0  00000-0 0 00000
2 55340 097.7050 142.564  0000000 000.0000 235.0520 15.01920000000000
1 55340U          19305.27013889  .00000000  00000-0  00000-0 0 00000
2 55340 097.7050 142.878  0000000 000.0000 152.5530 15.01920000000000
1 55340U          19305.70694444  .00000000  00000-0  00000-0 0 00000
2 55340 097.7040 143.308  0000000 000.0000 351.3030 15.01920000000000
1 55340U          19305.96597222  .00000000  00000-0  00000-0 0 00000
2 55340 097.7040 143.563  0000000 000.0000 310.0530 15.01920000000000
1 55340U          19306.30902778  .00000000  00000-0  00000-0 0 00000
2 55340 097.7030 143.902  0000000 000.0000 002.5540 15.01920000000000
1 55340U          19306.63333333  .00000000  00000-0  00000-0 0 00000
2 55340 097.7030 144.221  0000000 000.0000 313.8040 15.01920000000000
1 55340U          19307.00416667  .00000000  00000-0  00000-0 0 00000
2 55340 097.7020 144.587  0000000 000.0000 156.3050 15.01920000000000
1 55340U          19307.38611111  .00000000  00000-0  00000-0 0 00000
2 55340 097.7020 144.963  0000000 000.0000 058.8050 15.01920000000000
1 55340U          19307.71666667  .00000000  00000-0  00000-0 0 00000
2 55340 097.7010 145.289  0000000 000.0000 043.8050 15.01920000000000
1 55340U          19307.91875000  .00000000  00000-0  00000-0 0 00000
2 55340 097.7010 145.488  0000000 000.0000 055.0560 15.01920000000000
1 55340U          19308.40347222  .00000000  00000-0  00000-0 0 00000
2 55340 097.7000 145.966  0000000 000.0000 152.5560 15.01920000000000
1 55340U          19308.64722222  .00000000  00000-0  00000-0 0 00000
2 55340 097.7000 146.206  0000000 000.0000 028.8060 15.01920000000000
1 55340U          19308.92708333  .00000000  00000-0  00000-0 0 00000
2 55340 097.6990 146.482  0000000 000.0000 100.0570 15.01920000000000
1 55340U          19309.36041667  .00000000  00000-0  00000-0 0 00000
2 55340 097.6990 146.909  0000000 000.0000 280.0570 15.01920000000000
1 55340U          19309.66458333  .00000000  00000-0  00000-0 0 00000
2 55340 097.6980 147.209  0000000 000.0000 122.5570 15.01920000000000
1 55340U          19310.03194444  .00000000  00000-0  00000-0 0 00000
2 55340 097.6980 147.571  0000000 000.0000 306.3080 15.01920000000000
1 55340U          19310.35138889  .00000000  00000-0  00000-0 0 00000
2 55340 097.6970 147.886  0000000 000.0000 231.3080 15.01920000000000
1 55340U          19310.60416667  .00000000  00000-0  00000-0 0 00000
2 55340 097.6970 148.136  0000000 000.0000 156.3080 15.01920000000000
1 55340U          19310.98055556  .00000000  00000-0  00000-0 0 00000
2 55340 097.6960 148.507  0000000 000.0000 028.8090 15.01920000000000
1 55340U          19311.39583333  .00000000  00000-0  00000-0 0 00000
2 55340 097.6950 148.916  0000000 000.0000 111.3090 15.01920000000000
1 55340U          19311.68680556  .00000000  00000-0  00000-0 0 00000
2 55340 097.6950 149.203  0000000 000.0000 242.5590 15.01920000000000
1 55340U          19311.94236111  .00000000  00000-0  00000-0 0 00000
2 55340 097.6950 149.455  0000000 000.0000 182.5600 15.01914300000000
1 55340U          19312.25972222  .00000000  00000-0  00000-0 0 00000
2 55340 097.6940 149.767  0000000 000.0000 096.3100 15.01914300000000
1 55340U          19312.58263889  .00000000  00000-0  00000-0 0 00000
2 55340 097.6940 150.086  0000000 000.0000 040.0600 15.01914300000000
1 55340U          19312.94027778  .00000000  00000-0  00000-0 0 00000
2 55340 097.6930 150.438  0000000 000.0000 171.3110 15.01914300000000
1 55340U          19313.29375000  .00000000  00000-0  00000-0 0 00000
2 55340 097.6920 150.787  0000000 000.0000 280.0610 15.01914300000000
1 55340U          19313.59027778  .00000000  00000-0  00000-0 0 00000
2 55340 097.6920 151.079  0000000 000.0000 081.3110 15.01914300000000
1 55340U          19313.91805556  .00000000  00000-0  00000-0 0 00000
2 55340 097.6910 151.402  0000000 000.0000 051.3120 15.01914300000000
1 55340U          19314.20138889  .00000000  00000-0  00000-0 0 00000
2 55340 097.6910 151.681  0000000 000.0000 141.3120 15.01914300000000
1 55340U          19314.52847222  .00000000  00000-0  00000-0 0 00000
2 55340 097.6900 152.004  0000000 000.0000 107.5620 15.01914300000000
1 55340U          19314.88680556  .00000000  00000-0  00000-0 0 00000
2 55340 097.6900 152.357  0000000 000.0000 242.5630 15.01914300000000
1 55340U          19315.18125000  .00000000  00000-0  00000-0 0 00000
2 55340 097.6890 152.647  0000000 000.0000 032.5630 15.01914300000000
1 55340U          19315.62708333  .00000000  00000-0  00000-0 0 00000
2 55340 097.6890 153.087  0000000 000.0000 280.0630 15.01914300000000
1 55340U          19315.94097222  .00000000  00000-0  00000-0 0 00000
2 55340 097.6880 153.396  0000000 000.0000 175.0630 15.01914300000000
1 55340U          19316.19791667  .00000000  00000-0  00000-0 0 00000
2 55340 097.6880 153.649  0000000 000.0000 122.5640 15.01914300000000
1 55340U          19316.49861111  .00000000  00000-0  00000-0 0 00000
2 55340 097.6870 153.946  0000000 000.0000 306.3140 15.01914300000000
1 55340U          19316.81250000  .00000000  00000-0  00000-0 0 00000
2 55340 097.6870 154.255  0000000 000.0000 201.3140 15.01914300000000
1 55340U          19317.26736111  .00000000  00000-0  00000-0 0 00000
2 55340 097.6860 154.704  0000000 000.0000 137.5650 15.01914300000000
1 55340U          19317.59444444  .00000000  00000-0  00000-0 0 00000
2 55340 097.6850 155.026  0000000 000.0000 103.8150 15.01914300000000
1 55340U          19317.95486111  .00000000  00000-0  00000-0 0 00000
2 55340 097.6850 155.381  0000000 000.0000 250.0650 15.01914300000000
1 55340U          19318.20000000  .00000000  00000-0  00000-0 0 00000
2 55340 097.6840 155.623  0000000 000.0000 133.8150 15.01914300000000
1 55340U          19318.59097222  .00000000  00000-0  00000-0 0 00000
2 55340 097.6840 156.008  0000000 000.0000 085.0660 15.01914300000000
1 55340U          19318.83680556  .00000000  00000-0  00000-0 0 00000
2 55340 097.6830 156.251  0000000 000.0000 332.5660 15.01914300000000
1 55340U          19318.97638889  .00000000  00000-0  00000-0 0 00000
2 55340 097.6720 156.383  0019170 349.1080 013.8000 14.64874100000000
1 55340U          19319.16458333  .00000000  00000-0  00000-0 0 00000
2 55340 097.6820 156.559  0016820 046.9290 229.1260 14.70577600000000
1 55340U          19319.54305556  .00000000  00000-0  00000-0 0 00000
2 55340 097.6790 156.916  0027420 324.1830 149.2050 14.69712200000000
1 55340U          19319.91666667  .00000000  00000-0  00000-0 0 00000
2 55340 097.6810 157.262  0012100 053.1610 231.9380 14.70286900000000
1 55340U          19320.23402778  .00000000  00000-0  00000-0 0 00000
2 55340 097.6730 157.558  0012350 350.7280 169.1920 14.65576800000000
1 55340U          19320.52708333  .00000000  00000-0  00000-0 0 00000
2 55340 097.6790 157.828  0018540 038.4800 228.0640 14.70600200000000
1 55340U          19320.97083333  .00000000  00000-0  00000-0 0 00000
2 55340 097.6780 158.241  0025710 297.2030 151.1850 14.70599900000000
1 55340U          19321.17569444  .00000000  00000-0  00000-0 0 00000
2 55340 097.6790 158.432  0025989 297.5130 151.9950 14.70606200000000
1 55340U          19321.54652778  .00000000  00000-0  00000-0 0 00000
2 55340 097.6750 158.775  0020920 014.2350 232.3590 14.69681000000000
1 55340U          19321.88680556  .00000000  00000-0  00000-0 0 00000
2 55340 097.6770 159.091  0020720 007.8360 234.5490 14.69372500000000
1 55340U          19322.18402778  .00000000  00000-0  00000-0 0 00000
2 55340 097.6680 159.369  0015300 343.6360 027.2740 14.65089000000000
1 55340U          19322.64236111  .00000000  00000-0  00000-0 0 00000
2 55340 097.6760 159.800  0015400 042.8120 226.8960 14.70635800000000
1 55340U          19322.86319444  .00000000  00000-0  00000-0 0 00000
2 55340 097.6680 160.006  0017300 331.6210 023.5070 14.64891600000000
1 55340U          19323.18958333  .00000000  00000-0  00000-0 0 00000
2 55340 097.6760 160.309  0011470 053.6810 223.9190 14.70544800000000
1 55340U          19323.48402778  .00000000  00000-0  00000-0 0 00000
2 55340 097.6680 160.578  0008029 322.8440 068.7370 14.66480100000000
1 55340U          19323.87777778  .00000000  00000-0  00000-0 0 00000
2 55340 097.6720 160.955  0003970 281.8070 027.6450 14.68342200000000
1 55340U          19324.21944444  .00000000  00000-0  00000-0 0 00000
2 55340 097.6700 161.272  0005470 280.1180 032.4380 14.68000200000000
1 55340U          19324.49027778  .00000000  00000-0  00000-0 0 00000
2 55340 097.6700 161.525  0000820 221.1120 080.7600 14.69036200000000
1 55340U          19324.96111111  .00000000  00000-0  00000-0 0 00000
2 55340 097.6730 161.958  0013289 042.8510 223.8600 14.70634100000000
1 55340U          19325.22430556  .00000000  00000-0  00000-0 0 00000
2 55340 097.6670 162.199  0016030 321.4030 254.3260 14.66823600000000
1 55340U          19325.64375000  .00000000  00000-0  00000-0 0 00000
2 55340 097.6710 162.596  0012120 047.3670 221.8960 14.70638400000000
1 55340U          19325.83402778  .00000000  00000-0  00000-0 0 00000
2 55340 097.6640 162.770  0012170 291.9570 261.5080 14.65196400000000
1 55340U          19325.89583333  .00000000  00000-0  00000-0 0 00000
2 55340 097.6640 162.833  0008300 320.5270 199.0550 14.65605700000000
1 55340U          19326.28750000  .00000000  00000-0  00000-0 0 00000
2 55340 097.6710 163.191  0019930 265.1740 161.4620 14.69701600000000
1 55340U          19326.59791667  .00000000  00000-0  00000-0 0 00000
2 55340 097.6690 163.484  0012140 042.3560 222.4490 14.70581300000000
1 55340U          19326.93541667  .00000000  00000-0  00000-0 0 00000
2 55340 097.6680 163.795  0014620 008.2550 237.7150 14.69667800000000
1 55340U          19327.29027778  .00000000  00000-0  00000-0 0 00000
2 55340 097.6650 164.134  0009030 263.1650 055.4480 14.67401700000000
1 55340U          19327.53819444  .00000000  00000-0  00000-0 0 00000
2 55340 097.6560 164.359  0010550 277.1840 269.8610 14.64995600000000
1 55340U          19327.85972222  .00000000  00000-0  00000-0 0 00000
2 55340 097.6690 164.658  0025970 275.2070 168.6730 14.70563100000000
1 55340U          19328.19930556  .00000000  00000-0  00000-0 0 00000
2 55340 097.6670 164.973  0024110 266.9050 169.1030 14.70267100000000
1 55340U          19328.52986111  .00000000  00000-0  00000-0 0 00000
2 55340 097.6560 165.281  0007690 309.1040 071.4060 14.65595200000000
1 55340U          19328.85972222  .00000000  00000-0  00000-0 0 00000
2 55340 097.6610 165.596  0010600 259.8110 061.4210 14.67145200000000
1 55340U          19329.28611111  .00000000  00000-0  00000-0 0 00000
2 55340 097.6620 165.983  0014690 247.8000 163.7680 14.68387000000000
1 55340U          19329.60000000  .00000000  00000-0  00000-0 0 00000
2 55340 097.6620 166.281  0008670 062.7140 205.3300 14.70630600000000
1 55340U          19329.82430556  .00000000  00000-0  00000-0 0 00000
2 55340 097.6550 166.488  0009420 310.4960 061.3210 14.65120100000000
1 55340U          19330.30069444  .00000000  00000-0  00000-0 0 00000
2 55340 097.6540 166.932  0010300 307.0100 058.8980 14.64945600000000
1 55340U          19330.54722222  .00000000  00000-0  00000-0 0 00000
2 55340 097.6550 167.158  0012150 322.4140 264.5730 14.67921000000000
1 55340U          19330.95277778  .00000000  00000-0  00000-0 0 00000
2 55340 097.6530 167.537  0013130 281.6330 285.6370 14.66065500000000
1 55340U          19331.21458333  .00000000  00000-0  00000-0 0 00000
2 55340 097.6540 167.788  0008170 299.2360 209.5870 14.66459200000000
1 55340U          19331.57777778  .00000000  00000-0  00000-0 0 00000
2 55340 097.6580 168.123  0007830 070.2430 195.3760 14.70600600000000
1 55340U          19331.92083333  .00000000  00000-0  00000-0 0 00000
2 55340 097.6600 168.443  0007559 110.6310 165.4240 14.70609300000000
1 55340U          19332.28263889  .00000000  00000-0  00000-0 0 00000
2 55340 097.6520 168.775  0006560 258.1520 127.3480 14.65943700000000
1 55340U          19332.53819444  .00000000  00000-0  00000-0 0 00000
2 55340 097.6550 169.022  0009300 171.7290 122.3680 14.69678900000000
1 55340U          19332.86666667  .00000000  00000-0  00000-0 0 00000
2 55340 097.6550 169.318  0010250 313.7550 273.9270 14.68019100000000
