1 58006U          19282.08194444  .00000000  00000-0  00000-0 0 00000
2 58006 097.7410 068.578  0000000 000.0000 257.3180 15.01920000000000
1 58006U          19282.34305556  .00000000  00000-0  00000-0 0 00000
2 58006 097.7410 068.835  0000000 000.0000 227.3180 15.01920000000000
1 58006U          19282.62152778  .00000000  00000-0  00000-0 0 00000
2 58006 097.7410 069.109  0000000 000.0000 291.0690 15.01920000000000
1 58006U          19283.07152778  .00000000  00000-0  00000-0 0 00000
2 58006 097.7420 069.553  0000000 000.0000 201.0700 15.01920000000000
1 58006U          19283.41458333  .00000000  00000-0  00000-0 0 00000
2 58006 097.7420 069.891  0000000 000.0000 253.5700 15.01920000000000
1 58006U          19283.61944444  .00000000  00000-0  00000-0 0 00000
2 58006 097.7420 070.093  0000000 000.0000 279.8210 15.01920000000000
1 58006U          19284.06527778  .00000000  00000-0  00000-0 0 00000
2 58006 097.7420 070.533  0000000 000.0000 167.3220 15.01920000000000
1 58006U          19284.36875000  .00000000  00000-0  00000-0 0 00000
2 58006 097.7420 070.832  0000000 000.0000 006.0720 15.01920000000000
1 58006U          19284.65833333  .00000000  00000-0  00000-0 0 00000
2 58006 097.7430 071.117  0000000 000.0000 129.8230 15.01920000000000
1 58006U          19285.04583333  .00000000  00000-0  00000-0 0 00000
2 58006 097.7430 071.499  0000000 000.0000 062.3230 15.01920000000000
1 58006U          19285.25277778  .00000000  00000-0  00000-0 0 00000
2 58006 097.7430 071.703  0000000 000.0000 099.8240 15.01920000000000
1 58006U          19285.69930556  .00000000  00000-0  00000-0 0 00000
2 58006 097.7430 072.144  0000000 000.0000 351.0750 15.01920000000000
1 58006U          19286.06041667  .00000000  00000-0  00000-0 0 00000
2 58006 097.7430 072.500  0000000 000.0000 141.0750 15.01920000000000
1 58006U          19286.34097222  .00000000  00000-0  00000-0 0 00000
2 58006 097.7440 072.776  0000000 000.0000 216.0760 15.01920000000000
1 58006U          19286.62777778  .00000000  00000-0  00000-0 0 00000
2 58006 097.7440 073.059  0000000 000.0000 324.8260 15.01920000000000
1 58006U          19286.92708333  .00000000  00000-0  00000-0 0 00000
2 58006 097.7440 073.354  0000000 000.0000 141.0770 15.01920000000000
1 58006U          19287.33125000  .00000000  00000-0  00000-0 0 00000
2 58006 097.7440 073.753  0000000 000.0000 163.5770 15.01920000000000
1 58006U          19287.68263889  .00000000  00000-0  00000-0 0 00000
2 58006 097.7440 074.099  0000000 000.0000 261.0780 15.01920000000000
1 58006U          19287.95277778  .00000000  00000-0  00000-0 0 00000
2 58006 097.7440 074.365  0000000 000.0000 279.8290 15.01920000000000
1 58006U          19288.41180556  .00000000  00000-0  00000-0 0 00000
2 58006 097.7450 074.818  0000000 000.0000 238.5790 15.01920000000000
1 58006U          19288.59097222  .00000000  00000-0  00000-0 0 00000
2 58006 097.7450 074.994  0000000 000.0000 126.0800 15.01920000000000
1 58006U          19288.95972222  .00000000  00000-0  00000-0 0 00000
2 58006 097.7450 075.358  0000000 000.0000 317.3310 15.01920000000000
1 58006U          19289.38472222  .00000000  00000-0  00000-0 0 00000
2 58006 097.7450 075.777  0000000 000.0000 092.3310 15.01920000000000
1 58006U          19289.60138889  .00000000  00000-0  00000-0 0 00000
2 58006 097.7450 075.991  0000000 000.0000 182.3320 15.01920000000000
1 58006U          19289.94583333  .00000000  00000-0  00000-0 0 00000
2 58006 097.7450 076.330  0000000 000.0000 242.3320 15.01920000000000
1 58006U          19290.32500000  .00000000  00000-0  00000-0 0 00000
2 58006 097.7460 076.704  0000000 000.0000 129.8330 15.01920000000000
1 58006U          19290.73611111  .00000000  00000-0  00000-0 0 00000
2 58006 097.7460 077.109  0000000 000.0000 189.8340 15.01920000000000
1 58006U          19291.05902778  .00000000  00000-0  00000-0 0 00000
2 58006 097.7460 077.428  0000000 000.0000 133.5840 15.01920000000000
1 58006U          19291.26111111  .00000000  00000-0  00000-0 0 00000
2 58006 097.7460 077.627  0000000 000.0000 144.8350 15.01920000000000
1 58006U          19291.65833333  .00000000  00000-0  00000-0 0 00000
2 58006 097.7460 078.018  0000000 000.0000 129.8360 15.01920000000000
1 58006U          19292.03888889  .00000000  00000-0  00000-0 0 00000
2 58006 097.7460 078.394  0000000 000.0000 024.8360 15.01920000000000
1 58006U          19292.30277778  .00000000  00000-0  00000-0 0 00000
2 58006 097.7460 078.654  0000000 000.0000 009.8370 15.01920000000000
1 58006U          19292.71736111  .00000000  00000-0  00000-0 0 00000
2 58006 097.7460 079.062  0000000 000.0000 088.5880 15.01920000000000
1 58006U          19292.97013889  .00000000  00000-0  00000-0 0 00000
2 58006 097.7470 079.312  0000000 000.0000 013.5880 15.01920000000000
1 58006U          19293.36736111  .00000000  00000-0  00000-0 0 00000
2 58006 097.7470 079.703  0000000 000.0000 358.5890 15.01920000000000
1 58006U          19293.64930556  .00000000  00000-0  00000-0 0 00000
2 58006 097.7470 079.981  0000000 000.0000 081.0890 15.01920000000000
1 58006U          19293.99375000  .00000000  00000-0  00000-0 0 00000
2 58006 097.7470 080.321  0000000 000.0000 141.0900 15.01920000000000
1 58006U          19294.25555556  .00000000  00000-0  00000-0 0 00000
2 58006 097.7470 080.579  0000000 000.0000 114.8400 15.01920000000000
1 58006U          19294.65555556  .00000000  00000-0  00000-0 0 00000
2 58006 097.7470 080.973  0000000 000.0000 114.8410 15.01920000000000
1 58006U          19295.05486111  .00000000  00000-0  00000-0 0 00000
2 58006 097.7470 081.367  0000000 000.0000 111.0920 15.01920000000000
1 58006U          19295.30625000  .00000000  00000-0  00000-0 0 00000
2 58006 097.7470 081.615  0000000 000.0000 028.5920 15.01920000000000
1 58006U          19295.63888889  .00000000  00000-0  00000-0 0 00000
2 58006 097.7470 081.943  0000000 000.0000 024.8430 15.01920000000000
1 58006U          19296.05555556  .00000000  00000-0  00000-0 0 00000
2 58006 097.7470 082.353  0000000 000.0000 114.8440 15.01920000000000
1 58006U          19296.35486111  .00000000  00000-0  00000-0 0 00000
2 58006 097.7470 082.649  0000000 000.0000 291.0940 15.01920000000000
1 58006U          19296.59236111  .00000000  00000-0  00000-0 0 00000
2 58006 097.7480 082.883  0000000 000.0000 133.5950 15.01920000000000
1 58006U          19296.98472222  .00000000  00000-0  00000-0 0 00000
2 58006 097.7480 083.269  0000000 000.0000 092.3460 15.01920000000000
1 58006U          19297.32013889  .00000000  00000-0  00000-0 0 00000
2 58006 097.7480 083.600  0000000 000.0000 103.5960 15.01920000000000
1 58006U          19297.73125000  .00000000  00000-0  00000-0 0 00000
2 58006 097.7480 084.005  0000000 000.0000 163.5970 15.01920000000000
1 58006U          19297.95416667  .00000000  00000-0  00000-0 0 00000
2 58006 097.7480 084.225  0000000 000.0000 287.3470 15.01920000000000
1 58006U          19298.36041667  .00000000  00000-0  00000-0 0 00000
2 58006 097.7480 084.626  0000000 000.0000 321.0980 15.01920000000000
1 58006U          19298.65694444  .00000000  00000-0  00000-0 0 00000
2 58006 097.7480 084.918  0000000 000.0000 122.3490 15.01920000000000
1 58006U          19298.92430556  .00000000  00000-0  00000-0 0 00000
2 58006 097.7480 085.182  0000000 000.0000 126.0990 15.01920000000000
1 58006U          19299.36944444  .00000000  00000-0  00000-0 0 00000
2 58006 097.7480 085.620  0000000 000.0000 009.8500 15.01920000000000
1 58006U          19299.63125000  .00000000  00000-0  00000-0 0 00000
2 58006 097.7480 085.879  0000000 000.0000 343.6010 15.01920000000000
1 58006U          19300.03888889  .00000000  00000-0  00000-0 0 00000
2 58006 097.7480 086.280  0000000 000.0000 024.8510 15.01920000000000
1 58006U          19300.31250000  .00000000  00000-0  00000-0 0 00000
2 58006 097.7480 086.550  0000000 000.0000 062.3520 15.01920000000000
1 58006U          19300.71041667  .00000000  00000-0  00000-0 0 00000
2 58006 097.7480 086.942  0000000 000.0000 051.1030 15.01920000000000
1 58006U          19300.92916667  .00000000  00000-0  00000-0 0 00000
2 58006 097.7480 087.158  0000000 000.0000 152.3530 15.01920000000000
1 58006U          19301.32986111  .00000000  00000-0  00000-0 0 00000
2 58006 097.7480 087.553  0000000 000.0000 156.1040 15.01920000000000
1 58006U          19301.62777778  .00000000  00000-0  00000-0 0 00000
2 58006 097.7480 087.847  0000000 000.0000 324.8540 15.01920000000000
1 58006U          19301.94305556  .00000000  00000-0  00000-0 0 00000
2 58006 097.7480 088.158  0000000 000.0000 227.3550 15.01920000000000
1 58006U          19302.33958333  .00000000  00000-0  00000-0 0 00000
2 58006 097.7480 088.549  0000000 000.0000 208.6060 15.01920000000000
1 58006U          19302.65486111  .00000000  00000-0  00000-0 0 00000
2 58006 097.7480 088.859  0000000 000.0000 111.1060 15.01920000000000
1 58006U          19303.06319444  .00000000  00000-0  00000-0 0 00000
2 58006 097.7480 089.262  0000000 000.0000 156.1070 15.01920000000000
1 58006U          19303.38611111  .00000000  00000-0  00000-0 0 00000
2 58006 097.7480 089.580  0000000 000.0000 099.8580 15.01920000000000
1 58006U          19303.70000000  .00000000  00000-0  00000-0 0 00000
2 58006 097.7480 089.890  0000000 000.0000 354.8580 15.01920000000000
1 58006U          19304.07222222  .00000000  00000-0  00000-0 0 00000
2 58006 097.7480 090.257  0000000 000.0000 204.8590 15.01920000000000
1 58006U          19304.30972222  .00000000  00000-0  00000-0 0 00000
2 58006 097.7480 090.491  0000000 000.0000 047.3600 15.01920000000000
1 58006U          19304.58680556  .00000000  00000-0  00000-0 0 00000
2 58006 097.7480 090.764  0000000 000.0000 103.6100 15.01920000000000
1 58006U          19304.98611111  .00000000  00000-0  00000-0 0 00000
2 58006 097.7480 091.158  0000000 000.0000 099.8610 15.01920000000000
1 58006U          19305.35625000  .00000000  00000-0  00000-0 0 00000
2 58006 097.7480 091.523  0000000 000.0000 298.6120 15.01920000000000
1 58006U          19305.74583333  .00000000  00000-0  00000-0 0 00000
2 58006 097.7480 091.907  0000000 000.0000 242.3620 15.01920000000000
1 58006U          19305.92152778  .00000000  00000-0  00000-0 0 00000
2 58006 097.7480 092.080  0000000 000.0000 111.1130 15.01920000000000
1 58006U          19306.41111111  .00000000  00000-0  00000-0 0 00000
2 58006 097.7480 092.563  0000000 000.0000 234.8640 15.01920000000000
1 58006U          19306.72986111  .00000000  00000-0  00000-0 0 00000
2 58006 097.7480 092.877  0000000 000.0000 156.1140 15.01920000000000
1 58006U          19306.95347222  .00000000  00000-0  00000-0 0 00000
2 58006 097.7480 093.097  0000000 000.0000 283.6150 15.01920000000000
1 58006U          19307.28680556  .00000000  00000-0  00000-0 0 00000
2 58006 097.7480 093.426  0000000 000.0000 283.6150 15.01920000000000
1 58006U          19307.68472222  .00000000  00000-0  00000-0 0 00000
2 58006 097.7480 093.818  0000000 000.0000 272.3660 15.01920000000000
1 58006U          19308.05486111  .00000000  00000-0  00000-0 0 00000
2 58006 097.7480 094.183  0000000 000.0000 111.1170 15.01920000000000
1 58006U          19308.25972222  .00000000  00000-0  00000-0 0 00000
2 58006 097.7480 094.385  0000000 000.0000 137.3670 15.01920000000000
1 58006U          19308.71805556  .00000000  00000-0  00000-0 0 00000
2 58006 097.7480 094.837  0000000 000.0000 092.3680 15.01920000000000
1 58006U          19309.05486111  .00000000  00000-0  00000-0 0 00000
2 58006 097.7480 095.169  0000000 000.0000 111.1190 15.01920000000000
1 58006U          19309.33333333  .00000000  00000-0  00000-0 0 00000
2 58006 097.7480 095.443  0000000 000.0000 174.8690 15.01920000000000
1 58006U          19309.72777778  .00000000  00000-0  00000-0 0 00000
2 58006 097.7480 095.832  0000000 000.0000 144.8700 15.01920000000000
1 58006U          19310.03611111  .00000000  00000-0  00000-0 0 00000
2 58006 097.7480 096.136  0000000 000.0000 009.8710 15.01920000000000
1 58006U          19310.39722222  .00000000  00000-0  00000-0 0 00000
2 58006 097.7470 096.492  0000000 000.0000 159.8710 15.01920000000000
1 58006U          19310.70138889  .00000000  00000-0  00000-0 0 00000
2 58006 097.7470 096.792  0000000 000.0000 002.3720 15.01920000000000
1 58006U          19310.98680556  .00000000  00000-0  00000-0 0 00000
2 58006 097.7470 097.074  0000000 000.0000 103.6220 15.01920000000000
1 58006U          19311.28819444  .00000000  00000-0  00000-0 0 00000
2 58006 097.7470 097.371  0000000 000.0000 291.1230 15.01920000000000
1 58006U          19311.61458333  .00000000  00000-0  00000-0 0 00000
2 58006 097.7470 097.692  0000000 000.0000 253.6240 15.01920000000000
1 58006U          19311.91527778  .00000000  00000-0  00000-0 0 00000
2 58006 097.7470 097.989  0000000 000.0000 077.3740 15.01914300000000
1 58006U          19312.29513889  .00000000  00000-0  00000-0 0 00000
2 58006 097.7470 098.363  0000000 000.0000 328.6250 15.01914300000000
1 58006U          19312.52361111  .00000000  00000-0  00000-0 0 00000
2 58006 097.7470 098.589  0000000 000.0000 122.3750 15.01914300000000
1 58006U          19312.95694444  .00000000  00000-0  00000-0 0 00000
2 58006 097.7470 099.016  0000000 000.0000 302.3760 15.01914300000000
1 58006U          19313.16319444  .00000000  00000-0  00000-0 0 00000
2 58006 097.7470 099.219  0000000 000.0000 336.1260 15.01914300000000
1 58006U          19313.57986111  .00000000  00000-0  00000-0 0 00000
2 58006 097.7470 099.630  0000000 000.0000 066.1270 15.01914300000000
1 58006U          19313.81736111  .00000000  00000-0  00000-0 0 00000
2 58006 097.7470 099.864  0000000 000.0000 268.6280 15.01914300000000
1 58006U          19314.21319444  .00000000  00000-0  00000-0 0 00000
2 58006 097.7460 100.254  0000000 000.0000 246.1280 15.01914300000000
1 58006U          19314.51944444  .00000000  00000-0  00000-0 0 00000
2 58006 097.7460 100.556  0000000 000.0000 099.8790 15.01914300000000
1 58006U          19314.90347222  .00000000  00000-0  00000-0 0 00000
2 58006 097.7460 100.935  0000000 000.0000 013.6300 15.01914300000000
1 58006U          19315.28472222  .00000000  00000-0  00000-0 0 00000
2 58006 097.7460 101.311  0000000 000.0000 272.3800 15.01914300000000
1 58006U          19315.54097222  .00000000  00000-0  00000-0 0 00000
2 58006 097.7460 101.563  0000000 000.0000 216.1310 15.01914300000000
1 58006U          19315.93263889  .00000000  00000-0  00000-0 0 00000
2 58006 097.7460 101.949  0000000 000.0000 171.1320 15.01914300000000
1 58006U          19316.27222222  .00000000  00000-0  00000-0 0 00000
2 58006 097.7460 102.284  0000000 000.0000 204.8820 15.01914300000000
1 58006U          19316.62361111  .00000000  00000-0  00000-0 0 00000
2 58006 097.7460 102.631  0000000 000.0000 302.3830 15.01914300000000
1 58006U          19316.93194444  .00000000  00000-0  00000-0 0 00000
2 58006 097.7450 102.935  0000000 000.0000 167.3840 15.01914300000000
1 58006U          19317.28472222  .00000000  00000-0  00000-0 0 00000
2 58006 097.7450 103.282  0000000 000.0000 272.3840 15.01914300000000
1 58006U          19317.58819444  .00000000  00000-0  00000-0 0 00000
2 58006 097.7450 103.582  0000000 000.0000 111.1350 15.01914300000000
1 58006U          19317.83194444  .00000000  00000-0  00000-0 0 00000
2 58006 097.7450 103.822  0000000 000.0000 347.3850 15.01914300000000
1 58006U          19318.22986111  .00000000  00000-0  00000-0 0 00000
2 58006 097.7450 104.214  0000000 000.0000 336.1360 15.01914300000000
1 58006U          19318.54236111  .00000000  00000-0  00000-0 0 00000
2 58006 097.7450 104.522  0000000 000.0000 223.6370 15.01914300000000
1 58006U          19318.87222222  .00000000  00000-0  00000-0 0 00000
2 58006 097.7440 104.847  0000000 000.0000 204.8870 15.01914300000000
1 58006U          19318.89583333  .00000000  00000-0  00000-0 0 00000
2 58006 097.7440 104.871  0000000 000.0000 332.3870 15.01914300000000
1 58006U          19319.15069444  .00000000  00000-0  00000-0 0 00000
2 58006 097.7550 105.106  0015500 044.7810 202.9050 14.73767900000000
1 58006U          19319.57986111  .00000000  00000-0  00000-0 0 00000
2 58006 097.7440 105.514  0007660 349.0820 009.4980 14.68791600000000
1 58006U          19319.84236111  .00000000  00000-0  00000-0 0 00000
2 58006 097.7490 105.763  0007509 152.5080 155.0510 14.72438200000000
1 58006U          19320.20347222  .00000000  00000-0  00000-0 0 00000
2 58006 097.7520 106.093  0011180 230.0270 188.4540 14.72972600000000
1 58006U          19320.50416667  .00000000  00000-0  00000-0 0 00000
2 58006 097.7450 106.377  0006190 318.3570 251.2430 14.70189500000000
1 58006U          19320.81458333  .00000000  00000-0  00000-0 0 00000
2 58006 097.7490 106.666  0009380 219.0080 193.1800 14.72410100000000
1 58006U          19321.22638889  .00000000  00000-0  00000-0 0 00000
2 58006 097.7530 107.054  0015680 246.8510 184.3880 14.73964500000000
1 58006U          19321.50625000  .00000000  00000-0  00000-0 0 00000
2 58006 097.7510 107.326  0016340 305.6390 166.4090 14.73757700000000
1 58006U          19321.94791667  .00000000  00000-0  00000-0 0 00000
2 58006 097.7490 107.737  0013420 119.8820 169.2520 14.73943600000000
1 58006U          19322.25416667  .00000000  00000-0  00000-0 0 00000
2 58006 097.7520 108.025  0016210 299.4040 170.2660 14.73921900000000
1 58006U          19322.49166667  .00000000  00000-0  00000-0 0 00000
2 58006 097.7500 108.250  0014300 114.5940 171.8090 14.74124100000000
1 58006U          19322.82638889  .00000000  00000-0  00000-0 0 00000
2 58006 097.7510 108.557  0015080 068.9880 188.6660 14.74321100000000
1 58006U          19323.27430556  .00000000  00000-0  00000-0 0 00000
2 58006 097.7510 108.982  0016450 294.0460 173.7080 14.74038500000000
1 58006U          19323.51041667  .00000000  00000-0  00000-0 0 00000
2 58006 097.7510 109.204  0015650 101.6740 175.4780 14.74496600000000
1 58006U          19323.84027778  .00000000  00000-0  00000-0 0 00000
2 58006 097.7450 109.506  0006370 350.9880 231.7080 14.71439300000000
1 58006U          19324.18819444  .00000000  00000-0  00000-0 0 00000
2 58006 097.7530 109.836  0015550 083.4210 180.2330 14.74529200000000
1 58006U          19324.60138889  .00000000  00000-0  00000-0 0 00000
2 58006 097.7500 110.230  0014380 126.6800 163.3500 14.73928600000000
1 58006U          19324.90555556  .00000000  00000-0  00000-0 0 00000
2 58006 097.7480 110.512  0017830 278.6600 180.8940 14.74394300000000
1 58006U          19325.26597222  .00000000  00000-0  00000-0 0 00000
2 58006 097.7430 110.844  0004470 263.4410 303.3360 14.69966600000000
1 58006U          19325.52777778  .00000000  00000-0  00000-0 0 00000
2 58006 097.7420 111.100  0001940 080.4130 071.6140 14.70076000000000
1 58006U          19325.81805556  .00000000  00000-0  00000-0 0 00000
2 58006 097.7480 111.364  0012359 060.9770 187.1570 14.73779500000000
1 58006U          19325.97638889  .00000000  00000-0  00000-0 0 00000
2 58006 097.7380 111.513  0001920 357.9440 007.9750 14.68886600000000
1 58006U          19326.16527778  .00000000  00000-0  00000-0 0 00000
2 58006 097.7510 111.696  0015980 123.3360 162.0590 14.74174400000000
1 58006U          19326.51458333  .00000000  00000-0  00000-0 0 00000
2 58006 097.7400 112.027  0005560 230.8780 102.8600 14.69933900000000
1 58006U          19326.89097222  .00000000  00000-0  00000-0 0 00000
2 58006 097.7370 112.377  0005670 163.2930 002.1390 14.69161200000000
1 58006U          19327.26805556  .00000000  00000-0  00000-0 0 00000
2 58006 097.7400 112.728  0001440 324.6940 036.1170 14.68820300000000
1 58006U          19327.52013889  .00000000  00000-0  00000-0 0 00000
2 58006 097.7480 112.963  0013960 076.3710 178.3650 14.74169400000000
1 58006U          19327.90902778  .00000000  00000-0  00000-0 0 00000
2 58006 097.7380 113.334  0002750 131.8260 020.6550 14.70041500000000
1 58006U          19328.21388889  .00000000  00000-0  00000-0 0 00000
2 58006 097.7430 113.621  0008640 198.6610 127.0000 14.70644000000000
1 58006U          19328.58472222  .00000000  00000-0  00000-0 0 00000
2 58006 097.7450 113.970  0007200 314.3080 173.6220 14.72395200000000
1 58006U          19328.96388889  .00000000  00000-0  00000-0 0 00000
2 58006 097.7380 114.323  0006780 217.0280 117.2850 14.69884400000000
1 58006U          19329.20277778  .00000000  00000-0  00000-0 0 00000
2 58006 097.7410 114.547  0005990 149.8760 008.5380 14.69585100000000
1 58006U          19329.60694444  .00000000  00000-0  00000-0 0 00000
2 58006 097.7430 114.930  0002680 337.2350 159.8200 14.71477400000000
1 58006U          19329.87777778  .00000000  00000-0  00000-0 0 00000
2 58006 097.7410 115.183  0005440 311.1060 179.0800 14.72190200000000
1 58006U          19330.23333333  .00000000  00000-0  00000-0 0 00000
2 58006 097.7410 115.507  0003630 232.7430 338.9850 14.70397400000000
1 58006U          19330.61250000  .00000000  00000-0  00000-0 0 00000
2 58006 097.7450 115.864  0016260 207.9010 210.1950 14.72958200000000
1 58006U          19330.84305556  .00000000  00000-0  00000-0 0 00000
2 58006 097.7370 116.082  0008089 205.1490 352.9310 14.69339900000000
1 58006U          19331.23819444  .00000000  00000-0  00000-0 0 00000
2 58006 097.7440 116.460  0004680 303.2980 185.5860 14.72314100000000
1 58006U          19331.61250000  .00000000  00000-0  00000-0 0 00000
2 58006 097.7430 116.813  0015100 165.2290 144.3000 14.72253000000000
1 58006U          19331.88194444  .00000000  00000-0  00000-0 0 00000
2 58006 097.7430 117.063  0018560 144.8810 150.4420 14.73519000000000
1 58006U          19332.20208333  .00000000  00000-0  00000-0 0 00000
2 58006 097.7390 117.358  0010770 188.4050 001.0080 14.68930800000000
1 58006U          19332.61111111  .00000000  00000-0  00000-0 0 00000
2 58006 097.7380 117.743  0009650 193.7900 000.0150 14.69126500000000
1 58006U          19332.89583333  .00000000  00000-0  00000-0 0 00000
2 58006 097.7430 118.010  0016950 099.7590 160.6630 14.74433500000000
