1 70237U          19281.96597222  .00000000  00000-0  00000-0 0 00000
2 70237 097.7410 068.463  0000000 000.0000 015.0680 15.01920000000000
1 70237U          19282.39166667  .00000000  00000-0  00000-0 0 00000
2 70237 097.7410 068.883  0000000 000.0000 153.8190 15.01920000000000
1 70237U          19282.67777778  .00000000  00000-0  00000-0 0 00000
2 70237 097.7410 069.165  0000000 000.0000 258.8190 15.01920000000000
1 70237U          19282.92569444  .00000000  00000-0  00000-0 0 00000
2 70237 097.7420 069.409  0000000 000.0000 157.5690 15.01920000000000
1 70237U          19283.28333333  .00000000  00000-0  00000-0 0 00000
2 70237 097.7420 069.762  0000000 000.0000 288.8200 15.01920000000000
1 70237U          19283.72569444  .00000000  00000-0  00000-0 0 00000
2 70237 097.7420 070.198  0000000 000.0000 157.5710 15.01920000000000
1 70237U          19283.91944444  .00000000  00000-0  00000-0 0 00000
2 70237 097.7420 070.389  0000000 000.0000 123.8210 15.01920000000000
1 70237U          19284.27152778  .00000000  00000-0  00000-0 0 00000
2 70237 097.7420 070.736  0000000 000.0000 225.0720 15.01920000000000
1 70237U          19284.67847222  .00000000  00000-0  00000-0 0 00000
2 70237 097.7430 071.137  0000000 000.0000 262.5730 15.01920000000000
1 70237U          19285.00902778  .00000000  00000-0  00000-0 0 00000
2 70237 097.7430 071.463  0000000 000.0000 247.5730 15.01920000000000
1 70237U          19285.39097222  .00000000  00000-0  00000-0 0 00000
2 70237 097.7430 071.840  0000000 000.0000 150.0740 15.01920000000000
1 70237U          19285.72430556  .00000000  00000-0  00000-0 0 00000
2 70237 097.7430 072.168  0000000 000.0000 150.0750 15.01920000000000
1 70237U          19286.07986111  .00000000  00000-0  00000-0 0 00000
2 70237 097.7430 072.519  0000000 000.0000 270.0750 15.01920000000000
1 70237U          19286.32569444  .00000000  00000-0  00000-0 0 00000
2 70237 097.7440 072.761  0000000 000.0000 157.5760 15.01920000000000
1 70237U          19286.64861111  .00000000  00000-0  00000-0 0 00000
2 70237 097.7440 073.080  0000000 000.0000 101.3260 15.01920000000000
1 70237U          19287.01388889  .00000000  00000-0  00000-0 0 00000
2 70237 097.7440 073.440  0000000 000.0000 273.8270 15.01920000000000
1 70237U          19287.33194444  .00000000  00000-0  00000-0 0 00000
2 70237 097.7440 073.753  0000000 000.0000 191.3270 15.01920000000000
1 70237U          19287.65486111  .00000000  00000-0  00000-0 0 00000
2 70237 097.7440 074.072  0000000 000.0000 135.0780 15.01920000000000
1 70237U          19288.01180556  .00000000  00000-0  00000-0 0 00000
2 70237 097.7440 074.423  0000000 000.0000 262.5790 15.01920000000000
1 70237U          19288.27569444  .00000000  00000-0  00000-0 0 00000
2 70237 097.7450 074.684  0000000 000.0000 247.5790 15.01920000000000
1 70237U          19288.58472222  .00000000  00000-0  00000-0 0 00000
2 70237 097.7450 074.988  0000000 000.0000 116.3300 15.01920000000000
1 70237U          19288.96736111  .00000000  00000-0  00000-0 0 00000
2 70237 097.7450 075.366  0000000 000.0000 022.5810 15.01920000000000
1 70237U          19289.32777778  .00000000  00000-0  00000-0 0 00000
2 70237 097.7450 075.721  0000000 000.0000 168.8310 15.01920000000000
1 70237U          19289.72152778  .00000000  00000-0  00000-0 0 00000
2 70237 097.7450 076.109  0000000 000.0000 135.0820 15.01920000000000
1 70237U          19290.02222222  .00000000  00000-0  00000-0 0 00000
2 70237 097.7450 076.405  0000000 000.0000 318.8320 15.01920000000000
1 70237U          19290.25347222  .00000000  00000-0  00000-0 0 00000
2 70237 097.7450 076.633  0000000 000.0000 127.5830 15.01920000000000
1 70237U          19290.65625000  .00000000  00000-0  00000-0 0 00000
2 70237 097.7460 077.030  0000000 000.0000 142.5840 15.01920000000000
1 70237U          19290.95208333  .00000000  00000-0  00000-0 0 00000
2 70237 097.7460 077.322  0000000 000.0000 300.0840 15.01920000000000
1 70237U          19291.31041667  .00000000  00000-0  00000-0 0 00000
2 70237 097.7460 077.675  0000000 000.0000 075.0850 15.01920000000000
1 70237U          19291.69583333  .00000000  00000-0  00000-0 0 00000
2 70237 097.7460 078.055  0000000 000.0000 356.3360 15.01920000000000
1 70237U          19292.01458333  .00000000  00000-0  00000-0 0 00000
2 70237 097.7460 078.370  0000000 000.0000 277.5860 15.01920000000000
1 70237U          19292.26527778  .00000000  00000-0  00000-0 0 00000
2 70237 097.7460 078.617  0000000 000.0000 191.3370 15.01920000000000
1 70237U          19292.68402778  .00000000  00000-0  00000-0 0 00000
2 70237 097.7460 079.030  0000000 000.0000 292.5870 15.01920000000000
1 70237U          19293.04305556  .00000000  00000-0  00000-0 0 00000
2 70237 097.7470 079.384  0000000 000.0000 071.3380 15.01920000000000
1 70237U          19293.40486111  .00000000  00000-0  00000-0 0 00000
2 70237 097.7470 079.740  0000000 000.0000 225.0890 15.01920000000000
1 70237U          19293.60625000  .00000000  00000-0  00000-0 0 00000
2 70237 097.7470 079.939  0000000 000.0000 232.5890 15.01920000000000
1 70237U          19293.96875000  .00000000  00000-0  00000-0 0 00000
2 70237 097.7470 080.296  0000000 000.0000 030.0900 15.01920000000000
1 70237U          19294.37986111  .00000000  00000-0  00000-0 0 00000
2 70237 097.7470 080.701  0000000 000.0000 090.0910 15.01920000000000
1 70237U          19294.71666667  .00000000  00000-0  00000-0 0 00000
2 70237 097.7470 081.033  0000000 000.0000 108.8410 15.01920000000000
1 70237U          19295.05486111  .00000000  00000-0  00000-0 0 00000
2 70237 097.7470 081.367  0000000 000.0000 135.0920 15.01920000000000
1 70237U          19295.25972222  .00000000  00000-0  00000-0 0 00000
2 70237 097.7470 081.569  0000000 000.0000 161.3420 15.01920000000000
1 70237U          19295.64027778  .00000000  00000-0  00000-0 0 00000
2 70237 097.7470 081.944  0000000 000.0000 056.3430 15.01920000000000
1 70237U          19296.07708333  .00000000  00000-0  00000-0 0 00000
2 70237 097.7470 082.375  0000000 000.0000 255.0940 15.01920000000000
1 70237U          19296.28263889  .00000000  00000-0  00000-0 0 00000
2 70237 097.7470 082.577  0000000 000.0000 285.0940 15.01920000000000
1 70237U          19296.72777778  .00000000  00000-0  00000-0 0 00000
2 70237 097.7480 083.016  0000000 000.0000 168.8450 15.01920000000000
1 70237U          19297.01041667  .00000000  00000-0  00000-0 0 00000
2 70237 097.7480 083.295  0000000 000.0000 255.0960 15.01920000000000
1 70237U          19297.39722222  .00000000  00000-0  00000-0 0 00000
2 70237 097.7480 083.676  0000000 000.0000 183.8460 15.01920000000000
1 70237U          19297.64722222  .00000000  00000-0  00000-0 0 00000
2 70237 097.7480 083.923  0000000 000.0000 093.8470 15.01920000000000
1 70237U          19297.97986111  .00000000  00000-0  00000-0 0 00000
2 70237 097.7480 084.251  0000000 000.0000 090.0980 15.01920000000000
1 70237U          19298.39305556  .00000000  00000-0  00000-0 0 00000
2 70237 097.7480 084.658  0000000 000.0000 161.3480 15.01920000000000
1 70237U          19298.71250000  .00000000  00000-0  00000-0 0 00000
2 70237 097.7480 084.973  0000000 000.0000 086.3490 15.01920000000000
1 70237U          19298.95000000  .00000000  00000-0  00000-0 0 00000
2 70237 097.7480 085.207  0000000 000.0000 288.8490 15.01920000000000
1 70237U          19299.37500000  .00000000  00000-0  00000-0 0 00000
2 70237 097.7480 085.626  0000000 000.0000 063.8500 15.01920000000000
1 70237U          19299.70625000  .00000000  00000-0  00000-0 0 00000
2 70237 097.7480 085.953  0000000 000.0000 052.6010 15.01920000000000
1 70237U          19300.05625000  .00000000  00000-0  00000-0 0 00000
2 70237 097.7480 086.298  0000000 000.0000 142.6010 15.01920000000000
1 70237U          19300.34583333  .00000000  00000-0  00000-0 0 00000
2 70237 097.7480 086.583  0000000 000.0000 266.3520 15.01920000000000
1 70237U          19300.68750000  .00000000  00000-0  00000-0 0 00000
2 70237 097.7480 086.920  0000000 000.0000 311.3530 15.01920000000000
1 70237U          19301.03888889  .00000000  00000-0  00000-0 0 00000
2 70237 097.7480 087.266  0000000 000.0000 048.8530 15.01920000000000
1 70237U          19301.35347222  .00000000  00000-0  00000-0 0 00000
2 70237 097.7480 087.576  0000000 000.0000 307.6040 15.01920000000000
1 70237U          19301.68888889  .00000000  00000-0  00000-0 0 00000
2 70237 097.7480 087.907  0000000 000.0000 318.8550 15.01920000000000
1 70237U          19302.06180556  .00000000  00000-0  00000-0 0 00000
2 70237 097.7480 088.275  0000000 000.0000 172.6050 15.01920000000000
1 70237U          19302.25486111  .00000000  00000-0  00000-0 0 00000
2 70237 097.7480 088.465  0000000 000.0000 135.1060 15.01920000000000
1 70237U          19302.65069444  .00000000  00000-0  00000-0 0 00000
2 70237 097.7480 088.855  0000000 000.0000 112.6060 15.01920000000000
1 70237U          19303.01458333  .00000000  00000-0  00000-0 0 00000
2 70237 097.7480 089.214  0000000 000.0000 277.6070 15.01920000000000
1 70237U          19303.32500000  .00000000  00000-0  00000-0 0 00000
2 70237 097.7480 089.520  0000000 000.0000 153.8580 15.01920000000000
1 70237U          19303.59652778  .00000000  00000-0  00000-0 0 00000
2 70237 097.7480 089.788  0000000 000.0000 180.1080 15.01920000000000
1 70237U          19303.94027778  .00000000  00000-0  00000-0 0 00000
2 70237 097.7480 090.127  0000000 000.0000 236.3590 15.01920000000000
1 70237U          19304.33680556  .00000000  00000-0  00000-0 0 00000
2 70237 097.7480 090.518  0000000 000.0000 217.6100 15.01920000000000
1 70237U          19304.61527778  .00000000  00000-0  00000-0 0 00000
2 70237 097.7480 090.792  0000000 000.0000 281.3600 15.01920000000000
1 70237U          19305.06250000  .00000000  00000-0  00000-0 0 00000
2 70237 097.7480 091.233  0000000 000.0000 176.3610 15.01920000000000
1 70237U          19305.26736111  .00000000  00000-0  00000-0 0 00000
2 70237 097.7480 091.435  0000000 000.0000 202.6110 15.01920000000000
1 70237U          19305.67916667  .00000000  00000-0  00000-0 0 00000
2 70237 097.7480 091.841  0000000 000.0000 266.3620 15.01920000000000
1 70237U          19305.92500000  .00000000  00000-0  00000-0 0 00000
2 70237 097.7480 092.083  0000000 000.0000 153.8630 15.01920000000000
1 70237U          19306.34861111  .00000000  00000-0  00000-0 0 00000
2 70237 097.7480 092.501  0000000 000.0000 281.3640 15.01920000000000
1 70237U          19306.68472222  .00000000  00000-0  00000-0 0 00000
2 70237 097.7480 092.832  0000000 000.0000 296.3640 15.01920000000000
1 70237U          19307.04930556  .00000000  00000-0  00000-0 0 00000
2 70237 097.7480 093.192  0000000 000.0000 105.1150 15.01920000000000
1 70237U          19307.26736111  .00000000  00000-0  00000-0 0 00000
2 70237 097.7480 093.407  0000000 000.0000 202.6150 15.01920000000000
1 70237U          19307.63125000  .00000000  00000-0  00000-0 0 00000
2 70237 097.7480 093.765  0000000 000.0000 007.6160 15.01920000000000
1 70237U          19307.96736111  .00000000  00000-0  00000-0 0 00000
2 70237 097.7480 094.097  0000000 000.0000 022.6170 15.01920000000000
1 70237U          19308.31527778  .00000000  00000-0  00000-0 0 00000
2 70237 097.7480 094.440  0000000 000.0000 101.3670 15.01920000000000
1 70237U          19308.74027778  .00000000  00000-0  00000-0 0 00000
2 70237 097.7480 094.859  0000000 000.0000 236.3680 15.01920000000000
1 70237U          19309.01041667  .00000000  00000-0  00000-0 0 00000
2 70237 097.7480 095.125  0000000 000.0000 255.1190 15.01920000000000
1 70237U          19309.28611111  .00000000  00000-0  00000-0 0 00000
2 70237 097.7480 095.397  0000000 000.0000 303.8690 15.01920000000000
1 70237U          19309.64375000  .00000000  00000-0  00000-0 0 00000
2 70237 097.7480 095.749  0000000 000.0000 075.1200 15.01920000000000
1 70237U          19309.95347222  .00000000  00000-0  00000-0 0 00000
2 70237 097.7480 096.055  0000000 000.0000 307.6200 15.01920000000000
1 70237U          19310.27083333  .00000000  00000-0  00000-0 0 00000
2 70237 097.7480 096.368  0000000 000.0000 221.3710 15.01920000000000
1 70237U          19310.60000000  .00000000  00000-0  00000-0 0 00000
2 70237 097.7470 096.692  0000000 000.0000 198.8720 15.01920000000000
1 70237U          19311.01180556  .00000000  00000-0  00000-0 0 00000
2 70237 097.7470 097.098  0000000 000.0000 262.6220 15.01920000000000
1 70237U          19311.39166667  .00000000  00000-0  00000-0 0 00000
2 70237 097.7470 097.473  0000000 000.0000 153.8730 15.01920000000000
1 70237U          19311.58888889  .00000000  00000-0  00000-0 0 00000
2 70237 097.7470 097.667  0000000 000.0000 138.8740 15.01920000000000
1 70237U          19311.97291667  .00000000  00000-0  00000-0 0 00000
2 70237 097.7470 098.046  0000000 000.0000 052.6240 15.01914300000000
1 70237U          19312.17222222  .00000000  00000-0  00000-0 0 00000
2 70237 097.7470 098.242  0000000 000.0000 048.8750 15.01914300000000
1 70237U          19312.57916667  .00000000  00000-0  00000-0 0 00000
2 70237 097.7470 098.643  0000000 000.0000 086.3750 15.01914300000000
1 70237U          19312.92986111  .00000000  00000-0  00000-0 0 00000
2 70237 097.7470 098.989  0000000 000.0000 180.1260 15.01914300000000
1 70237U          19313.20972222  .00000000  00000-0  00000-0 0 00000
2 70237 097.7470 099.265  0000000 000.0000 251.3770 15.01914300000000
1 70237U          19313.56041667  .00000000  00000-0  00000-0 0 00000
2 70237 097.7470 099.611  0000000 000.0000 345.1270 15.01914300000000
1 70237U          19313.95972222  .00000000  00000-0  00000-0 0 00000
2 70237 097.7470 100.004  0000000 000.0000 341.3780 15.01914300000000
1 70237U          19314.31041667  .00000000  00000-0  00000-0 0 00000
2 70237 097.7460 100.350  0000000 000.0000 075.1290 15.01914300000000
1 70237U          19314.49791667  .00000000  00000-0  00000-0 0 00000
2 70237 097.7460 100.535  0000000 000.0000 007.6290 15.01914300000000
1 70237U          19314.89652778  .00000000  00000-0  00000-0 0 00000
2 70237 097.7460 100.928  0000000 000.0000 000.1300 15.01914300000000
1 70237U          19315.31041667  .00000000  00000-0  00000-0 0 00000
2 70237 097.7460 101.336  0000000 000.0000 075.1310 15.01914300000000
1 70237U          19315.63541667  .00000000  00000-0  00000-0 0 00000
2 70237 097.7460 101.656  0000000 000.0000 030.1310 15.01914300000000
1 70237U          19315.94305556  .00000000  00000-0  00000-0 0 00000
2 70237 097.7460 101.960  0000000 000.0000 251.3820 15.01914300000000
1 70237U          19316.16250000  .00000000  00000-0  00000-0 0 00000
2 70237 097.7460 102.176  0000000 000.0000 356.3820 15.01914300000000
1 70237U          19316.63055556  .00000000  00000-0  00000-0 0 00000
2 70237 097.7460 102.637  0000000 000.0000 003.8830 15.01914300000000
1 70237U          19316.86388889  .00000000  00000-0  00000-0 0 00000
2 70237 097.7450 102.868  0000000 000.0000 183.8830 15.01914300000000
1 70237U          19317.23819444  .00000000  00000-0  00000-0 0 00000
2 70237 097.7450 103.237  0000000 000.0000 045.1340 15.01914300000000
1 70237U          19317.61250000  .00000000  00000-0  00000-0 0 00000
2 70237 097.7450 103.606  0000000 000.0000 266.3850 15.01914300000000
1 70237U          19317.93402778  .00000000  00000-0  00000-0 0 00000
2 70237 097.7450 103.923  0000000 000.0000 202.6350 15.01914300000000
1 70237U          19318.20833333  .00000000  00000-0  00000-0 0 00000
2 70237 097.7450 104.193  0000000 000.0000 243.8860 15.01914300000000
1 70237U          19318.55486111  .00000000  00000-0  00000-0 0 00000
2 70237 097.7450 104.535  0000000 000.0000 315.1370 15.01914300000000
1 70237U          19318.89583333  .00000000  00000-0  00000-0 0 00000
2 70237 097.7440 104.871  0000000 000.0000 356.3870 15.01914300000000
1 70237U          19318.89583333  .00000000  00000-0  00000-0 0 00000
2 70237 097.7440 104.871  0000000 000.0000 356.3870 15.01914300000000
1 70237U          19319.20277778  .00000000  00000-0  00000-0 0 00000
2 70237 097.7440 105.173  0000000 000.0000 213.8880 15.01914300000000
1 70237U          19319.64097222  .00000000  00000-0  00000-0 0 00000
2 70237 097.7440 105.605  0000000 000.0000 060.1390 15.01914300000000
1 70237U          19319.86111111  .00000000  00000-0  00000-0 0 00000
2 70237 097.7440 105.822  0000000 000.0000 168.8890 15.01914300000000
1 70237U          19320.25277778  .00000000  00000-0  00000-0 0 00000
2 70237 097.7440 106.208  0000000 000.0000 123.8900 15.01914300000000
1 70237U          19320.64444444  .00000000  00000-0  00000-0 0 00000
2 70237 097.7440 106.595  0000000 000.0000 078.8900 15.01914300000000
1 70237U          19320.84097222  .00000000  00000-0  00000-0 0 00000
2 70237 097.7430 106.788  0000000 000.0000 060.1410 15.01914300000000
1 70237U          19321.25763889  .00000000  00000-0  00000-0 0 00000
2 70237 097.7430 107.199  0000000 000.0000 150.1420 15.01914300000000
1 70237U          19321.52986111  .00000000  00000-0  00000-0 0 00000
2 70237 097.7430 107.467  0000000 000.0000 180.1420 15.01914300000000
1 70237U          19321.93194444  .00000000  00000-0  00000-0 0 00000
2 70237 097.7430 107.864  0000000 000.0000 191.3930 15.01914300000000
1 70237U          19322.19097222  .00000000  00000-0  00000-0 0 00000
2 70237 097.7430 108.119  0000000 000.0000 150.1430 15.01914300000000
1 70237U          19322.63819444  .00000000  00000-0  00000-0 0 00000
2 70237 097.7420 108.560  0000000 000.0000 045.1440 15.01914300000000
1 70237U          19322.85138889  .00000000  00000-0  00000-0 0 00000
2 70237 097.7420 108.770  0000000 000.0000 116.3940 15.01914300000000
1 70237U          19323.28819444  .00000000  00000-0  00000-0 0 00000
2 70237 097.7420 109.201  0000000 000.0000 315.1450 15.01914300000000
1 70237U          19323.63541667  .00000000  00000-0  00000-0 0 00000
2 70237 097.7420 109.543  0000000 000.0000 030.1460 15.01914300000000
1 70237U          19323.89444444  .00000000  00000-0  00000-0 0 00000
2 70237 097.7420 109.799  0000000 000.0000 348.8960 15.01914300000000
1 70237U          19324.28263889  .00000000  00000-0  00000-0 0 00000
2 70237 097.7410 110.181  0000000 000.0000 285.1470 15.01914300000000
1 70237U          19324.60972222  .00000000  00000-0  00000-0 0 00000
2 70237 097.7410 110.504  0000000 000.0000 251.3980 15.01914300000000
1 70237U          19324.85138889  .00000000  00000-0  00000-0 0 00000
2 70237 097.7410 110.742  0000000 000.0000 116.3980 15.01914300000000
1 70237U          19325.27916667  .00000000  00000-0  00000-0 0 00000
2 70237 097.7410 111.164  0000000 000.0000 266.3990 15.01914300000000
1 70237U          19325.54305556  .00000000  00000-0  00000-0 0 00000
2 70237 097.7410 111.424  0000000 000.0000 251.3990 15.01914300000000
1 70237U          19325.83333333  .00000000  00000-0  00000-0 0 00000
2 70237 097.7400 111.710  0000000 000.0000 018.9000 15.01914300000000
1 70237U          19325.93263889  .00000000  00000-0  00000-0 0 00000
2 70237 097.7400 111.805  0078580 190.6900 004.8280 14.86186000000000
1 70237U          19326.27708333  .00000000  00000-0  00000-0 0 00000
2 70237 097.7470 112.127  0002540 329.6990 251.8640 14.72603100000000
1 70237U          19326.63611111  .00000000  00000-0  00000-0 0 00000
2 70237 097.7460 112.476  0009830 196.3810 126.4780 14.72150600000000
1 70237U          19326.90138889  .00000000  00000-0  00000-0 0 00000
2 70237 097.7480 112.723  0017080 134.0150 153.7820 14.75287500000000
1 70237U          19327.21180556  .00000000  00000-0  00000-0 0 00000
2 70237 097.7480 113.017  0004980 309.1800 182.5680 14.73279800000000
1 70237U          19327.61527778  .00000000  00000-0  00000-0 0 00000
2 70237 097.7510 113.396  0014750 279.2110 189.3460 14.75245900000000
1 70237U          19327.93750000  .00000000  00000-0  00000-0 0 00000
2 70237 097.7390 113.691  0003600 153.8020 221.3080 14.70468000000000
1 70237U          19328.20277778  .00000000  00000-0  00000-0 0 00000
2 70237 097.7440 113.949  0006440 221.3760 118.5890 14.70732500000000
1 70237U          19328.48055556  .00000000  00000-0  00000-0 0 00000
2 70237 097.7390 114.206  0002770 146.2650 224.8690 14.70272200000000
1 70237U          19328.87222222  .00000000  00000-0  00000-0 0 00000
2 70237 097.7480 114.577  0018680 132.2760 153.0850 14.75431000000000
1 70237U          19329.14722222  .00000000  00000-0  00000-0 0 00000
2 70237 097.7490 114.838  0017050 156.5080 145.2300 14.74224500000000
1 70237U          19329.48819444  .00000000  00000-0  00000-0 0 00000
2 70237 097.7450 115.161  0015839 164.1800 143.3500 14.73683000000000
1 70237U          19329.81319444  .00000000  00000-0  00000-0 0 00000
2 70237 097.7450 115.456  0003030 059.3690 169.4850 14.73324900000000
1 70237U          19330.28125000  .00000000  00000-0  00000-0 0 00000
2 70237 097.7400 115.898  0011660 189.4270 358.2180 14.70116200000000
1 70237U          19330.54861111  .00000000  00000-0  00000-0 0 00000
2 70237 097.7400 116.156  0009510 161.5070 002.0330 14.70513500000000
1 70237U          19330.85972222  .00000000  00000-0  00000-0 0 00000
2 70237 097.7380 116.442  0004850 152.2000 219.0510 14.70274500000000
1 70237U          19331.15555556  .00000000  00000-0  00000-0 0 00000
2 70237 097.7450 116.728  0001060 187.3110 310.5970 14.72671100000000
1 70237U          19331.62986111  .00000000  00000-0  00000-0 0 00000
2 70237 097.7460 117.175  0003390 284.4280 205.4130 14.73456500000000
1 70237U          19331.85138889  .00000000  00000-0  00000-0 0 00000
2 70237 097.7420 117.373  0001520 136.1690 087.0060 14.72748800000000
1 70237U          19332.21527778  .00000000  00000-0  00000-0 0 00000
2 70237 097.7410 117.723  0005080 195.8410 154.4200 14.70228500000000
1 70237U          19332.58472222  .00000000  00000-0  00000-0 0 00000
2 70237 097.7420 118.074  0005549 145.3320 001.4790 14.71781500000000
1 70237U          19332.89583333  .00000000  00000-0  00000-0 0 00000
2 70237 097.7370 118.361  0004800 184.5440 169.9630 14.70131500000000
