1 74415U          19281.99166667  .00000000  00000-0  00000-0 0 00000
2 74415 097.7540 094.212  0015850 299.4950 176.5490 15.05664000000000
1 74415U          19282.37430556  .00000000  00000-0  00000-0 0 00000
2 74415 097.7480 094.583  0002140 176.3200 208.6680 15.01848000000000
1 74415U          19282.70416667  .00000000  00000-0  00000-0 0 00000
2 74415 097.7460 094.911  0002920 332.6500 035.8070 15.00912000000000
1 74415U          19282.94583333  .00000000  00000-0  00000-0 0 00000
2 74415 097.7530 095.147  0008450 019.7600 215.3800 15.04848000000000
1 74415U          19283.41041667  .00000000  00000-0  00000-0 0 00000
2 74415 097.7510 095.606  0006770 352.1000 234.9560 15.04008000000000
1 74415U          19283.61111111  .00000000  00000-0  00000-0 0 00000
2 74415 097.7520 095.805  0007690 010.9150 221.2560 15.04560000000000
1 74415U          19284.00972222  .00000000  00000-0  00000-0 0 00000
2 74415 097.7510 096.199  0006710 353.7630 233.6230 15.04056000000000
1 74415U          19284.32500000  .00000000  00000-0  00000-0 0 00000
2 74415 097.7510 096.521  0008940 319.1120 172.8070 15.04128000000000
1 74415U          19284.64166667  .00000000  00000-0  00000-0 0 00000
2 74415 097.7510 096.824  0010199 203.9830 200.2060 15.03720000000000
1 74415U          19284.96597222  .00000000  00000-0  00000-0 0 00000
2 74415 097.7450 097.150  0004590 308.1420 049.4430 15.00792000000000
1 74415U          19285.36388889  .00000000  00000-0  00000-0 0 00000
2 74415 097.7460 097.545  0005620 286.8250 062.2030 15.00984000000000
1 74415U          19285.68194444  .00000000  00000-0  00000-0 0 00000
2 74415 097.7560 097.858  0014830 095.2720 173.4460 15.06840000000000
1 74415U          19286.02430556  .00000000  00000-0  00000-0 0 00000
2 74415 097.7490 098.202  0009040 201.5530 118.1860 15.03312000000000
1 74415U          19286.40416667  .00000000  00000-0  00000-0 0 00000
2 74415 097.7480 098.567  0005520 291.3640 282.3200 15.02640000000000
1 74415U          19286.66250000  .00000000  00000-0  00000-0 0 00000
2 74415 097.7450 098.829  0005960 186.6560 343.7160 15.00936000000000
1 74415U          19287.04305556  .00000000  00000-0  00000-0 0 00000
2 74415 097.7540 099.200  0018440 235.1120 192.9100 15.06000000000000
1 74415U          19287.35277778  .00000000  00000-0  00000-0 0 00000
2 74415 097.7520 099.515  0012560 159.0220 143.5160 15.05088000000000
1 74415U          19287.69930556  .00000000  00000-0  00000-0 0 00000
2 74415 097.7450 099.850  0000450 104.3700 271.8600 15.01248000000000
1 74415U          19288.07083333  .00000000  00000-0  00000-0 0 00000
2 74415 097.7500 100.215  0005560 347.0170 238.0200 15.03816000000000
1 74415U          19288.41388889  .00000000  00000-0  00000-0 0 00000
2 74415 097.7540 100.562  0015550 116.0050 163.7910 15.06672000000000
1 74415U          19288.65763889  .00000000  00000-0  00000-0 0 00000
2 74415 097.7460 100.805  0002770 160.7410 356.9440 15.01656000000000
1 74415U          19288.93194444  .00000000  00000-0  00000-0 0 00000
2 74415 097.7460 101.069  0006799 241.9650 318.9160 15.01536000000000
1 74415U          19289.28888889  .00000000  00000-0  00000-0 0 00000
2 74415 097.7470 101.430  0007420 228.0810 102.6430 15.02208000000000
1 74415U          19289.64513889  .00000000  00000-0  00000-0 0 00000
2 74415 097.7540 101.779  0019589 271.6680 185.2660 15.06768000000000
1 74415U          19289.91875000  .00000000  00000-0  00000-0 0 00000
2 74415 097.7490 102.053  0005840 325.6440 170.6100 15.03672000000000
1 74415U          19290.29166667  .00000000  00000-0  00000-0 0 00000
2 74415 097.7440 102.418  0004290 290.2690 062.3160 15.00864000000000
1 74415U          19290.61250000  .00000000  00000-0  00000-0 0 00000
2 74415 097.7530 102.737  0015539 129.3560 157.8960 15.06312000000000
1 74415U          19290.96875000  .00000000  00000-0  00000-0 0 00000
2 74415 097.7500 103.082  0014180 211.9140 201.6010 15.04680000000000
1 74415U          19291.40069444  .00000000  00000-0  00000-0 0 00000
2 74415 097.7490 103.509  0005890 009.5420 219.4160 15.04224000000000
1 74415U          19291.69861111  .00000000  00000-0  00000-0 0 00000
2 74415 097.7470 103.803  0009210 189.4960 210.2400 15.03240000000000
1 74415U          19292.07986111  .00000000  00000-0  00000-0 0 00000
2 74415 097.7510 104.190  0013770 154.1350 146.8400 15.05232000000000
1 74415U          19292.26666667  .00000000  00000-0  00000-0 0 00000
2 74415 097.7490 104.365  0006420 019.3600 211.7430 15.04440000000000
1 74415U          19292.58611111  .00000000  00000-0  00000-0 0 00000
2 74415 097.7440 104.690  0003660 155.0700 003.1120 15.01608000000000
1 74415U          19293.00902778  .00000000  00000-0  00000-0 0 00000
2 74415 097.7520 105.107  0016239 125.1430 159.6800 15.06456000000000
1 74415U          19293.28402778  .00000000  00000-0  00000-0 0 00000
2 74415 097.7450 105.381  0007120 224.2510 107.4250 15.02136000000000
1 74415U          19293.70833333  .00000000  00000-0  00000-0 0 00000
2 74415 097.7520 105.799  0016940 282.1150 183.7170 15.06408000000000
1 74415U          19294.01319444  .00000000  00000-0  00000-0 0 00000
2 74415 097.7470 106.103  0011099 179.6230 134.5080 15.03888000000000
1 74415U          19294.35694444  .00000000  00000-0  00000-0 0 00000
2 74415 097.7420 106.435  0001070 092.6700 280.1330 15.01080000000000
1 74415U          19294.66944444  .00000000  00000-0  00000-0 0 00000
2 74415 097.7520 106.745  0015490 089.0180 173.4030 15.06744000000000
1 74415U          19294.98333333  .00000000  00000-0  00000-0 0 00000
2 74415 097.7430 107.060  0004480 154.1300 005.3760 15.01512000000000
1 74415U          19295.25416667  .00000000  00000-0  00000-0 0 00000
2 74415 097.7410 107.324  0008170 196.8200 347.0750 15.00792000000000
1 74415U          19295.70486111  .00000000  00000-0  00000-0 0 00000
2 74415 097.7510 107.772  0017800 274.7310 185.9550 15.06648000000000
1 74415U          19295.98819444  .00000000  00000-0  00000-0 0 00000
2 74415 097.7410 108.048  0007580 211.6460 341.0130 15.01056000000000
1 74415U          19296.35486111  .00000000  00000-0  00000-0 0 00000
2 74415 097.7410 108.411  0001960 115.0230 260.1370 15.01176000000000
1 74415U          19296.58333333  .00000000  00000-0  00000-0 0 00000
2 74415 097.7410 108.641  0007210 172.4040 358.0140 15.00936000000000
1 74415U          19296.96319444  .00000000  00000-0  00000-0 0 00000
2 74415 097.7490 109.011  0017070 223.4210 200.8970 15.05688000000000
1 74415U          19297.33541667  .00000000  00000-0  00000-0 0 00000
2 74415 097.7500 109.384  0017399 111.9980 164.7950 15.06768000000000
1 74415U          19297.59305556  .00000000  00000-0  00000-0 0 00000
2 74415 097.7460 109.633  0005960 025.3630 204.5050 15.04320000000000
1 74415U          19297.95069444  .00000000  00000-0  00000-0 0 00000
2 74415 097.7400 109.991  0001170 355.4330 008.0700 15.00792000000000
1 74415U          19298.29583333  .00000000  00000-0  00000-0 0 00000
2 74415 097.7480 110.329  0017970 230.4810 199.1530 15.06096000000000
1 74415U          19298.63819444  .00000000  00000-0  00000-0 0 00000
2 74415 097.7470 110.676  0010839 303.6250 177.0020 15.05280000000000
1 74415U          19298.95000000  .00000000  00000-0  00000-0 0 00000
2 74415 097.7390 110.979  0001140 044.5750 321.9880 15.00840000000000
1 74415U          19299.35069444  .00000000  00000-0  00000-0 0 00000
2 74415 097.7390 111.374  0002140 101.9130 271.1400 15.01080000000000
1 74415U          19299.72430556  .00000000  00000-0  00000-0 0 00000
2 74415 097.7450 111.741  0007320 038.4550 194.6720 15.04656000000000
1 74415U          19300.07430556  .00000000  00000-0  00000-0 0 00000
2 74415 097.7410 112.097  0008350 197.5720 127.8290 15.02736000000000
1 74415U          19300.33541667  .00000000  00000-0  00000-0 0 00000
2 74415 097.7460 112.354  0015890 143.3370 153.8490 15.05568000000000
1 74415U          19300.66666667  .00000000  00000-0  00000-0 0 00000
2 74415 097.7470 112.681  0017420 128.8880 159.3160 15.06264000000000
1 74415U          19301.03680556  .00000000  00000-0  00000-0 0 00000
2 74415 097.7440 113.049  0006810 322.2240 167.2280 15.04392000000000
1 74415U          19301.34444444  .00000000  00000-0  00000-0 0 00000
2 74415 097.7370 113.349  0001979 289.3120 063.5260 15.00864000000000
1 74415U          19301.62708333  .00000000  00000-0  00000-0 0 00000
2 74415 097.7470 113.626  0018540 245.7560 195.2880 15.06696000000000
1 74415U          19301.94861111  .00000000  00000-0  00000-0 0 00000
2 74415 097.7380 113.942  0004080 125.6150 253.8870 15.01440000000000
1 74415U          19302.34861111  .00000000  00000-0  00000-0 0 00000
2 74415 097.7380 114.337  0004800 133.6000 248.6300 15.01632000000000
1 74415U          19302.61111111  .00000000  00000-0  00000-0 0 00000
2 74415 097.7360 114.600  0001220 018.9460 342.5330 15.00768000000000
1 74415U          19302.96666667  .00000000  00000-0  00000-0 0 00000
2 74415 097.7430 114.957  0008800 312.2500 171.5940 15.04968000000000
1 74415U          19303.32291667  .00000000  00000-0  00000-0 0 00000
2 74415 097.7450 115.301  0014119 072.2080 177.9010 15.06144000000000
1 74415U          19303.64652778  .00000000  00000-0  00000-0 0 00000
2 74415 097.7370 115.621  0005590 214.4220 345.3900 15.01464000000000
1 74415U          19304.05625000  .00000000  00000-0  00000-0 0 00000
2 74415 097.7450 116.027  0015730 079.7070 175.3860 15.06456000000000
1 74415U          19304.36597222  .00000000  00000-0  00000-0 0 00000
2 74415 097.7410 116.341  0006360 327.7000 161.9180 15.04392000000000
1 74415U          19304.58750000  .00000000  00000-0  00000-0 0 00000
2 74415 097.7430 116.551  0013510 068.4860 178.9870 15.05952000000000
1 74415U          19305.07291667  .00000000  00000-0  00000-0 0 00000
2 74415 097.7390 117.051  0324170 291.7270 110.4010 15.84360000000000
1 74415U          19305.31458333  .00000000  00000-0  00000-0 0 00000
2 74415 097.7360 117.334  0312970 292.1140 047.9930 15.85680000000000
1 74415U          19305.67500000  .00000000  00000-0  00000-0 0 00000
2 74415 097.7410 117.733  0281750 293.1120 309.1720 15.96264000000000
1 74415U          19305.93958333  .00000000  00000-0  00000-0 0 00000
2 74415 097.7330 118.045  0262020 287.5690 034.0870 15.99696000000000
1 74415U          19306.34513889  .00000000  00000-0  00000-0 0 00000
2 74415 097.7330 118.510  0230630 288.3030 212.9860 16.08696000000000
1 74415U          19306.70138889  .00000000  00000-0  00000-0 0 00000
2 74415 097.7350 118.920  0190750 281.3930 127.5340 16.20768000000000
1 74415U          19307.08263889  .00000000  00000-0  00000-0 0 00000
2 74415 097.7310 119.382  0138800 283.7500 195.6860 16.38960000000000
