1 74562U          19282.04097222  .00000000  00000-0  00000-0 0 00000
2 74562 097.7480 094.258  0000000 000.0000 303.5450 15.01920000000000
1 74562U          19282.36527778  .00000000  00000-0  00000-0 0 00000
2 74562 097.7480 094.578  0000000 000.0000 254.7950 15.01920000000000
1 74562U          19282.70069444  .00000000  00000-0  00000-0 0 00000
2 74562 097.7480 094.908  0000000 000.0000 266.0460 15.01920000000000
1 74562U          19282.95277778  .00000000  00000-0  00000-0 0 00000
2 74562 097.7480 095.157  0000000 000.0000 187.2960 15.01920000000000
1 74562U          19283.29583333  .00000000  00000-0  00000-0 0 00000
2 74562 097.7480 095.495  0000000 000.0000 239.7970 15.01920000000000
1 74562U          19283.70902778  .00000000  00000-0  00000-0 0 00000
2 74562 097.7480 095.902  0000000 000.0000 311.0480 15.01920000000000
1 74562U          19283.95347222  .00000000  00000-0  00000-0 0 00000
2 74562 097.7480 096.143  0000000 000.0000 191.0480 15.01920000000000
1 74562U          19284.40347222  .00000000  00000-0  00000-0 0 00000
2 74562 097.7470 096.587  0000000 000.0000 101.0490 15.01920000000000
1 74562U          19284.60694444  .00000000  00000-0  00000-0 0 00000
2 74562 097.7470 096.788  0000000 000.0000 119.7990 15.01920000000000
1 74562U          19284.97083333  .00000000  00000-0  00000-0 0 00000
2 74562 097.7470 097.146  0000000 000.0000 284.8000 15.01920000000000
1 74562U          19285.41319444  .00000000  00000-0  00000-0 0 00000
2 74562 097.7470 097.582  0000000 000.0000 153.5510 15.01920000000000
1 74562U          19285.67152778  .00000000  00000-0  00000-0 0 00000
2 74562 097.7470 097.837  0000000 000.0000 108.5510 15.01920000000000
1 74562U          19285.98958333  .00000000  00000-0  00000-0 0 00000
2 74562 097.7470 098.151  0000000 000.0000 026.0520 15.01920000000000
1 74562U          19286.34930556  .00000000  00000-0  00000-0 0 00000
2 74562 097.7470 098.505  0000000 000.0000 168.5530 15.01920000000000
1 74562U          19286.64097222  .00000000  00000-0  00000-0 0 00000
2 74562 097.7470 098.793  0000000 000.0000 303.5530 15.01920000000000
1 74562U          19286.95208333  .00000000  00000-0  00000-0 0 00000
2 74562 097.7470 099.100  0000000 000.0000 183.5540 15.01920000000000
1 74562U          19287.41527778  .00000000  00000-0  00000-0 0 00000
2 74562 097.7470 099.556  0000000 000.0000 164.8050 15.01920000000000
1 74562U          19287.63888889  .00000000  00000-0  00000-0 0 00000
2 74562 097.7470 099.777  0000000 000.0000 292.3050 15.01920000000000
1 74562U          19288.05208333  .00000000  00000-0  00000-0 0 00000
2 74562 097.7460 100.184  0000000 000.0000 003.5560 15.01920000000000
1 74562U          19288.39236111  .00000000  00000-0  00000-0 0 00000
2 74562 097.7460 100.519  0000000 000.0000 041.0570 15.01920000000000
1 74562U          19288.73680556  .00000000  00000-0  00000-0 0 00000
2 74562 097.7460 100.859  0000000 000.0000 101.0570 15.01920000000000
1 74562U          19288.97013889  .00000000  00000-0  00000-0 0 00000
2 74562 097.7460 101.089  0000000 000.0000 281.0580 15.01920000000000
1 74562U          19289.34513889  .00000000  00000-0  00000-0 0 00000
2 74562 097.7460 101.459  0000000 000.0000 146.0580 15.01920000000000
1 74562U          19289.67361111  .00000000  00000-0  00000-0 0 00000
2 74562 097.7460 101.783  0000000 000.0000 119.8090 15.01920000000000
1 74562U          19289.97152778  .00000000  00000-0  00000-0 0 00000
2 74562 097.7460 102.076  0000000 000.0000 288.5600 15.01920000000000
1 74562U          19290.30416667  .00000000  00000-0  00000-0 0 00000
2 74562 097.7460 102.404  0000000 000.0000 284.8100 15.01920000000000
1 74562U          19290.66875000  .00000000  00000-0  00000-0 0 00000
2 74562 097.7450 102.764  0000000 000.0000 093.5610 15.01920000000000
1 74562U          19290.98194444  .00000000  00000-0  00000-0 0 00000
2 74562 097.7450 103.072  0000000 000.0000 344.8110 15.01920000000000
1 74562U          19291.39027778  .00000000  00000-0  00000-0 0 00000
2 74562 097.7450 103.475  0000000 000.0000 029.8120 15.01920000000000
1 74562U          19291.69166667  .00000000  00000-0  00000-0 0 00000
2 74562 097.7450 103.772  0000000 000.0000 217.3130 15.01920000000000
1 74562U          19292.00902778  .00000000  00000-0  00000-0 0 00000
2 74562 097.7450 104.085  0000000 000.0000 131.0630 15.01920000000000
1 74562U          19292.29583333  .00000000  00000-0  00000-0 0 00000
2 74562 097.7450 104.368  0000000 000.0000 239.8140 15.01920000000000
1 74562U          19292.74513889  .00000000  00000-0  00000-0 0 00000
2 74562 097.7450 104.811  0000000 000.0000 146.0650 15.01920000000000
1 74562U          19293.08194444  .00000000  00000-0  00000-0 0 00000
2 74562 097.7440 105.143  0000000 000.0000 164.8150 15.01920000000000
1 74562U          19293.27013889  .00000000  00000-0  00000-0 0 00000
2 74562 097.7440 105.328  0000000 000.0000 101.0660 15.01920000000000
1 74562U          19293.59444444  .00000000  00000-0  00000-0 0 00000
2 74562 097.7440 105.648  0000000 000.0000 052.3160 15.01920000000000
1 74562U          19293.94652778  .00000000  00000-0  00000-0 0 00000
2 74562 097.7440 105.995  0000000 000.0000 153.5670 15.01920000000000
1 74562U          19294.39166667  .00000000  00000-0  00000-0 0 00000
2 74562 097.7440 106.434  0000000 000.0000 037.3180 15.01920000000000
1 74562U          19294.58402778  .00000000  00000-0  00000-0 0 00000
2 74562 097.7440 106.623  0000000 000.0000 356.0680 15.01920000000000
1 74562U          19295.02430556  .00000000  00000-0  00000-0 0 00000
2 74562 097.7430 107.058  0000000 000.0000 213.5690 15.01920000000000
1 74562U          19295.32291667  .00000000  00000-0  00000-0 0 00000
2 74562 097.7430 107.352  0000000 000.0000 026.0690 15.01920000000000
1 74562U          19295.58541667  .00000000  00000-0  00000-0 0 00000
2 74562 097.7430 107.611  0000000 000.0000 003.5700 15.01920000000000
1 74562U          19295.99166667  .00000000  00000-0  00000-0 0 00000
2 74562 097.7430 108.011  0000000 000.0000 037.3210 15.01920000000000
1 74562U          19296.33680556  .00000000  00000-0  00000-0 0 00000
2 74562 097.7430 108.351  0000000 000.0000 101.0710 15.01920000000000
1 74562U          19296.60833333  .00000000  00000-0  00000-0 0 00000
2 74562 097.7420 108.619  0000000 000.0000 127.3220 15.01920000000000
1 74562U          19297.05486111  .00000000  00000-0  00000-0 0 00000
2 74562 097.7420 109.059  0000000 000.0000 018.5730 15.01920000000000
1 74562U          19297.28194444  .00000000  00000-0  00000-0 0 00000
2 74562 097.7420 109.283  0000000 000.0000 164.8230 15.01920000000000
1 74562U          19297.63125000  .00000000  00000-0  00000-0 0 00000
2 74562 097.7420 109.628  0000000 000.0000 251.0740 15.01920000000000
1 74562U          19297.93333333  .00000000  00000-0  00000-0 0 00000
2 74562 097.7420 109.925  0000000 000.0000 082.3240 15.01920000000000
1 74562U          19298.26319444  .00000000  00000-0  00000-0 0 00000
2 74562 097.7410 110.251  0000000 000.0000 063.5750 15.01920000000000
1 74562U          19298.75000000  .00000000  00000-0  00000-0 0 00000
2 74562 097.7410 110.730  0000000 000.0000 172.3260 15.01920000000000
1 74562U          19298.93402778  .00000000  00000-0  00000-0 0 00000
2 74562 097.7410 110.912  0000000 000.0000 086.0760 15.01920000000000
1 74562U          19299.28125000  .00000000  00000-0  00000-0 0 00000
2 74562 097.7410 111.254  0000000 000.0000 161.0770 15.01920000000000
1 74562U          19299.68958333  .00000000  00000-0  00000-0 0 00000
2 74562 097.7400 111.657  0000000 000.0000 206.0770 15.01920000000000
1 74562U          19299.98680556  .00000000  00000-0  00000-0 0 00000
2 74562 097.7400 111.950  0000000 000.0000 011.0780 15.01920000000000
1 74562U          19300.35763889  .00000000  00000-0  00000-0 0 00000
2 74562 097.7400 112.315  0000000 000.0000 213.5780 15.01920000000000
1 74562U          19300.66597222  .00000000  00000-0  00000-0 0 00000
2 74562 097.7400 112.619  0000000 000.0000 078.5790 15.01920000000000
1 74562U          19301.06944444  .00000000  00000-0  00000-0 0 00000
2 74562 097.7390 113.017  0000000 000.0000 097.3300 15.01920000000000
1 74562U          19301.39375000  .00000000  00000-0  00000-0 0 00000
2 74562 097.7390 113.337  0000000 000.0000 048.5800 15.01920000000000
1 74562U          19301.63055556  .00000000  00000-0  00000-0 0 00000
2 74562 097.7390 113.570  0000000 000.0000 247.3310 15.01920000000000
1 74562U          19302.08055556  .00000000  00000-0  00000-0 0 00000
2 74562 097.7390 114.014  0000000 000.0000 157.3320 15.01920000000000
1 74562U          19302.32083333  .00000000  00000-0  00000-0 0 00000
2 74562 097.7380 114.251  0000000 000.0000 014.8320 15.01920000000000
1 74562U          19302.60416667  .00000000  00000-0  00000-0 0 00000
2 74562 097.7380 114.530  0000000 000.0000 104.8320 15.01920000000000
1 74562U          19303.04722222  .00000000  00000-0  00000-0 0 00000
2 74562 097.7380 114.967  0000000 000.0000 337.3330 15.01920000000000
1 74562U          19303.28333333  .00000000  00000-0  00000-0 0 00000
2 74562 097.7380 115.200  0000000 000.0000 172.3340 15.01920000000000
1 74562U          19303.62430556  .00000000  00000-0  00000-0 0 00000
2 74562 097.7370 115.536  0000000 000.0000 213.5840 15.01920000000000
1 74562U          19303.95069444  .00000000  00000-0  00000-0 0 00000
2 74562 097.7370 115.858  0000000 000.0000 176.0850 15.01920000000000
1 74562U          19304.38750000  .00000000  00000-0  00000-0 0 00000
2 74562 097.7370 116.288  0000000 000.0000 014.8360 15.01920000000000
1 74562U          19304.59166667  .00000000  00000-0  00000-0 0 00000
2 74562 097.7370 116.489  0000000 000.0000 037.3360 15.01920000000000
1 74562U          19305.06805556  .00000000  00000-0  00000-0 0 00000
2 74562 097.7360 116.959  0000000 000.0000 089.8370 15.01920000000000
1 74562U          19305.32083333  .00000000  00000-0  00000-0 0 00000
2 74562 097.7360 117.208  0000000 000.0000 014.8370 15.01920000000000
1 74562U          19305.61180556  .00000000  00000-0  00000-0 0 00000
2 74562 097.7360 117.495  0000000 000.0000 146.0880 15.01920000000000
1 74562U          19306.05763889  .00000000  00000-0  00000-0 0 00000
2 74562 097.7350 117.935  0000000 000.0000 033.5880 15.01920000000000
1 74562U          19306.41666667  .00000000  00000-0  00000-0 0 00000
2 74562 097.7350 118.289  0000000 000.0000 172.3390 15.01920000000000
1 74562U          19306.68055556  .00000000  00000-0  00000-0 0 00000
2 74562 097.7350 118.549  0000000 000.0000 157.3390 15.01920000000000
1 74562U          19306.91736111  .00000000  00000-0  00000-0 0 00000
2 74562 097.7350 118.782  0000000 000.0000 356.0900 15.01920000000000
1 74562U          19307.40763889  .00000000  00000-0  00000-0 0 00000
2 74562 097.7340 119.266  0000000 000.0000 123.5910 15.01920000000000
1 74562U          19307.66875000  .00000000  00000-0  00000-0 0 00000
2 74562 097.7340 119.523  0000000 000.0000 093.5910 15.01920000000000
1 74562U          19307.99722222  .00000000  00000-0  00000-0 0 00000
2 74562 097.7340 119.847  0000000 000.0000 067.3420 15.01920000000000
1 74562U          19308.40138889  .00000000  00000-0  00000-0 0 00000
2 74562 097.7330 120.245  0000000 000.0000 089.8420 15.01920000000000
1 74562U          19308.67152778  .00000000  00000-0  00000-0 0 00000
2 74562 097.7330 120.511  0000000 000.0000 108.5930 15.01920000000000
1 74562U          19309.07152778  .00000000  00000-0  00000-0 0 00000
2 74562 097.7330 120.906  0000000 000.0000 108.5930 15.01920000000000
1 74562U          19309.31250000  .00000000  00000-0  00000-0 0 00000
2 74562 097.7320 121.143  0000000 000.0000 329.8440 15.01920000000000
1 74562U          19309.59097222  .00000000  00000-0  00000-0 0 00000
2 74562 097.7320 121.418  0000000 000.0000 033.5940 15.01920000000000
1 74562U          19309.95902778  .00000000  00000-0  00000-0 0 00000
2 74562 097.7320 121.781  0000000 000.0000 221.0950 15.01920000000000
1 74562U          19310.29097222  .00000000  00000-0  00000-0 0 00000
2 74562 097.7310 122.108  0000000 000.0000 213.5950 15.01920000000000
1 74562U          19310.68055556  .00000000  00000-0  00000-0 0 00000
2 74562 097.7310 122.492  0000000 000.0000 157.3460 15.01920000000000
1 74562U          19310.95486111  .00000000  00000-0  00000-0 0 00000
2 74562 097.7310 122.762  0000000 000.0000 198.5960 15.01920000000000
1 74562U          19311.35972222  .00000000  00000-0  00000-0 0 00000
2 74562 097.7300 123.162  0000000 000.0000 224.8470 15.01920000000000
1 74562U          19311.68055556  .00000000  00000-0  00000-0 0 00000
2 74562 097.7300 123.478  0000000 000.0000 157.3480 15.01920000000000
1 74562U          19311.89583333  .00000000  00000-0  00000-0 0 00000
2 74562 097.7300 123.690  0000000 000.0000 239.8480 15.01914300000000
1 74562U          19312.30416667  .00000000  00000-0  00000-0 0 00000
2 74562 097.7290 124.093  0000000 000.0000 284.8490 15.01914300000000
1 74562U          19312.49861111  .00000000  00000-0  00000-0 0 00000
2 74562 097.7290 124.284  0000000 000.0000 254.8490 15.01914300000000
1 74562U          19312.96250000  .00000000  00000-0  00000-0 0 00000
2 74562 097.7290 124.742  0000000 000.0000 239.8500 15.01914300000000
1 74562U          19313.28750000  .00000000  00000-0  00000-0 0 00000
2 74562 097.7280 125.062  0000000 000.0000 194.8500 15.01914300000000
1 74562U          19313.59722222  .00000000  00000-0  00000-0 0 00000
2 74562 097.7280 125.367  0000000 000.0000 067.3510 15.01914300000000
1 74562U          19313.90694444  .00000000  00000-0  00000-0 0 00000
2 74562 097.7280 125.673  0000000 000.0000 299.8510 15.01914300000000
1 74562U          19314.25972222  .00000000  00000-0  00000-0 0 00000
2 74562 097.7270 126.020  0000000 000.0000 044.8520 15.01914300000000
1 74562U          19314.50763889  .00000000  00000-0  00000-0 0 00000
2 74562 097.7270 126.265  0000000 000.0000 303.6020 15.01914300000000
1 74562U          19314.91458333  .00000000  00000-0  00000-0 0 00000
2 74562 097.7260 126.666  0000000 000.0000 341.1030 15.01914300000000
1 74562U          19315.25416667  .00000000  00000-0  00000-0 0 00000
2 74562 097.7260 127.001  0000000 000.0000 014.8530 15.01914300000000
1 74562U          19315.58750000  .00000000  00000-0  00000-0 0 00000
2 74562 097.7260 127.329  0000000 000.0000 014.8540 15.01914300000000
1 74562U          19315.92777778  .00000000  00000-0  00000-0 0 00000
2 74562 097.7250 127.665  0000000 000.0000 052.3540 15.01914300000000
1 74562U          19316.24513889  .00000000  00000-0  00000-0 0 00000
2 74562 097.7250 127.978  0000000 000.0000 326.1050 15.01914300000000
1 74562U          19316.60000000  .00000000  00000-0  00000-0 0 00000
2 74562 097.7250 128.327  0000000 000.0000 082.3550 15.01914300000000
1 74562U          19316.92291667  .00000000  00000-0  00000-0 0 00000
2 74562 097.7240 128.646  0000000 000.0000 026.1060 15.01914300000000
1 74562U          19317.15138889  .00000000  00000-0  00000-0 0 00000
2 74562 097.7240 128.871  0000000 000.0000 179.8560 15.01914300000000
1 74562U          19317.53402778  .00000000  00000-0  00000-0 0 00000
2 74562 097.7230 129.248  0000000 000.0000 086.1070 15.01914300000000
1 74562U          19317.88750000  .00000000  00000-0  00000-0 0 00000
2 74562 097.7230 129.597  0000000 000.0000 194.8570 15.01914300000000
1 74562U          19318.23680556  .00000000  00000-0  00000-0 0 00000
2 74562 097.7230 129.941  0000000 000.0000 281.1080 15.01914300000000
1 74562U          19318.51388889  .00000000  00000-0  00000-0 0 00000
2 74562 097.7220 130.214  0000000 000.0000 337.3580 15.01914300000000
1 74562U          19318.89583333  .00000000  00000-0  00000-0 0 00000
2 74562 097.7220 130.591  0000000 000.0000 239.8590 15.01914300000000
1 74562U          19318.89583333  .00000000  00000-0  00000-0 0 00000
2 74562 097.7220 130.591  0000000 000.0000 239.8590 15.01914300000000
1 74562U          19319.16666667  .00000000  00000-0  00000-0 0 00000
2 74562 097.7220 130.858  0000000 000.0000 262.3590 15.01914300000000
1 74562U          19319.50416667  .00000000  00000-0  00000-0 0 00000
2 74562 097.7210 131.190  0000000 000.0000 284.8600 15.01914300000000
1 74562U          19319.97152778  .00000000  00000-0  00000-0 0 00000
2 74562 097.7210 131.651  0000000 000.0000 288.6100 15.01914300000000
1 74562U          19320.22152778  .00000000  00000-0  00000-0 0 00000
2 74562 097.7200 131.898  0000000 000.0000 198.6110 15.01914300000000
1 74562U          19320.60347222  .00000000  00000-0  00000-0 0 00000
2 74562 097.7200 132.274  0000000 000.0000 101.1110 15.01914300000000
1 74562U          19320.97847222  .00000000  00000-0  00000-0 0 00000
2 74562 097.7190 132.644  0000000 000.0000 326.1120 15.01914300000000
1 74562U          19321.19791667  .00000000  00000-0  00000-0 0 00000
2 74562 097.7190 132.860  0000000 000.0000 071.1120 15.01914300000000
1 74562U          19321.57569444  .00000000  00000-0  00000-0 0 00000
2 74562 097.7180 133.233  0000000 000.0000 311.1120 15.01914300000000
1 74562U          19321.84930556  .00000000  00000-0  00000-0 0 00000
2 74562 097.7180 133.502  0000000 000.0000 348.6130 15.01914300000000
1 74562U          19322.17222222  .00000000  00000-0  00000-0 0 00000
2 74562 097.7180 133.821  0000000 000.0000 292.3630 15.01914300000000
1 74562U          19322.48611111  .00000000  00000-0  00000-0 0 00000
2 74562 097.7170 134.130  0000000 000.0000 187.3640 15.01914300000000
1 74562U          19322.93611111  .00000000  00000-0  00000-0 0 00000
2 74562 097.7170 134.574  0000000 000.0000 097.3640 15.01914300000000
1 74562U          19323.16875000  .00000000  00000-0  00000-0 0 00000
2 74562 097.7160 134.803  0000000 000.0000 273.6150 15.01914300000000
1 74562U          19323.49861111  .00000000  00000-0  00000-0 0 00000
2 74562 097.7160 135.128  0000000 000.0000 254.8650 15.01914300000000
1 74562U          19323.97708333  .00000000  00000-0  00000-0 0 00000
2 74562 097.7150 135.600  0000000 000.0000 318.6160 15.01914300000000
1 74562U          19324.16458333  .00000000  00000-0  00000-0 0 00000
2 74562 097.7150 135.785  0000000 000.0000 251.1160 15.01914300000000
1 74562U          19324.58611111  .00000000  00000-0  00000-0 0 00000
2 74562 097.7150 136.200  0000000 000.0000 007.3670 15.01914300000000
1 74562U          19324.87291667  .00000000  00000-0  00000-0 0 00000
2 74562 097.7140 136.483  0000000 000.0000 116.1170 15.01914300000000
1 74562U          19325.30277778  .00000000  00000-0  00000-0 0 00000
2 74562 097.7140 136.907  0000000 000.0000 277.3680 15.01914300000000
1 74562U          19325.64583333  .00000000  00000-0  00000-0 0 00000
2 74562 097.7130 137.245  0000000 000.0000 329.8680 15.01914300000000
1 74562U          19325.89583333  .00000000  00000-0  00000-0 0 00000
2 74562 097.7130 137.491  0000000 000.0000 239.8680 15.01914300000000
1 74562U          19325.93333333  .00000000  00000-0  00000-0 0 00000
2 74562 097.7140 137.531  0007559 254.1560 188.6170 15.08152200000000
1 74562U          19326.21944444  .00000000  00000-0  00000-0 0 00000
2 74562 097.7070 137.812  0015740 098.0130 091.3570 15.00578400000000
1 74562U          19326.59097222  .00000000  00000-0  00000-0 0 00000
2 74562 097.7070 138.177  0019110 099.5840 298.1420 15.02687700000000
1 74562U          19326.85000000  .00000000  00000-0  00000-0 0 00000
2 74562 097.7050 138.436  0018200 067.6340 290.2360 15.00404800000000
1 74562U          19327.23680556  .00000000  00000-0  00000-0 0 00000
2 74562 097.7140 138.820  0031590 099.7970 188.9450 15.05869400000000
1 74562U          19327.63750000  .00000000  00000-0  00000-0 0 00000
2 74562 097.7110 139.217  0029200 102.1140 192.6040 15.05463200000000
1 74562U          19327.90763889  .00000000  00000-0  00000-0 0 00000
2 74562 097.7070 139.483  0019520 106.3330 208.6390 15.03502200000000
1 74562U          19328.24305556  .00000000  00000-0  00000-0 0 00000
2 74562 097.7060 139.814  0014679 093.9370 234.1580 15.02151000000000
1 74562U          19328.63263889  .00000000  00000-0  00000-0 0 00000
2 74562 097.7110 140.195  0034650 087.9230 186.1420 15.06469900000000
1 74562U          19328.83333333  .00000000  00000-0  00000-0 0 00000
2 74562 097.7120 140.392  0033780 092.0410 186.8960 15.06377800000000
1 74562U          19329.23541667  .00000000  00000-0  00000-0 0 00000
2 74562 097.7110 140.791  0029650 100.8870 191.5220 15.05622900000000
1 74562U          19329.49513889  .00000000  00000-0  00000-0 0 00000
2 74562 097.7070 141.042  0033660 074.5000 181.9310 15.06130700000000
1 74562U          19329.88819444  .00000000  00000-0  00000-0 0 00000
2 74562 097.7030 141.425  0019300 059.6910 161.4790 15.03057000000000
1 74562U          19330.27986111  .00000000  00000-0  00000-0 0 00000
2 74562 097.7000 141.816  0017329 095.9650 082.3360 15.00419500000000
1 74562U          19330.60902778  .00000000  00000-0  00000-0 0 00000
2 74562 097.6990 142.146  0020420 080.1410 077.4620 15.01308500000000
1 74562U          19330.89097222  .00000000  00000-0  00000-0 0 00000
2 74562 097.7050 142.414  0028780 063.8650 177.9210 15.05134500000000
1 74562U          19331.25555556  .00000000  00000-0  00000-0 0 00000
2 74562 097.7050 142.773  0013150 115.6440 296.9400 15.04233700000000
1 74562U          19331.63611111  .00000000  00000-0  00000-0 0 00000
2 74562 097.7030 143.159  0020830 103.7020 205.9040 15.04074200000000
1 74562U          19331.93263889  .00000000  00000-0  00000-0 0 00000
2 74562 097.7030 143.449  0012810 018.1790 094.3670 15.05614300000000
1 74562U          19332.17430556  .00000000  00000-0  00000-0 0 00000
2 74562 097.6980 143.686  0013390 071.0020 267.8950 15.01241100000000
1 74562U          19332.63819444  .00000000  00000-0  00000-0 0 00000
2 74562 097.6980 144.147  0013800 089.4010 237.0950 15.02321300000000
1 74562U          19332.85555556  .00000000  00000-0  00000-0 0 00000
2 74562 097.7030 144.350  0008530 129.1600 292.4210 15.05149600000000
