1 74866U          19282.01250000  .00000000  00000-0  00000-0 0 00000
2 74866 097.7010 145.669  0000000 000.0000 204.7330 15.01920000000000
1 74866U          19282.29861111  .00000000  00000-0  00000-0 0 00000
2 74866 097.7000 145.951  0000000 000.0000 309.7340 15.01920000000000
1 74866U          19282.64583333  .00000000  00000-0  00000-0 0 00000
2 74866 097.7000 146.294  0000000 000.0000 024.7340 15.01920000000000
1 74866U          19282.97083333  .00000000  00000-0  00000-0 0 00000
2 74866 097.6990 146.614  0000000 000.0000 339.7340 15.01920000000000
1 74866U          19283.25416667  .00000000  00000-0  00000-0 0 00000
2 74866 097.6990 146.893  0000000 000.0000 069.7350 15.01920000000000
1 74866U          19283.68680556  .00000000  00000-0  00000-0 0 00000
2 74866 097.6980 147.320  0000000 000.0000 245.9850 15.01920000000000
1 74866U          19284.01736111  .00000000  00000-0  00000-0 0 00000
2 74866 097.6970 147.646  0000000 000.0000 230.9850 15.01920000000000
1 74866U          19284.36666667  .00000000  00000-0  00000-0 0 00000
2 74866 097.6970 147.990  0000000 000.0000 317.2360 15.01920000000000
1 74866U          19284.72916667  .00000000  00000-0  00000-0 0 00000
2 74866 097.6960 148.347  0000000 000.0000 114.7360 15.01920000000000
1 74866U          19285.01736111  .00000000  00000-0  00000-0 0 00000
2 74866 097.6960 148.631  0000000 000.0000 230.9860 15.01920000000000
1 74866U          19285.31666667  .00000000  00000-0  00000-0 0 00000
2 74866 097.6950 148.926  0000000 000.0000 047.2370 15.01920000000000
1 74866U          19285.64027778  .00000000  00000-0  00000-0 0 00000
2 74866 097.6950 149.245  0000000 000.0000 354.7370 15.01920000000000
1 74866U          19286.03819444  .00000000  00000-0  00000-0 0 00000
2 74866 097.6940 149.638  0000000 000.0000 343.4870 15.01920000000000
1 74866U          19286.32291667  .00000000  00000-0  00000-0 0 00000
2 74866 097.6940 149.918  0000000 000.0000 080.9880 15.01920000000000
1 74866U          19286.63819444  .00000000  00000-0  00000-0 0 00000
2 74866 097.6930 150.229  0000000 000.0000 343.4880 15.01920000000000
1 74866U          19287.04513889  .00000000  00000-0  00000-0 0 00000
2 74866 097.6930 150.630  0000000 000.0000 020.9880 15.01920000000000
1 74866U          19287.38055556  .00000000  00000-0  00000-0 0 00000
2 74866 097.6920 150.961  0000000 000.0000 032.2390 15.01920000000000
1 74866U          19287.61458333  .00000000  00000-0  00000-0 0 00000
2 74866 097.6920 151.191  0000000 000.0000 215.9890 15.01920000000000
1 74866U          19288.02430556  .00000000  00000-0  00000-0 0 00000
2 74866 097.6910 151.595  0000000 000.0000 268.4890 15.01920000000000
1 74866U          19288.26597222  .00000000  00000-0  00000-0 0 00000
2 74866 097.6910 151.834  0000000 000.0000 133.4900 15.01920000000000
1 74866U          19288.67847222  .00000000  00000-0  00000-0 0 00000
2 74866 097.6900 152.240  0000000 000.0000 200.9900 15.01920000000000
1 74866U          19288.99513889  .00000000  00000-0  00000-0 0 00000
2 74866 097.6890 152.552  0000000 000.0000 110.9900 15.01920000000000
1 74866U          19289.35138889  .00000000  00000-0  00000-0 0 00000
2 74866 097.6890 152.903  0000000 000.0000 234.7410 15.01920000000000
1 74866U          19289.64513889  .00000000  00000-0  00000-0 0 00000
2 74866 097.6880 153.193  0000000 000.0000 020.9910 15.01920000000000
1 74866U          19290.07638889  .00000000  00000-0  00000-0 0 00000
2 74866 097.6880 153.618  0000000 000.0000 189.7410 15.01920000000000
1 74866U          19290.34097222  .00000000  00000-0  00000-0 0 00000
2 74866 097.6870 153.879  0000000 000.0000 178.4910 15.01920000000000
1 74866U          19290.66250000  .00000000  00000-0  00000-0 0 00000
2 74866 097.6870 154.196  0000000 000.0000 114.7420 15.01920000000000
1 74866U          19291.05069444  .00000000  00000-0  00000-0 0 00000
2 74866 097.6860 154.578  0000000 000.0000 050.9920 15.01920000000000
1 74866U          19291.33888889  .00000000  00000-0  00000-0 0 00000
2 74866 097.6860 154.863  0000000 000.0000 167.2420 15.01920000000000
1 74866U          19291.59652778  .00000000  00000-0  00000-0 0 00000
2 74866 097.6850 155.117  0000000 000.0000 118.4920 15.01920000000000
1 74866U          19291.94513889  .00000000  00000-0  00000-0 0 00000
2 74866 097.6840 155.460  0000000 000.0000 200.9930 15.01920000000000
1 74866U          19292.26458333  .00000000  00000-0  00000-0 0 00000
2 74866 097.6840 155.775  0000000 000.0000 125.9930 15.01920000000000
1 74866U          19292.72638889  .00000000  00000-0  00000-0 0 00000
2 74866 097.6830 156.230  0000000 000.0000 099.7430 15.01920000000000
1 74866U          19292.95763889  .00000000  00000-0  00000-0 0 00000
2 74866 097.6830 156.458  0000000 000.0000 268.4940 15.01920000000000
1 74866U          19293.31388889  .00000000  00000-0  00000-0 0 00000
2 74866 097.6820 156.809  0000000 000.0000 032.2440 15.01920000000000
1 74866U          19293.62847222  .00000000  00000-0  00000-0 0 00000
2 74866 097.6820 157.119  0000000 000.0000 290.9940 15.01920000000000
1 74866U          19293.93819444  .00000000  00000-0  00000-0 0 00000
2 74866 097.6810 157.425  0000000 000.0000 163.4940 15.01920000000000
1 74866U          19294.39652778  .00000000  00000-0  00000-0 0 00000
2 74866 097.6800 157.876  0000000 000.0000 118.4950 15.01920000000000
1 74866U          19294.69513889  .00000000  00000-0  00000-0 0 00000
2 74866 097.6800 158.171  0000000 000.0000 290.9950 15.01920000000000
1 74866U          19295.01527778  .00000000  00000-0  00000-0 0 00000
2 74866 097.6790 158.486  0000000 000.0000 219.7450 15.01920000000000
1 74866U          19295.33472222  .00000000  00000-0  00000-0 0 00000
2 74866 097.6790 158.801  0000000 000.0000 144.7450 15.01920000000000
1 74866U          19295.72777778  .00000000  00000-0  00000-0 0 00000
2 74866 097.6780 159.189  0000000 000.0000 107.2460 15.01920000000000
1 74866U          19296.03750000  .00000000  00000-0  00000-0 0 00000
2 74866 097.6770 159.494  0000000 000.0000 339.7460 15.01920000000000
1 74866U          19296.38402778  .00000000  00000-0  00000-0 0 00000
2 74866 097.6770 159.836  0000000 000.0000 050.9960 15.01920000000000
1 74866U          19296.71319444  .00000000  00000-0  00000-0 0 00000
2 74866 097.6760 160.160  0000000 000.0000 028.4960 15.01920000000000
1 74866U          19296.96458333  .00000000  00000-0  00000-0 0 00000
2 74866 097.6760 160.408  0000000 000.0000 305.9960 15.01920000000000
1 74866U          19297.39583333  .00000000  00000-0  00000-0 0 00000
2 74866 097.6750 160.833  0000000 000.0000 114.7470 15.01920000000000
1 74866U          19297.69375000  .00000000  00000-0  00000-0 0 00000
2 74866 097.6750 161.127  0000000 000.0000 283.4970 15.01920000000000
1 74866U          19297.98472222  .00000000  00000-0  00000-0 0 00000
2 74866 097.6740 161.413  0000000 000.0000 054.7470 15.01920000000000
1 74866U          19298.25277778  .00000000  00000-0  00000-0 0 00000
2 74866 097.6740 161.678  0000000 000.0000 062.2470 15.01920000000000
1 74866U          19298.74930556  .00000000  00000-0  00000-0 0 00000
2 74866 097.6730 162.167  0000000 000.0000 223.4980 15.01920000000000
1 74866U          19299.04305556  .00000000  00000-0  00000-0 0 00000
2 74866 097.6720 162.457  0000000 000.0000 009.7480 15.01920000000000
1 74866U          19299.35763889  .00000000  00000-0  00000-0 0 00000
2 74866 097.6720 162.767  0000000 000.0000 268.4980 15.01920000000000
1 74866U          19299.67291667  .00000000  00000-0  00000-0 0 00000
2 74866 097.6710 163.077  0000000 000.0000 170.9980 15.01920000000000
1 74866U          19300.04722222  .00000000  00000-0  00000-0 0 00000
2 74866 097.6700 163.446  0000000 000.0000 032.2480 15.01920000000000
1 74866U          19300.39305556  .00000000  00000-0  00000-0 0 00000
2 74866 097.6700 163.787  0000000 000.0000 099.7490 15.01920000000000
1 74866U          19300.67083333  .00000000  00000-0  00000-0 0 00000
2 74866 097.6690 164.061  0000000 000.0000 159.7490 15.01920000000000
1 74866U          19301.01041667  .00000000  00000-0  00000-0 0 00000
2 74866 097.6690 164.396  0000000 000.0000 193.4990 15.01920000000000
1 74866U          19301.27708333  .00000000  00000-0  00000-0 0 00000
2 74866 097.6680 164.659  0000000 000.0000 193.4990 15.01920000000000
1 74866U          19301.61805556  .00000000  00000-0  00000-0 0 00000
2 74866 097.6680 164.995  0000000 000.0000 234.7490 15.01920000000000
1 74866U          19301.93125000  .00000000  00000-0  00000-0 0 00000
2 74866 097.6670 165.303  0000000 000.0000 125.9990 15.01920000000000
1 74866U          19302.37777778  .00000000  00000-0  00000-0 0 00000
2 74866 097.6660 165.743  0000000 000.0000 017.2500 15.01920000000000
1 74866U          19302.73263889  .00000000  00000-0  00000-0 0 00000
2 74866 097.6660 166.093  0000000 000.0000 133.5000 15.01920000000000
1 74866U          19303.04652778  .00000000  00000-0  00000-0 0 00000
2 74866 097.6650 166.403  0000000 000.0000 028.5000 15.01920000000000
1 74866U          19303.28819444  .00000000  00000-0  00000-0 0 00000
2 74866 097.6650 166.641  0000000 000.0000 253.5000 15.01920000000000
1 74866U          19303.71805556  .00000000  00000-0  00000-0 0 00000
2 74866 097.6640 167.065  0000000 000.0000 054.7500 15.01920000000000
1 74866U          19304.06875000  .00000000  00000-0  00000-0 0 00000
2 74866 097.6630 167.410  0000000 000.0000 148.5000 15.01920000000000
1 74866U          19304.26736111  .00000000  00000-0  00000-0 0 00000
2 74866 097.6630 167.606  0000000 000.0000 141.0000 15.01920000000000
1 74866U          19304.68333333  .00000000  00000-0  00000-0 0 00000
2 74866 097.6620 168.016  0000000 000.0000 227.2510 15.01920000000000
1 74866U          19305.03402778  .00000000  00000-0  00000-0 0 00000
2 74866 097.6610 168.362  0000000 000.0000 321.0010 15.01920000000000
1 74866U          19305.34861111  .00000000  00000-0  00000-0 0 00000
2 74866 097.6610 168.672  0000000 000.0000 219.7510 15.01920000000000
1 74866U          19305.74652778  .00000000  00000-0  00000-0 0 00000
2 74866 097.6600 169.064  0000000 000.0000 208.5010 15.01920000000000
1 74866U          19305.93194444  .00000000  00000-0  00000-0 0 00000
2 74866 097.6600 169.247  0000000 000.0000 129.7510 15.01920000000000
1 74866U          19306.34236111  .00000000  00000-0  00000-0 0 00000
2 74866 097.6590 169.651  0000000 000.0000 186.0010 15.01920000000000
1 74866U          19306.64722222  .00000000  00000-0  00000-0 0 00000
2 74866 097.6580 169.952  0000000 000.0000 032.2510 15.01920000000000
1 74866U          19307.02916667  .00000000  00000-0  00000-0 0 00000
2 74866 097.6580 170.328  0000000 000.0000 294.7510 15.01920000000000
1 74866U          19307.29513889  .00000000  00000-0  00000-0 0 00000
2 74866 097.6570 170.590  0000000 000.0000 291.0020 15.01920000000000
1 74866U          19307.63472222  .00000000  00000-0  00000-0 0 00000
2 74866 097.6570 170.925  0000000 000.0000 324.7520 15.01920000000000
1 74866U          19308.02708333  .00000000  00000-0  00000-0 0 00000
2 74866 097.6560 171.312  0000000 000.0000 283.5020 15.01920000000000
1 74866U          19308.29097222  .00000000  00000-0  00000-0 0 00000
2 74866 097.6550 171.572  0000000 000.0000 268.5020 15.01920000000000
1 74866U          19308.74861111  .00000000  00000-0  00000-0 0 00000
2 74866 097.6550 172.023  0000000 000.0000 219.7520 15.01920000000000
1 74866U          19309.08333333  .00000000  00000-0  00000-0 0 00000
2 74866 097.6540 172.353  0000000 000.0000 227.2520 15.01920000000000
1 74866U          19309.38333333  .00000000  00000-0  00000-0 0 00000
2 74866 097.6530 172.649  0000000 000.0000 047.2520 15.01920000000000
1 74866U          19309.65138889  .00000000  00000-0  00000-0 0 00000
2 74866 097.6530 172.913  0000000 000.0000 054.7520 15.01920000000000
1 74866U          19310.02847222  .00000000  00000-0  00000-0 0 00000
2 74866 097.6520 173.284  0000000 000.0000 291.0020 15.01920000000000
1 74866U          19310.25625000  .00000000  00000-0  00000-0 0 00000
2 74866 097.6520 173.509  0000000 000.0000 081.0020 15.01920000000000
1 74866U          19310.64722222  .00000000  00000-0  00000-0 0 00000
2 74866 097.6510 173.894  0000000 000.0000 032.2530 15.01920000000000
1 74866U          19310.97222222  .00000000  00000-0  00000-0 0 00000
2 74866 097.6500 174.215  0000000 000.0000 347.2530 15.01920000000000
1 74866U          19311.32500000  .00000000  00000-0  00000-0 0 00000
2 74866 097.6500 174.562  0000000 000.0000 092.2530 15.01920000000000
1 74866U          19311.65486111  .00000000  00000-0  00000-0 0 00000
2 74866 097.6490 174.887  0000000 000.0000 073.5030 15.01920000000000
1 74866U          19311.97222222  .00000000  00000-0  00000-0 0 00000
2 74866 097.6490 175.200  0000000 000.0000 347.2530 15.01914300000000
1 74866U          19312.23055556  .00000000  00000-0  00000-0 0 00000
2 74866 097.6480 175.455  0000000 000.0000 302.2530 15.01914300000000
1 74866U          19312.47986111  .00000000  00000-0  00000-0 0 00000
2 74866 097.6480 175.701  0000000 000.0000 208.5030 15.01914300000000
1 74866U          19312.88055556  .00000000  00000-0  00000-0 0 00000
2 74866 097.6470 176.095  0000000 000.0000 212.2530 15.01914300000000
1 74866U          19313.23819444  .00000000  00000-0  00000-0 0 00000
2 74866 097.6460 176.448  0000000 000.0000 343.5030 15.01914300000000
1 74866U          19313.48263889  .00000000  00000-0  00000-0 0 00000
2 74866 097.6460 176.689  0000000 000.0000 223.5030 15.01914300000000
1 74866U          19313.97916667  .00000000  00000-0  00000-0 0 00000
2 74866 097.6450 177.178  0000000 000.0000 024.7530 15.01914300000000
1 74866U          19314.22361111  .00000000  00000-0  00000-0 0 00000
2 74866 097.6440 177.419  0000000 000.0000 264.7530 15.01914300000000
1 74866U          19314.49930556  .00000000  00000-0  00000-0 0 00000
2 74866 097.6440 177.691  0000000 000.0000 313.5030 15.01914300000000
1 74866U          19314.89166667  .00000000  00000-0  00000-0 0 00000
2 74866 097.6430 178.078  0000000 000.0000 272.2530 15.01914300000000
1 74866U          19315.29236111  .00000000  00000-0  00000-0 0 00000
2 74866 097.6420 178.473  0000000 000.0000 276.0030 15.01914300000000
1 74866U          19315.61527778  .00000000  00000-0  00000-0 0 00000
2 74866 097.6420 178.791  0000000 000.0000 219.7530 15.01914300000000
1 74866U          19315.82152778  .00000000  00000-0  00000-0 0 00000
2 74866 097.6410 178.994  0000000 000.0000 253.5030 15.01914300000000
1 74866U          19316.18958333  .00000000  00000-0  00000-0 0 00000
2 74866 097.6410 179.357  0000000 000.0000 081.0030 15.01914300000000
1 74866U          19316.50763889  .00000000  00000-0  00000-0 0 00000
2 74866 097.6400 179.670  0000000 000.0000 358.5030 15.01914300000000
1 74866U          19316.81666667  .00000000  00000-0  00000-0 0 00000
2 74866 097.6400 179.975  0000000 000.0000 227.2530 15.01914300000000
1 74866U          19317.17013889  .00000000  00000-0  00000-0 0 00000
2 74866 097.6390 180.323  0000000 000.0000 336.0030 15.01914300000000
1 74866U          19317.55902778  .00000000  00000-0  00000-0 0 00000
2 74866 097.6380 180.707  0000000 000.0000 276.0030 15.01914300000000
1 74866U          19317.97708333  .00000000  00000-0  00000-0 0 00000
2 74866 097.6370 181.119  0000000 000.0000 013.5030 15.01914300000000
1 74866U          19318.24027778  .00000000  00000-0  00000-0 0 00000
2 74866 097.6370 181.378  0000000 000.0000 354.7530 15.01914300000000
1 74866U          19318.62291667  .00000000  00000-0  00000-0 0 00000
2 74866 097.6360 181.755  0000000 000.0000 261.0030 15.01914300000000
1 74866U          19318.89583333  .00000000  00000-0  00000-0 0 00000
2 74866 097.6360 182.024  0000000 000.0000 294.7530 15.01914300000000
1 74866U          19318.89583333  .00000000  00000-0  00000-0 0 00000
2 74866 097.6360 182.024  0000000 000.0000 294.7530 15.01914300000000
1 74866U          19319.20138889  .00000000  00000-0  00000-0 0 00000
2 74866 097.6350 182.325  0000000 000.0000 144.7530 15.01914300000000
1 74866U          19319.51805556  .00000000  00000-0  00000-0 0 00000
2 74866 097.6350 182.637  0000000 000.0000 054.7530 15.01914300000000
1 74866U          19319.82430556  .00000000  00000-0  00000-0 0 00000
2 74866 097.6340 182.939  0000000 000.0000 268.5030 15.01914300000000
1 74866U          19320.26041667  .00000000  00000-0  00000-0 0 00000
2 74866 097.6330 183.369  0000000 000.0000 103.5030 15.01914300000000
1 74866U          19320.54375000  .00000000  00000-0  00000-0 0 00000
2 74866 097.6330 183.648  0000000 000.0000 193.5030 15.01914300000000
1 74866U          19320.96527778  .00000000  00000-0  00000-0 0 00000
2 74866 097.6320 184.064  0000000 000.0000 309.7530 15.01914300000000
1 74866U          19321.23333333  .00000000  00000-0  00000-0 0 00000
2 74866 097.6310 184.328  0000000 000.0000 317.2530 15.01914300000000
1 74866U          19321.57152778  .00000000  00000-0  00000-0 0 00000
2 74866 097.6310 184.661  0000000 000.0000 343.5030 15.01914300000000
1 74866U          19321.83055556  .00000000  00000-0  00000-0 0 00000
2 74866 097.6300 184.917  0000000 000.0000 302.2530 15.01914300000000
1 74866U          19322.16944444  .00000000  00000-0  00000-0 0 00000
2 74866 097.6300 185.251  0000000 000.0000 332.2530 15.01914300000000
1 74866U          19322.57569444  .00000000  00000-0  00000-0 0 00000
2 74866 097.6290 185.651  0000000 000.0000 006.0030 15.01914300000000
1 74866U          19322.95277778  .00000000  00000-0  00000-0 0 00000
2 74866 097.6280 186.023  0000000 000.0000 242.2530 15.01914300000000
1 74866U          19323.20625000  .00000000  00000-0  00000-0 0 00000
2 74866 097.6280 186.273  0000000 000.0000 171.0030 15.01914300000000
1 74866U          19323.49513889  .00000000  00000-0  00000-0 0 00000
2 74866 097.6270 186.557  0000000 000.0000 291.0030 15.01914300000000
1 74866U          19323.88333333  .00000000  00000-0  00000-0 0 00000
2 74866 097.6260 186.940  0000000 000.0000 227.2530 15.01914300000000
1 74866U          19324.25972222  .00000000  00000-0  00000-0 0 00000
2 74866 097.6260 187.311  0000000 000.0000 099.7530 15.01914300000000
1 74866U          19324.51180556  .00000000  00000-0  00000-0 0 00000
2 74866 097.6250 187.559  0000000 000.0000 021.0030 15.01914300000000
1 74866U          19324.88402778  .00000000  00000-0  00000-0 0 00000
2 74866 097.6250 187.926  0000000 000.0000 231.0020 15.01914300000000
1 74866U          19325.30972222  .00000000  00000-0  00000-0 0 00000
2 74866 097.6240 188.346  0000000 000.0000 009.7520 15.01914300000000
1 74866U          19325.58055556  .00000000  00000-0  00000-0 0 00000
2 74866 097.6230 188.613  0000000 000.0000 032.2520 15.01914300000000
1 74866U          19325.88541667  .00000000  00000-0  00000-0 0 00000
2 74866 097.6230 188.913  0000000 000.0000 238.5020 15.01914300000000
1 74866U          19325.95694444  .00000000  00000-0  00000-0 0 00000
2 74866 097.6220 188.971  2002220 144.8570 085.3840 10.71414000000000
1 74866U          19326.18402778  .00000000  00000-0  00000-0 0 00000
2 74866 097.6150 189.075  2001429 144.7260 239.8210 10.69314100000000
1 74866U          19326.60000000  .00000000  00000-0  00000-0 0 00000
2 74866 097.6140 189.281  2000869 144.1410 041.9410 10.69247600000000
1 74866U          19326.88958333  .00000000  00000-0  00000-0 0 00000
2 74866 097.6200 189.422  2000260 143.3450 077.6550 10.71237100000000
1 74866U          19327.15763889  .00000000  00000-0  00000-0 0 00000
2 74866 097.6120 189.553  2005250 143.2450 029.7820 10.68432000000000
1 74866U          19327.56736111  .00000000  00000-0  00000-0 0 00000
2 74866 097.6160 189.752  2005910 142.5050 167.9670 10.70209800000000
1 74866U          19327.81805556  .00000000  00000-0  00000-0 0 00000
2 74866 097.6160 189.870  1998600 142.0320 053.6880 10.69997800000000
1 74866U          19328.16805556  .00000000  00000-0  00000-0 0 00000
2 74866 097.6190 190.036  1993050 141.8300 321.4230 10.72730000000000
1 74866U          19328.50069444  .00000000  00000-0  00000-0 0 00000
2 74866 097.6160 190.204  2007000 140.9450 162.9530 10.70355500000000
1 74866U          19328.94722222  .00000000  00000-0  00000-0 0 00000
2 74866 097.6180 190.418  2001650 139.9350 083.1780 10.71234200000000
1 74866U          19329.28263889  .00000000  00000-0  00000-0 0 00000
2 74866 097.6160 190.572  2004450 139.8560 294.6850 10.70808700000000
1 74866U          19329.50625000  .00000000  00000-0  00000-0 0 00000
2 74866 097.6150 190.688  2000330 139.0510 076.3820 10.71025400000000
1 74866U          19329.83472222  .00000000  00000-0  00000-0 0 00000
2 74866 097.6120 190.840  2003700 138.6890 261.4100 10.69396600000000
1 74866U          19330.30972222  .00000000  00000-0  00000-0 0 00000
2 74866 097.6140 191.069  2005319 138.1040 290.8130 10.70462500000000
1 74866U          19330.54791667  .00000000  00000-0  00000-0 0 00000
2 74866 097.6150 191.195  2009530 137.3910 128.5280 10.71073800000000
1 74866U          19330.85069444  .00000000  00000-0  00000-0 0 00000
2 74866 097.6110 191.338  2001530 137.0560 214.5940 10.69540800000000
1 74866U          19331.16180556  .00000000  00000-0  00000-0 0 00000
2 74866 097.6150 191.488  1989460 136.7750 332.6960 10.73014400000000
1 74866U          19331.60208333  .00000000  00000-0  00000-0 0 00000
2 74866 097.6070 191.701  2001410 135.7870 228.8000 10.69372400000000
1 74866U          19331.94166667  .00000000  00000-0  00000-0 0 00000
2 74866 097.6140 191.868  2004930 134.9720 097.0480 10.71275300000000
1 74866U          19332.15555556  .00000000  00000-0  00000-0 0 00000
2 74866 097.6080 191.971  2003460 134.9280 200.5600 10.69814000000000
1 74866U          19332.61666667  .00000000  00000-0  00000-0 0 00000
2 74866 097.6090 192.197  2006990 134.1540 176.6530 10.70274600000000
1 74866U          19332.89583333  .00000000  00000-0  00000-0 0 00000
2 74866 097.6110 192.331  2007640 133.6800 171.9450 10.70387700000000
