1 75276U          19282.01180556  .00000000  00000-0  00000-0 0 00000
2 75276 097.7010 145.669  0000000 000.0000 224.9830 15.01920000000000
1 75276U          19282.38402778  .00000000  00000-0  00000-0 0 00000
2 75276 097.7000 146.035  0000000 000.0000 074.9840 15.01920000000000
1 75276U          19282.58472222  .00000000  00000-0  00000-0 0 00000
2 75276 097.7000 146.233  0000000 000.0000 078.7340 15.01920000000000
1 75276U          19283.00347222  .00000000  00000-0  00000-0 0 00000
2 75276 097.6990 146.646  0000000 000.0000 179.9840 15.01920000000000
1 75276U          19283.36805556  .00000000  00000-0  00000-0 0 00000
2 75276 097.6980 147.005  0000000 000.0000 348.7350 15.01920000000000
1 75276U          19283.59305556  .00000000  00000-0  00000-0 0 00000
2 75276 097.6980 147.227  0000000 000.0000 123.7350 15.01920000000000
1 75276U          19284.06527778  .00000000  00000-0  00000-0 0 00000
2 75276 097.6970 147.693  0000000 000.0000 153.7360 15.01920000000000
1 75276U          19284.33194444  .00000000  00000-0  00000-0 0 00000
2 75276 097.6970 147.956  0000000 000.0000 153.7360 15.01920000000000
1 75276U          19284.63888889  .00000000  00000-0  00000-0 0 00000
2 75276 097.6960 148.258  0000000 000.0000 011.2360 15.01920000000000
1 75276U          19284.95625000  .00000000  00000-0  00000-0 0 00000
2 75276 097.6960 148.571  0000000 000.0000 284.9860 15.01920000000000
1 75276U          19285.27222222  .00000000  00000-0  00000-0 0 00000
2 75276 097.6950 148.883  0000000 000.0000 191.2370 15.01920000000000
1 75276U          19285.67083333  .00000000  00000-0  00000-0 0 00000
2 75276 097.6950 149.275  0000000 000.0000 183.7370 15.01920000000000
1 75276U          19285.96944444  .00000000  00000-0  00000-0 0 00000
2 75276 097.6940 149.570  0000000 000.0000 356.2370 15.01920000000000
1 75276U          19286.28472222  .00000000  00000-0  00000-0 0 00000
2 75276 097.6940 149.881  0000000 000.0000 258.7380 15.01920000000000
1 75276U          19286.62916667  .00000000  00000-0  00000-0 0 00000
2 75276 097.6930 150.220  0000000 000.0000 318.7380 15.01920000000000
1 75276U          19286.97013889  .00000000  00000-0  00000-0 0 00000
2 75276 097.6930 150.556  0000000 000.0000 359.9880 15.01920000000000
1 75276U          19287.35000000  .00000000  00000-0  00000-0 0 00000
2 75276 097.6920 150.931  0000000 000.0000 251.2390 15.01920000000000
1 75276U          19287.69652778  .00000000  00000-0  00000-0 0 00000
2 75276 097.6920 151.272  0000000 000.0000 322.4890 15.01920000000000
1 75276U          19288.07569444  .00000000  00000-0  00000-0 0 00000
2 75276 097.6910 151.646  0000000 000.0000 209.9890 15.01920000000000
1 75276U          19288.40763889  .00000000  00000-0  00000-0 0 00000
2 75276 097.6900 151.973  0000000 000.0000 202.4900 15.01920000000000
1 75276U          19288.65000000  .00000000  00000-0  00000-0 0 00000
2 75276 097.6900 152.212  0000000 000.0000 071.2400 15.01920000000000
1 75276U          19289.00277778  .00000000  00000-0  00000-0 0 00000
2 75276 097.6890 152.560  0000000 000.0000 176.2400 15.01920000000000
1 75276U          19289.29236111  .00000000  00000-0  00000-0 0 00000
2 75276 097.6890 152.845  0000000 000.0000 299.9910 15.01920000000000
1 75276U          19289.58611111  .00000000  00000-0  00000-0 0 00000
2 75276 097.6880 153.135  0000000 000.0000 086.2410 15.01920000000000
1 75276U          19289.96944444  .00000000  00000-0  00000-0 0 00000
2 75276 097.6880 153.513  0000000 000.0000 356.2410 15.01920000000000
1 75276U          19290.36597222  .00000000  00000-0  00000-0 0 00000
2 75276 097.6870 153.904  0000000 000.0000 337.4910 15.01920000000000
1 75276U          19290.74930556  .00000000  00000-0  00000-0 0 00000
2 75276 097.6870 154.281  0000000 000.0000 247.4920 15.01920000000000
1 75276U          19290.95625000  .00000000  00000-0  00000-0 0 00000
2 75276 097.6860 154.485  0000000 000.0000 284.9920 15.01920000000000
1 75276U          19291.34305556  .00000000  00000-0  00000-0 0 00000
2 75276 097.6860 154.867  0000000 000.0000 213.7420 15.01920000000000
1 75276U          19291.61875000  .00000000  00000-0  00000-0 0 00000
2 75276 097.6850 155.138  0000000 000.0000 262.4930 15.01920000000000
1 75276U          19291.96458333  .00000000  00000-0  00000-0 0 00000
2 75276 097.6840 155.479  0000000 000.0000 329.9930 15.01920000000000
1 75276U          19292.41041667  .00000000  00000-0  00000-0 0 00000
2 75276 097.6840 155.919  0000000 000.0000 217.4930 15.01920000000000
1 75276U          19292.60069444  .00000000  00000-0  00000-0 0 00000
2 75276 097.6830 156.106  0000000 000.0000 164.9930 15.01920000000000
1 75276U          19293.05902778  .00000000  00000-0  00000-0 0 00000
2 75276 097.6830 156.558  0000000 000.0000 119.9940 15.01920000000000
1 75276U          19293.25625000  .00000000  00000-0  00000-0 0 00000
2 75276 097.6820 156.753  0000000 000.0000 104.9940 15.01920000000000
1 75276U          19293.58958333  .00000000  00000-0  00000-0 0 00000
2 75276 097.6820 157.081  0000000 000.0000 104.9940 15.01920000000000
1 75276U          19293.93958333  .00000000  00000-0  00000-0 0 00000
2 75276 097.6810 157.426  0000000 000.0000 194.9940 15.01920000000000
1 75276U          19294.28541667  .00000000  00000-0  00000-0 0 00000
2 75276 097.6800 157.767  0000000 000.0000 262.4950 15.01920000000000
1 75276U          19294.70416667  .00000000  00000-0  00000-0 0 00000
2 75276 097.6800 158.180  0000000 000.0000 003.7450 15.01920000000000
1 75276U          19295.00347222  .00000000  00000-0  00000-0 0 00000
2 75276 097.6790 158.475  0000000 000.0000 179.9950 15.01920000000000
1 75276U          19295.27777778  .00000000  00000-0  00000-0 0 00000
2 75276 097.6790 158.745  0000000 000.0000 221.2450 15.01920000000000
1 75276U          19295.65625000  .00000000  00000-0  00000-0 0 00000
2 75276 097.6780 159.118  0000000 000.0000 104.9960 15.01920000000000
1 75276U          19296.04375000  .00000000  00000-0  00000-0 0 00000
2 75276 097.6770 159.500  0000000 000.0000 037.4960 15.01920000000000
1 75276U          19296.29375000  .00000000  00000-0  00000-0 0 00000
2 75276 097.6770 159.747  0000000 000.0000 307.4960 15.01920000000000
1 75276U          19296.71388889  .00000000  00000-0  00000-0 0 00000
2 75276 097.6760 160.161  0000000 000.0000 056.2460 15.01920000000000
1 75276U          19296.93472222  .00000000  00000-0  00000-0 0 00000
2 75276 097.6760 160.378  0000000 000.0000 168.7460 15.01920000000000
1 75276U          19297.37500000  .00000000  00000-0  00000-0 0 00000
2 75276 097.6750 160.812  0000000 000.0000 026.2470 15.01920000000000
1 75276U          19297.62777778  .00000000  00000-0  00000-0 0 00000
2 75276 097.6750 161.062  0000000 000.0000 311.2470 15.01920000000000
1 75276U          19297.97777778  .00000000  00000-0  00000-0 0 00000
2 75276 097.6740 161.407  0000000 000.0000 041.2470 15.01920000000000
1 75276U          19298.30347222  .00000000  00000-0  00000-0 0 00000
2 75276 097.6730 161.728  0000000 000.0000 359.9970 15.01920000000000
1 75276U          19298.62638889  .00000000  00000-0  00000-0 0 00000
2 75276 097.6730 162.046  0000000 000.0000 303.7470 15.01920000000000
1 75276U          19299.07708333  .00000000  00000-0  00000-0 0 00000
2 75276 097.6720 162.490  0000000 000.0000 217.4980 15.01920000000000
1 75276U          19299.30138889  .00000000  00000-0  00000-0 0 00000
2 75276 097.6720 162.711  0000000 000.0000 348.7480 15.01920000000000
1 75276U          19299.61250000  .00000000  00000-0  00000-0 0 00000
2 75276 097.6710 163.018  0000000 000.0000 228.7480 15.01920000000000
1 75276U          19299.99375000  .00000000  00000-0  00000-0 0 00000
2 75276 097.6700 163.394  0000000 000.0000 127.4980 15.01920000000000
1 75276U          19300.39791667  .00000000  00000-0  00000-0 0 00000
2 75276 097.6700 163.792  0000000 000.0000 149.9990 15.01920000000000
1 75276U          19300.60902778  .00000000  00000-0  00000-0 0 00000
2 75276 097.6690 164.000  0000000 000.0000 209.9990 15.01920000000000
1 75276U          19301.07500000  .00000000  00000-0  00000-0 0 00000
2 75276 097.6690 164.459  0000000 000.0000 206.2490 15.01920000000000
1 75276U          19301.26805556  .00000000  00000-0  00000-0 0 00000
2 75276 097.6680 164.650  0000000 000.0000 168.7490 15.01920000000000
1 75276U          19301.59166667  .00000000  00000-0  00000-0 0 00000
2 75276 097.6680 164.969  0000000 000.0000 116.2490 15.01920000000000
1 75276U          19301.95763889  .00000000  00000-0  00000-0 0 00000
2 75276 097.6670 165.329  0000000 000.0000 292.4990 15.01920000000000
1 75276U          19302.28680556  .00000000  00000-0  00000-0 0 00000
2 75276 097.6660 165.654  0000000 000.0000 270.0000 15.01920000000000
1 75276U          19302.73125000  .00000000  00000-0  00000-0 0 00000
2 75276 097.6660 166.092  0000000 000.0000 150.0000 15.01920000000000
1 75276U          19302.95833333  .00000000  00000-0  00000-0 0 00000
2 75276 097.6650 166.316  0000000 000.0000 296.2500 15.01920000000000
1 75276U          19303.38194444  .00000000  00000-0  00000-0 0 00000
2 75276 097.6640 166.733  0000000 000.0000 063.7500 15.01920000000000
1 75276U          19303.70208333  .00000000  00000-0  00000-0 0 00000
2 75276 097.6640 167.049  0000000 000.0000 352.5000 15.01920000000000
1 75276U          19304.03402778  .00000000  00000-0  00000-0 0 00000
2 75276 097.6630 167.376  0000000 000.0000 345.0000 15.01920000000000
1 75276U          19304.32013889  .00000000  00000-0  00000-0 0 00000
2 75276 097.6630 167.658  0000000 000.0000 090.0000 15.01920000000000
1 75276U          19304.66319444  .00000000  00000-0  00000-0 0 00000
2 75276 097.6620 167.996  0000000 000.0000 142.5010 15.01920000000000
1 75276U          19305.07847222  .00000000  00000-0  00000-0 0 00000
2 75276 097.6610 168.405  0000000 000.0000 225.0010 15.01920000000000
1 75276U          19305.28263889  .00000000  00000-0  00000-0 0 00000
2 75276 097.6610 168.607  0000000 000.0000 247.5010 15.01920000000000
1 75276U          19305.67986111  .00000000  00000-0  00000-0 0 00000
2 75276 097.6600 168.998  0000000 000.0000 232.5010 15.01920000000000
1 75276U          19305.94305556  .00000000  00000-0  00000-0 0 00000
2 75276 097.6600 169.258  0000000 000.0000 213.7510 15.01920000000000
1 75276U          19306.27083333  .00000000  00000-0  00000-0 0 00000
2 75276 097.6590 169.581  0000000 000.0000 183.7510 15.01920000000000
1 75276U          19306.60972222  .00000000  00000-0  00000-0 0 00000
2 75276 097.6580 169.915  0000000 000.0000 213.7510 15.01920000000000
1 75276U          19306.92361111  .00000000  00000-0  00000-0 0 00000
2 75276 097.6580 170.224  0000000 000.0000 108.7510 15.01920000000000
1 75276U          19307.30069444  .00000000  00000-0  00000-0 0 00000
2 75276 097.6570 170.596  0000000 000.0000 345.0020 15.01920000000000
1 75276U          19307.58472222  .00000000  00000-0  00000-0 0 00000
2 75276 097.6570 170.876  0000000 000.0000 078.7520 15.01920000000000
1 75276U          19308.07152778  .00000000  00000-0  00000-0 0 00000
2 75276 097.6560 171.356  0000000 000.0000 187.5020 15.01920000000000
1 75276U          19308.25694444  .00000000  00000-0  00000-0 0 00000
2 75276 097.6550 171.538  0000000 000.0000 108.7520 15.01920000000000
1 75276U          19308.63541667  .00000000  00000-0  00000-0 0 00000
2 75276 097.6550 171.911  0000000 000.0000 352.5020 15.01920000000000
1 75276U          19309.00486111  .00000000  00000-0  00000-0 0 00000
2 75276 097.6540 172.275  0000000 000.0000 187.5020 15.01920000000000
1 75276U          19309.27986111  .00000000  00000-0  00000-0 0 00000
2 75276 097.6540 172.547  0000000 000.0000 232.5020 15.01920000000000
1 75276U          19309.72500000  .00000000  00000-0  00000-0 0 00000
2 75276 097.6530 172.985  0000000 000.0000 116.2520 15.01920000000000
1 75276U          19310.05555556  .00000000  00000-0  00000-0 0 00000
2 75276 097.6520 173.311  0000000 000.0000 101.2520 15.01920000000000
1 75276U          19310.35277778  .00000000  00000-0  00000-0 0 00000
2 75276 097.6520 173.604  0000000 000.0000 266.2520 15.01920000000000
1 75276U          19310.72847222  .00000000  00000-0  00000-0 0 00000
2 75276 097.6510 173.974  0000000 000.0000 135.0030 15.01920000000000
1 75276U          19310.92916667  .00000000  00000-0  00000-0 0 00000
2 75276 097.6510 174.172  0000000 000.0000 138.7530 15.01920000000000
1 75276U          19311.27708333  .00000000  00000-0  00000-0 0 00000
2 75276 097.6500 174.515  0000000 000.0000 217.5030 15.01920000000000
1 75276U          19311.58750000  .00000000  00000-0  00000-0 0 00000
2 75276 097.6490 174.821  0000000 000.0000 093.7530 15.01920000000000
1 75276U          19311.94722222  .00000000  00000-0  00000-0 0 00000
2 75276 097.6490 175.176  0000000 000.0000 236.2530 15.01914300000000
1 75276U          19312.25069444  .00000000  00000-0  00000-0 0 00000
2 75276 097.6480 175.475  0000000 000.0000 075.0030 15.01914300000000
1 75276U          19312.50347222  .00000000  00000-0  00000-0 0 00000
2 75276 097.6480 175.724  0000000 000.0000 000.0030 15.01914300000000
1 75276U          19312.96458333  .00000000  00000-0  00000-0 0 00000
2 75276 097.6470 176.178  0000000 000.0000 330.0030 15.01914300000000
1 75276U          19313.25416667  .00000000  00000-0  00000-0 0 00000
2 75276 097.6460 176.464  0000000 000.0000 093.7530 15.01914300000000
1 75276U          19313.51805556  .00000000  00000-0  00000-0 0 00000
2 75276 097.6460 176.724  0000000 000.0000 078.7530 15.01914300000000
1 75276U          19313.94513889  .00000000  00000-0  00000-0 0 00000
2 75276 097.6450 177.145  0000000 000.0000 225.0030 15.01914300000000
1 75276U          19314.23680556  .00000000  00000-0  00000-0 0 00000
2 75276 097.6440 177.432  0000000 000.0000 000.0030 15.01914300000000
1 75276U          19314.50625000  .00000000  00000-0  00000-0 0 00000
2 75276 097.6440 177.698  0000000 000.0000 015.0030 15.01914300000000
1 75276U          19314.83055556  .00000000  00000-0  00000-0 0 00000
2 75276 097.6430 178.017  0000000 000.0000 326.2530 15.01914300000000
1 75276U          19315.27083333  .00000000  00000-0  00000-0 0 00000
2 75276 097.6420 178.451  0000000 000.0000 183.7530 15.01914300000000
1 75276U          19315.49722222  .00000000  00000-0  00000-0 0 00000
2 75276 097.6420 178.675  0000000 000.0000 326.2530 15.01914300000000
1 75276U          19315.95138889  .00000000  00000-0  00000-0 0 00000
2 75276 097.6410 179.122  0000000 000.0000 258.7530 15.01914300000000
1 75276U          19316.15277778  .00000000  00000-0  00000-0 0 00000
2 75276 097.6410 179.321  0000000 000.0000 266.2530 15.01914300000000
1 75276U          19316.48680556  .00000000  00000-0  00000-0 0 00000
2 75276 097.6400 179.650  0000000 000.0000 270.0030 15.01914300000000
1 75276U          19316.91111111  .00000000  00000-0  00000-0 0 00000
2 75276 097.6390 180.068  0000000 000.0000 041.2530 15.01914300000000
1 75276U          19317.18263889  .00000000  00000-0  00000-0 0 00000
2 75276 097.6390 180.336  0000000 000.0000 067.5030 15.01914300000000
1 75276U          19317.50833333  .00000000  00000-0  00000-0 0 00000
2 75276 097.6380 180.657  0000000 000.0000 026.2530 15.01914300000000
1 75276U          19317.83125000  .00000000  00000-0  00000-0 0 00000
2 75276 097.6380 180.975  0000000 000.0000 330.0030 15.01914300000000
1 75276U          19318.29791667  .00000000  00000-0  00000-0 0 00000
2 75276 097.6370 181.435  0000000 000.0000 330.0030 15.01914300000000
1 75276U          19318.61944444  .00000000  00000-0  00000-0 0 00000
2 75276 097.6360 181.752  0000000 000.0000 266.2530 15.01914300000000
1 75276U          19318.89583333  .00000000  00000-0  00000-0 0 00000
2 75276 097.6360 182.024  0000000 000.0000 318.7530 15.01914300000000
1 75276U          19318.89583333  .00000000  00000-0  00000-0 0 00000
2 75276 097.6360 182.024  0000000 000.0000 318.7530 15.01914300000000
1 75276U          19319.17013889  .00000000  00000-0  00000-0 0 00000
2 75276 097.6360 182.157  1984800 357.9350 314.7430 10.78713800000000
1 75276U          19319.56250000  .00000000  00000-0  00000-0 0 00000
2 75276 097.6340 182.349  1985660 356.9810 035.9160 10.77744400000000
1 75276U          19319.96388889  .00000000  00000-0  00000-0 0 00000
2 75276 097.6330 182.552  1993359 356.3950 151.5810 10.76381700000000
1 75276U          19320.17361111  .00000000  00000-0  00000-0 0 00000
2 75276 097.6320 182.644  1996619 356.0570 244.5310 10.76910000000000
1 75276U          19320.60347222  .00000000  00000-0  00000-0 0 00000
2 75276 097.6330 182.869  1997750 355.1620 110.7940 10.77377200000000
1 75276U          19320.95347222  .00000000  00000-0  00000-0 0 00000
2 75276 097.6310 183.033  1989050 354.7570 027.3140 10.76648700000000
1 75276U          19321.18055556  .00000000  00000-0  00000-0 0 00000
2 75276 097.6290 183.146  1991000 354.3020 187.5380 10.76136400000000
1 75276U          19321.63888889  .00000000  00000-0  00000-0 0 00000
2 75276 097.6290 183.375  1992070 353.5660 164.0200 10.76283700000000
1 75276U          19321.93611111  .00000000  00000-0  00000-0 0 00000
2 75276 097.6310 183.512  1994810 353.0360 236.1650 10.76598700000000
1 75276U          19322.20347222  .00000000  00000-0  00000-0 0 00000
2 75276 097.6280 183.648  1990730 352.5710 192.4510 10.76135900000000
1 75276U          19322.64305556  .00000000  00000-0  00000-0 0 00000
2 75276 097.6330 183.872  1996750 351.6010 096.5050 10.77976500000000
1 75276U          19322.85902778  .00000000  00000-0  00000-0 0 00000
2 75276 097.6300 183.969  1991680 351.4450 213.4790 10.76214500000000
1 75276U          19323.26805556  .00000000  00000-0  00000-0 0 00000
2 75276 097.6270 184.174  1996760 350.7280 358.8890 10.75051700000000
1 75276U          19323.53402778  .00000000  00000-0  00000-0 0 00000
2 75276 097.6340 184.302  1984840 350.6780 309.4480 10.79103800000000
1 75276U          19323.82013889  .00000000  00000-0  00000-0 0 00000
2 75276 097.6300 184.447  1986000 349.8050 338.7830 10.77253000000000
1 75276U          19324.20347222  .00000000  00000-0  00000-0 0 00000
2 75276 097.6270 184.631  1991000 349.3040 024.5360 10.75962600000000
1 75276U          19324.57152778  .00000000  00000-0  00000-0 0 00000
2 75276 097.6240 184.815  1996570 348.6520 011.1650 10.74928300000000
1 75276U          19324.90555556  .00000000  00000-0  00000-0 0 00000
2 75276 097.6280 184.974  1991950 347.9970 225.9960 10.76288300000000
1 75276U          19325.29583333  .00000000  00000-0  00000-0 0 00000
2 75276 097.6330 185.165  1988849 347.7430 298.3300 10.78888700000000
1 75276U          19325.64375000  .00000000  00000-0  00000-0 0 00000
2 75276 097.6250 185.339  1989999 346.7620 207.2680 10.76136400000000
1 75276U          19325.85972222  .00000000  00000-0  00000-0 0 00000
2 75276 097.6310 185.448  1980930 346.6070 324.1480 10.78900300000000
1 75276U          19325.89583333  .00000000  00000-0  00000-0 0 00000
2 75276 097.6320 185.471  1996490 346.1480 104.5040 10.77858500000000
1 75276U          19326.24444444  .00000000  00000-0  00000-0 0 00000
2 75276 097.6240 185.636  1995240 345.8480 015.5020 10.75060100000000
1 75276U          19326.59166667  .00000000  00000-0  00000-0 0 00000
2 75276 097.6300 185.800  1993730 345.4530 281.2150 10.77981000000000
1 75276U          19326.93333333  .00000000  00000-0  00000-0 0 00000
2 75276 097.6270 185.978  1991290 344.6410 165.7100 10.76434000000000
1 75276U          19327.18194444  .00000000  00000-0  00000-0 0 00000
2 75276 097.6270 186.097  1984450 344.0370 049.5790 10.77884200000000
1 75276U          19327.55763889  .00000000  00000-0  00000-0 0 00000
2 75276 097.6290 186.284  1987040 343.2550 065.9390 10.78494300000000
1 75276U          19327.82847222  .00000000  00000-0  00000-0 0 00000
2 75276 097.6250 186.415  1987060 343.1390 035.3910 10.76628100000000
1 75276U          19328.22152778  .00000000  00000-0  00000-0 0 00000
2 75276 097.6270 186.614  1996190 342.3050 119.0080 10.77540400000000
1 75276U          19328.51041667  .00000000  00000-0  00000-0 0 00000
2 75276 097.6240 186.754  1992060 341.9780 158.6190 10.76611600000000
1 75276U          19328.90972222  .00000000  00000-0  00000-0 0 00000
2 75276 097.6250 186.940  1994190 341.3930 266.3520 10.77109400000000
1 75276U          19329.29791667  .00000000  00000-0  00000-0 0 00000
2 75276 097.6260 187.138  1979240 340.7410 330.9390 10.78789600000000
1 75276U          19329.55277778  .00000000  00000-0  00000-0 0 00000
2 75276 097.6210 187.257  1991100 340.1680 239.0130 10.76304300000000
1 75276U          19329.83263889  .00000000  00000-0  00000-0 0 00000
2 75276 097.6220 187.395  1991690 339.7040 243.7700 10.76372200000000
1 75276U          19330.25069444  .00000000  00000-0  00000-0 0 00000
2 75276 097.6250 187.607  1985820 338.7480 064.4140 10.78276700000000
1 75276U          19330.49513889  .00000000  00000-0  00000-0 0 00000
2 75276 097.6240 187.719  1990820 338.9200 291.3540 10.78292800000000
1 75276U          19330.87083333  .00000000  00000-0  00000-0 0 00000
2 75276 097.6260 187.907  1984890 338.3480 307.4950 10.79140200000000
1 75276U          19331.28611111  .00000000  00000-0  00000-0 0 00000
2 75276 097.6240 188.120  1995720 337.1060 117.6300 10.77720900000000
1 75276U          19331.62638889  .00000000  00000-0  00000-0 0 00000
2 75276 097.6170 188.287  1989650 336.5730 356.5320 10.76112800000000
1 75276U          19331.85625000  .00000000  00000-0  00000-0 0 00000
2 75276 097.6200 188.399  1991110 336.3390 167.3540 10.76604800000000
1 75276U          19332.17500000  .00000000  00000-0  00000-0 0 00000
2 75276 097.6220 188.551  1978790 336.0440 322.6340 10.79408200000000
1 75276U          19332.51944444  .00000000  00000-0  00000-0 0 00000
2 75276 097.6160 188.719  1988000 335.1580 218.0580 10.76095600000000
1 75276U          19332.89583333  .00000000  00000-0  00000-0 0 00000
2 75276 097.6170 188.903  1989499 334.5110 237.0020 10.76165100000000
