1 79815U          19281.94166667  .00000000  00000-0  00000-0 0 00000
2 79815 097.7410 068.439  0000000 000.0000 195.8180 15.01920000000000
1 79815U          19282.38263889  .00000000  00000-0  00000-0 0 00000
2 79815 097.7410 068.874  0000000 000.0000 057.0680 15.01920000000000
1 79815U          19282.69513889  .00000000  00000-0  00000-0 0 00000
2 79815 097.7410 069.182  0000000 000.0000 304.5690 15.01920000000000
1 79815U          19282.99236111  .00000000  00000-0  00000-0 0 00000
2 79815 097.7420 069.475  0000000 000.0000 109.5700 15.01920000000000
1 79815U          19283.36180556  .00000000  00000-0  00000-0 0 00000
2 79815 097.7420 069.839  0000000 000.0000 304.5700 15.01920000000000
1 79815U          19283.71180556  .00000000  00000-0  00000-0 0 00000
2 79815 097.7420 070.184  0000000 000.0000 034.5710 15.01920000000000
1 79815U          19284.08333333  .00000000  00000-0  00000-0 0 00000
2 79815 097.7420 070.551  0000000 000.0000 240.8220 15.01920000000000
1 79815U          19284.41597222  .00000000  00000-0  00000-0 0 00000
2 79815 097.7430 070.879  0000000 000.0000 237.0720 15.01920000000000
1 79815U          19284.72083333  .00000000  00000-0  00000-0 0 00000
2 79815 097.7430 071.179  0000000 000.0000 083.3230 15.01920000000000
1 79815U          19285.07291667  .00000000  00000-0  00000-0 0 00000
2 79815 097.7430 071.526  0000000 000.0000 184.5730 15.01920000000000
1 79815U          19285.29791667  .00000000  00000-0  00000-0 0 00000
2 79815 097.7430 071.748  0000000 000.0000 319.5740 15.01920000000000
1 79815U          19285.62986111  .00000000  00000-0  00000-0 0 00000
2 79815 097.7430 072.075  0000000 000.0000 312.0740 15.01920000000000
1 79815U          19286.05833333  .00000000  00000-0  00000-0 0 00000
2 79815 097.7430 072.498  0000000 000.0000 105.8250 15.01920000000000
1 79815U          19286.35138889  .00000000  00000-0  00000-0 0 00000
2 79815 097.7440 072.787  0000000 000.0000 248.3260 15.01920000000000
1 79815U          19286.61666667  .00000000  00000-0  00000-0 0 00000
2 79815 097.7440 073.048  0000000 000.0000 240.8260 15.01920000000000
1 79815U          19286.99305556  .00000000  00000-0  00000-0 0 00000
2 79815 097.7440 073.419  0000000 000.0000 113.3270 15.01920000000000
1 79815U          19287.40763889  .00000000  00000-0  00000-0 0 00000
2 79815 097.7440 073.828  0000000 000.0000 192.0780 15.01920000000000
1 79815U          19287.70277778  .00000000  00000-0  00000-0 0 00000
2 79815 097.7440 074.119  0000000 000.0000 345.8280 15.01920000000000
1 79815U          19287.96944444  .00000000  00000-0  00000-0 0 00000
2 79815 097.7440 074.382  0000000 000.0000 345.8290 15.01920000000000
1 79815U          19288.29027778  .00000000  00000-0  00000-0 0 00000
2 79815 097.7450 074.698  0000000 000.0000 278.3290 15.01920000000000
1 79815U          19288.71319444  .00000000  00000-0  00000-0 0 00000
2 79815 097.7450 075.115  0000000 000.0000 042.0800 15.01920000000000
1 79815U          19289.05138889  .00000000  00000-0  00000-0 0 00000
2 79815 097.7450 075.448  0000000 000.0000 068.3310 15.01920000000000
1 79815U          19289.32638889  .00000000  00000-0  00000-0 0 00000
2 79815 097.7450 075.719  0000000 000.0000 113.3310 15.01920000000000
1 79815U          19289.73750000  .00000000  00000-0  00000-0 0 00000
2 79815 097.7450 076.125  0000000 000.0000 173.3320 15.01920000000000
1 79815U          19289.99305556  .00000000  00000-0  00000-0 0 00000
2 79815 097.7450 076.377  0000000 000.0000 113.3320 15.01920000000000
1 79815U          19290.31736111  .00000000  00000-0  00000-0 0 00000
2 79815 097.7460 076.696  0000000 000.0000 064.5830 15.01920000000000
1 79815U          19290.64375000  .00000000  00000-0  00000-0 0 00000
2 79815 097.7460 077.018  0000000 000.0000 027.0840 15.01920000000000
1 79815U          19291.07500000  .00000000  00000-0  00000-0 0 00000
2 79815 097.7460 077.443  0000000 000.0000 195.8340 15.01920000000000
1 79815U          19291.27916667  .00000000  00000-0  00000-0 0 00000
2 79815 097.7460 077.645  0000000 000.0000 218.3350 15.01920000000000
1 79815U          19291.67430556  .00000000  00000-0  00000-0 0 00000
2 79815 097.7460 078.034  0000000 000.0000 192.0860 15.01920000000000
1 79815U          19292.04791667  .00000000  00000-0  00000-0 0 00000
2 79815 097.7460 078.402  0000000 000.0000 049.5860 15.01920000000000
1 79815U          19292.36458333  .00000000  00000-0  00000-0 0 00000
2 79815 097.7460 078.715  0000000 000.0000 319.5870 15.01920000000000
1 79815U          19292.59652778  .00000000  00000-0  00000-0 0 00000
2 79815 097.7460 078.943  0000000 000.0000 132.0870 15.01920000000000
1 79815U          19293.03888889  .00000000  00000-0  00000-0 0 00000
2 79815 097.7470 079.379  0000000 000.0000 000.8380 15.01920000000000
1 79815U          19293.25277778  .00000000  00000-0  00000-0 0 00000
2 79815 097.7470 079.590  0000000 000.0000 075.8390 15.01920000000000
1 79815U          19293.65347222  .00000000  00000-0  00000-0 0 00000
2 79815 097.7470 079.985  0000000 000.0000 079.5890 15.01920000000000
1 79815U          19293.98125000  .00000000  00000-0  00000-0 0 00000
2 79815 097.7470 080.308  0000000 000.0000 049.5900 15.01920000000000
1 79815U          19294.32013889  .00000000  00000-0  00000-0 0 00000
2 79815 097.7470 080.643  0000000 000.0000 079.5910 15.01920000000000
1 79815U          19294.67916667  .00000000  00000-0  00000-0 0 00000
2 79815 097.7470 080.997  0000000 000.0000 218.3410 15.01920000000000
1 79815U          19295.06736111  .00000000  00000-0  00000-0 0 00000
2 79815 097.7470 081.379  0000000 000.0000 154.5920 15.01920000000000
1 79815U          19295.26527778  .00000000  00000-0  00000-0 0 00000
2 79815 097.7470 081.574  0000000 000.0000 143.3420 15.01920000000000
1 79815U          19295.74305556  .00000000  00000-0  00000-0 0 00000
2 79815 097.7470 082.045  0000000 000.0000 203.3430 15.01920000000000
1 79815U          19296.03125000  .00000000  00000-0  00000-0 0 00000
2 79815 097.7470 082.329  0000000 000.0000 319.5940 15.01920000000000
1 79815U          19296.25208333  .00000000  00000-0  00000-0 0 00000
2 79815 097.7470 082.547  0000000 000.0000 072.0940 15.01920000000000
1 79815U          19296.67638889  .00000000  00000-0  00000-0 0 00000
2 79815 097.7480 082.965  0000000 000.0000 203.3450 15.01920000000000
1 79815U          19297.05486111  .00000000  00000-0  00000-0 0 00000
2 79815 097.7480 083.339  0000000 000.0000 087.0960 15.01920000000000
1 79815U          19297.35486111  .00000000  00000-0  00000-0 0 00000
2 79815 097.7480 083.634  0000000 000.0000 267.0960 15.01920000000000
1 79815U          19297.72638889  .00000000  00000-0  00000-0 0 00000
2 79815 097.7480 084.001  0000000 000.0000 113.3470 15.01920000000000
1 79815U          19297.95625000  .00000000  00000-0  00000-0 0 00000
2 79815 097.7480 084.227  0000000 000.0000 274.5970 15.01920000000000
1 79815U          19298.30416667  .00000000  00000-0  00000-0 0 00000
2 79815 097.7480 084.570  0000000 000.0000 353.3480 15.01920000000000
1 79815U          19298.59652778  .00000000  00000-0  00000-0 0 00000
2 79815 097.7480 084.858  0000000 000.0000 132.0990 15.01920000000000
1 79815U          19299.07986111  .00000000  00000-0  00000-0 0 00000
2 79815 097.7480 085.335  0000000 000.0000 222.1000 15.01920000000000
1 79815U          19299.27638889  .00000000  00000-0  00000-0 0 00000
2 79815 097.7480 085.529  0000000 000.0000 203.3500 15.01920000000000
1 79815U          19299.64027778  .00000000  00000-0  00000-0 0 00000
2 79815 097.7480 085.887  0000000 000.0000 008.3510 15.01920000000000
1 79815U          19300.01388889  .00000000  00000-0  00000-0 0 00000
2 79815 097.7480 086.256  0000000 000.0000 225.8510 15.01920000000000
1 79815U          19300.27152778  .00000000  00000-0  00000-0 0 00000
2 79815 097.7480 086.510  0000000 000.0000 177.1020 15.01920000000000
1 79815U          19300.70416667  .00000000  00000-0  00000-0 0 00000
2 79815 097.7480 086.936  0000000 000.0000 353.3530 15.01920000000000
1 79815U          19301.01388889  .00000000  00000-0  00000-0 0 00000
2 79815 097.7480 087.242  0000000 000.0000 225.8530 15.01920000000000
1 79815U          19301.31944444  .00000000  00000-0  00000-0 0 00000
2 79815 097.7480 087.543  0000000 000.0000 075.8540 15.01920000000000
1 79815U          19301.61388889  .00000000  00000-0  00000-0 0 00000
2 79815 097.7480 087.833  0000000 000.0000 225.8540 15.01920000000000
1 79815U          19302.02361111  .00000000  00000-0  00000-0 0 00000
2 79815 097.7480 088.237  0000000 000.0000 278.3550 15.01920000000000
1 79815U          19302.32430556  .00000000  00000-0  00000-0 0 00000
2 79815 097.7480 088.534  0000000 000.0000 102.1060 15.01920000000000
1 79815U          19302.64444444  .00000000  00000-0  00000-0 0 00000
2 79815 097.7480 088.849  0000000 000.0000 030.8560 15.01920000000000
1 79815U          19302.97013889  .00000000  00000-0  00000-0 0 00000
2 79815 097.7480 089.170  0000000 000.0000 349.6070 15.01920000000000
1 79815U          19303.40625000  .00000000  00000-0  00000-0 0 00000
2 79815 097.7480 089.600  0000000 000.0000 184.6080 15.01920000000000
1 79815U          19303.61666667  .00000000  00000-0  00000-0 0 00000
2 79815 097.7480 089.808  0000000 000.0000 240.8580 15.01920000000000
1 79815U          19304.03958333  .00000000  00000-0  00000-0 0 00000
2 79815 097.7480 090.225  0000000 000.0000 004.6090 15.01920000000000
1 79815U          19304.32013889  .00000000  00000-0  00000-0 0 00000
2 79815 097.7480 090.501  0000000 000.0000 079.6100 15.01920000000000
1 79815U          19304.68055556  .00000000  00000-0  00000-0 0 00000
2 79815 097.7480 090.856  0000000 000.0000 225.8600 15.01920000000000
1 79815U          19304.93611111  .00000000  00000-0  00000-0 0 00000
2 79815 097.7480 091.108  0000000 000.0000 165.8610 15.01920000000000
1 79815U          19305.29097222  .00000000  00000-0  00000-0 0 00000
2 79815 097.7480 091.458  0000000 000.0000 282.1120 15.01920000000000
1 79815U          19305.59444444  .00000000  00000-0  00000-0 0 00000
2 79815 097.7480 091.757  0000000 000.0000 120.8620 15.01920000000000
1 79815U          19306.05972222  .00000000  00000-0  00000-0 0 00000
2 79815 097.7480 092.216  0000000 000.0000 113.3630 15.01920000000000
1 79815U          19306.30138889  .00000000  00000-0  00000-0 0 00000
2 79815 097.7480 092.454  0000000 000.0000 338.3630 15.01920000000000
1 79815U          19306.72152778  .00000000  00000-0  00000-0 0 00000
2 79815 097.7480 092.869  0000000 000.0000 087.1140 15.01920000000000
1 79815U          19307.01875000  .00000000  00000-0  00000-0 0 00000
2 79815 097.7480 093.162  0000000 000.0000 252.1150 15.01920000000000
1 79815U          19307.41041667  .00000000  00000-0  00000-0 0 00000
2 79815 097.7480 093.548  0000000 000.0000 207.1160 15.01920000000000
1 79815U          19307.59236111  .00000000  00000-0  00000-0 0 00000
2 79815 097.7480 093.727  0000000 000.0000 109.6160 15.01920000000000
1 79815U          19308.06041667  .00000000  00000-0  00000-0 0 00000
2 79815 097.7480 094.189  0000000 000.0000 117.1170 15.01920000000000
1 79815U          19308.41250000  .00000000  00000-0  00000-0 0 00000
2 79815 097.7480 094.536  0000000 000.0000 218.3670 15.01920000000000
1 79815U          19308.64027778  .00000000  00000-0  00000-0 0 00000
2 79815 097.7480 094.760  0000000 000.0000 008.3680 15.01920000000000
1 79815U          19309.04930556  .00000000  00000-0  00000-0 0 00000
2 79815 097.7480 095.163  0000000 000.0000 057.1190 15.01920000000000
1 79815U          19309.35138889  .00000000  00000-0  00000-0 0 00000
2 79815 097.7480 095.461  0000000 000.0000 248.3690 15.01920000000000
1 79815U          19309.59305556  .00000000  00000-0  00000-0 0 00000
2 79815 097.7480 095.700  0000000 000.0000 113.3700 15.01920000000000
1 79815U          19310.08125000  .00000000  00000-0  00000-0 0 00000
2 79815 097.7480 096.181  0000000 000.0000 229.6210 15.01920000000000
1 79815U          19310.33819444  .00000000  00000-0  00000-0 0 00000
2 79815 097.7480 096.434  0000000 000.0000 177.1210 15.01920000000000
1 79815U          19310.72013889  .00000000  00000-0  00000-0 0 00000
2 79815 097.7470 096.811  0000000 000.0000 079.6220 15.01920000000000
1 79815U          19311.07569444  .00000000  00000-0  00000-0 0 00000
2 79815 097.7470 097.161  0000000 000.0000 199.6230 15.01920000000000
1 79815U          19311.34583333  .00000000  00000-0  00000-0 0 00000
2 79815 097.7470 097.428  0000000 000.0000 218.3730 15.01920000000000
1 79815U          19311.59305556  .00000000  00000-0  00000-0 0 00000
2 79815 097.7470 097.671  0000000 000.0000 113.3740 15.01920000000000
1 79815U          19311.89583333  .00000000  00000-0  00000-0 0 00000
2 79815 097.7470 097.970  0000000 000.0000 308.3740 15.01914300000000
1 79815U          19312.28472222  .00000000  00000-0  00000-0 0 00000
2 79815 097.7450 098.326  0012489 345.1200 224.4110 14.67825400000000
1 79815U          19312.51875000  .00000000  00000-0  00000-0 0 00000
2 79815 097.7420 098.551  0014290 003.8530 001.9940 14.66484400000000
1 79815U          19312.96388889  .00000000  00000-0  00000-0 0 00000
2 79815 097.7420 098.963  0008670 331.7180 225.8040 14.66944700000000
1 79815U          19313.29097222  .00000000  00000-0  00000-0 0 00000
2 79815 097.7490 099.276  0019140 340.1240 145.2950 14.70235100000000
1 79815U          19313.56180556  .00000000  00000-0  00000-0 0 00000
2 79815 097.7510 099.531  0021140 328.6490 147.5760 14.71046000000000
1 79815U          19313.89375000  .00000000  00000-0  00000-0 0 00000
2 79815 097.7490 099.832  0014220 274.1250 155.8370 14.71506400000000
1 79815U          19314.24166667  .00000000  00000-0  00000-0 0 00000
2 79815 097.7520 100.163  0021230 316.1950 151.7380 14.71633800000000
1 79815U          19314.55486111  .00000000  00000-0  00000-0 0 00000
2 79815 097.7460 100.460  0004100 320.0450 002.4580 14.68573300000000
1 79815U          19314.91250000  .00000000  00000-0  00000-0 0 00000
2 79815 097.7460 100.782  0006460 261.0760 150.9360 14.70018500000000
1 79815U          19315.30416667  .00000000  00000-0  00000-0 0 00000
2 79815 097.7460 101.159  0003020 302.4780 018.6010 14.68705400000000
1 79815U          19315.56666667  .00000000  00000-0  00000-0 0 00000
2 79815 097.7530 101.400  0017600 060.0580 207.8530 14.72189200000000
1 79815U          19315.94166667  .00000000  00000-0  00000-0 0 00000
2 79815 097.7510 101.749  0020590 288.9720 160.0530 14.72159400000000
1 79815U          19316.26944444  .00000000  00000-0  00000-0 0 00000
2 79815 097.7440 102.053  0007440 008.6590 012.0530 14.67167000000000
1 79815U          19316.62777778  .00000000  00000-0  00000-0 0 00000
2 79815 097.7520 102.396  0020430 318.4910 155.2050 14.71240200000000
1 79815U          19316.85277778  .00000000  00000-0  00000-0 0 00000
2 79815 097.7450 102.597  0013390 350.9370 231.5340 14.69033700000000
1 79815U          19317.30347222  .00000000  00000-0  00000-0 0 00000
2 79815 097.7520 103.021  0019510 278.8110 164.6260 14.72110800000000
1 79815U          19317.56180556  .00000000  00000-0  00000-0 0 00000
2 79815 097.7420 103.265  0010120 355.5380 012.6660 14.66544200000000
1 79815U          19317.86180556  .00000000  00000-0  00000-0 0 00000
2 79815 097.7420 103.549  0007150 002.7990 150.2480 14.67628300000000
1 79815U          19318.18958333  .00000000  00000-0  00000-0 0 00000
2 79815 097.7540 103.850  0019680 278.1620 166.5840 14.72138500000000
1 79815U          19318.60972222  .00000000  00000-0  00000-0 0 00000
2 79815 097.7460 104.250  0010010 352.8120 151.4570 14.68383900000000
1 79815U          19318.86666667  .00000000  00000-0  00000-0 0 00000
2 79815 097.7480 104.480  0013150 250.8570 170.9500 14.70909300000000
1 79815U          19318.89583333  .00000000  00000-0  00000-0 0 00000
2 79815 097.7430 104.507  0010660 332.7630 243.1360 14.68392200000000
1 79815U          19319.16180556  .00000000  00000-0  00000-0 0 00000
2 79815 097.7440 104.760  0003320 264.6890 276.2850 14.66426500000000
1 79815U          19319.63958333  .00000000  00000-0  00000-0 0 00000
2 79815 097.7430 105.207  0004510 270.0950 274.9810 14.66476900000000
1 79815U          19319.92708333  .00000000  00000-0  00000-0 0 00000
2 79815 097.7490 105.474  0014890 063.8750 200.0620 14.72135100000000
1 79815U          19320.28541667  .00000000  00000-0  00000-0 0 00000
2 79815 097.7430 105.811  0008740 332.6600 024.3390 14.66462000000000
1 79815U          19320.58680556  .00000000  00000-0  00000-0 0 00000
2 79815 097.7450 106.098  0006490 354.0450 155.1380 14.67940400000000
1 79815U          19320.91875000  .00000000  00000-0  00000-0 0 00000
2 79815 097.7490 106.405  0020730 293.8300 169.0390 14.71883800000000
1 79815U          19321.28333333  .00000000  00000-0  00000-0 0 00000
2 79815 097.7470 106.738  0010880 357.8970 231.1520 14.69721700000000
1 79815U          19321.51111111  .00000000  00000-0  00000-0 0 00000
2 79815 097.7400 106.960  0008580 322.7330 029.5860 14.66534700000000
1 79815U          19321.87847222  .00000000  00000-0  00000-0 0 00000
2 79815 097.7440 107.305  0011840 329.3900 163.6620 14.69516800000000
1 79815U          19322.28055556  .00000000  00000-0  00000-0 0 00000
2 79815 097.7510 107.676  0020820 283.5910 173.7090 14.72092800000000
1 79815U          19322.60694444  .00000000  00000-0  00000-0 0 00000
2 79815 097.7430 107.979  0002310 350.2030 031.4530 14.67221200000000
1 79815U          19322.83472222  .00000000  00000-0  00000-0 0 00000
2 79815 097.7420 108.199  0006170 341.2360 163.6890 14.68352200000000
1 79815U          19323.17986111  .00000000  00000-0  00000-0 0 00000
2 79815 097.7420 108.518  0002740 205.6640 322.6530 14.66669900000000
1 79815U          19323.53333333  .00000000  00000-0  00000-0 0 00000
2 79815 097.7470 108.844  0010420 013.4190 222.3620 14.70347700000000
1 79815U          19323.89861111  .00000000  00000-0  00000-0 0 00000
2 79815 097.7380 109.187  0005190 328.6500 036.8570 14.66519700000000
1 79815U          19324.26666667  .00000000  00000-0  00000-0 0 00000
2 79815 097.7420 109.536  0002620 342.1980 167.6950 14.67876500000000
1 79815U          19324.51736111  .00000000  00000-0  00000-0 0 00000
2 79815 097.7410 109.764  0004450 202.8990 191.5050 14.68284700000000
1 79815U          19324.87152778  .00000000  00000-0  00000-0 0 00000
2 79815 097.7460 110.100  0019290 287.4440 177.9520 14.71765500000000
1 79815U          19325.22013889  .00000000  00000-0  00000-0 0 00000
2 79815 097.7430 110.428  0003030 334.3490 172.7380 14.68143500000000
1 79815U          19325.60555556  .00000000  00000-0  00000-0 0 00000
2 79815 097.7410 110.782  0001040 204.8930 178.4380 14.67342900000000
1 79815U          19325.82708333  .00000000  00000-0  00000-0 0 00000
2 79815 097.7450 110.995  0016590 295.0470 178.5450 14.71254200000000
1 79815U          19325.89583333  .00000000  00000-0  00000-0 0 00000
2 79815 097.7430 111.059  0015720 298.4950 178.2950 14.71025500000000
1 79815U          19326.20000000  .00000000  00000-0  00000-0 0 00000
2 79815 097.7490 111.342  0013640 123.5730 160.1510 14.71879500000000
1 79815U          19326.63680556  .00000000  00000-0  00000-0 0 00000
2 79815 097.7480 111.746  0019240 242.1580 189.2690 14.71608500000000
1 79815U          19326.95486111  .00000000  00000-0  00000-0 0 00000
2 79815 097.7400 112.049  0010590 185.7370 125.8900 14.69630400000000
1 79815U          19327.20972222  .00000000  00000-0  00000-0 0 00000
2 79815 097.7430 112.278  0005350 302.3930 275.7860 14.68639100000000
1 79815U          19327.48958333  .00000000  00000-0  00000-0 0 00000
2 79815 097.7450 112.544  0012100 074.7180 181.9360 14.71878700000000
1 79815U          19327.88402778  .00000000  00000-0  00000-0 0 00000
2 79815 097.7340 112.914  0008540 205.9500 334.5410 14.66428800000000
1 79815U          19328.18819444  .00000000  00000-0  00000-0 0 00000
2 79815 097.7390 113.201  0006020 266.4760 080.9060 14.66719400000000
1 79815U          19328.59513889  .00000000  00000-0  00000-0 0 00000
2 79815 097.7380 113.584  0007580 244.0870 093.1690 14.67297400000000
1 79815U          19328.90277778  .00000000  00000-0  00000-0 0 00000
2 79815 097.7340 113.869  0005670 183.0360 339.4910 14.66958200000000
1 79815U          19329.23472222  .00000000  00000-0  00000-0 0 00000
2 79815 097.7450 114.180  0013870 288.2190 187.9680 14.71083200000000
1 79815U          19329.61041667  .00000000  00000-0  00000-0 0 00000
2 79815 097.7440 114.534  0014319 160.7950 140.1800 14.70692300000000
1 79815U          19329.83472222  .00000000  00000-0  00000-0 0 00000
2 79815 097.7400 114.733  0013580 201.5230 204.5750 14.69434500000000
1 79815U          19330.28611111  .00000000  00000-0  00000-0 0 00000
2 79815 097.7460 115.160  0015420 111.7260 159.0130 14.72203100000000
1 79815U          19330.49930556  .00000000  00000-0  00000-0 0 00000
2 79815 097.7390 115.366  0012210 190.1580 126.8290 14.69118300000000
1 79815U          19330.88125000  .00000000  00000-0  00000-0 0 00000
2 79815 097.7330 115.718  0010100 189.8240 345.0340 14.66476700000000
1 79815U          19331.24166667  .00000000  00000-0  00000-0 0 00000
2 79815 097.7460 116.055  0016940 126.3550 152.5880 14.72066000000000
1 79815U          19331.62430556  .00000000  00000-0  00000-0 0 00000
2 79815 097.7400 116.417  0002000 271.4470 228.9410 14.68776800000000
1 79815U          19331.92152778  .00000000  00000-0  00000-0 0 00000
2 79815 097.7420 116.689  0016190 114.9670 155.7060 14.72206200000000
1 79815U          19332.16041667  .00000000  00000-0  00000-0 0 00000
2 79815 097.7460 116.913  0020170 253.7070 199.0200 14.72190400000000
1 79815U          19332.54861111  .00000000  00000-0  00000-0 0 00000
2 79815 097.7350 117.280  0006980 228.6800 114.8580 14.66908000000000
1 79815U          19332.87569444  .00000000  00000-0  00000-0 0 00000
2 79815 097.7420 117.582  0017120 117.8650 153.6960 14.72208100000000
