1 88756U          19281.95902778  .00000000  00000-0  00000-0 0 00000
2 88756 097.7410 068.456  0000000 000.0000 265.5680 15.01920000000000
1 88756U          19282.29722222  .00000000  00000-0  00000-0 0 00000
2 88756 097.7410 068.790  0000000 000.0000 291.8180 15.01920000000000
1 88756U          19282.73819444  .00000000  00000-0  00000-0 0 00000
2 88756 097.7410 069.224  0000000 000.0000 153.0690 15.01920000000000
1 88756U          19283.04305556  .00000000  00000-0  00000-0 0 00000
2 88756 097.7420 069.525  0000000 000.0000 359.3200 15.01920000000000
1 88756U          19283.34375000  .00000000  00000-0  00000-0 0 00000
2 88756 097.7420 069.821  0000000 000.0000 183.0700 15.01920000000000
1 88756U          19283.58611111  .00000000  00000-0  00000-0 0 00000
2 88756 097.7420 070.060  0000000 000.0000 051.8210 15.01920000000000
1 88756U          19284.00694444  .00000000  00000-0  00000-0 0 00000
2 88756 097.7420 070.475  0000000 000.0000 164.3210 15.01920000000000
1 88756U          19284.41319444  .00000000  00000-0  00000-0 0 00000
2 88756 097.7430 070.876  0000000 000.0000 198.0720 15.01920000000000
1 88756U          19284.74791667  .00000000  00000-0  00000-0 0 00000
2 88756 097.7430 071.206  0000000 000.0000 205.5730 15.01920000000000
1 88756U          19284.97638889  .00000000  00000-0  00000-0 0 00000
2 88756 097.7430 071.431  0000000 000.0000 359.3230 15.01920000000000
1 88756U          19285.27708333  .00000000  00000-0  00000-0 0 00000
2 88756 097.7430 071.727  0000000 000.0000 183.0740 15.01920000000000
1 88756U          19285.60902778  .00000000  00000-0  00000-0 0 00000
2 88756 097.7430 072.055  0000000 000.0000 175.5740 15.01920000000000
1 88756U          19286.02361111  .00000000  00000-0  00000-0 0 00000
2 88756 097.7430 072.463  0000000 000.0000 254.3250 15.01920000000000
1 88756U          19286.36597222  .00000000  00000-0  00000-0 0 00000
2 88756 097.7440 072.801  0000000 000.0000 303.0760 15.01920000000000
1 88756U          19286.66805556  .00000000  00000-0  00000-0 0 00000
2 88756 097.7440 073.099  0000000 000.0000 134.3260 15.01920000000000
1 88756U          19287.02916667  .00000000  00000-0  00000-0 0 00000
2 88756 097.7440 073.455  0000000 000.0000 284.3270 15.01920000000000
1 88756U          19287.26111111  .00000000  00000-0  00000-0 0 00000
2 88756 097.7440 073.683  0000000 000.0000 096.8270 15.01920000000000
1 88756U          19287.69305556  .00000000  00000-0  00000-0 0 00000
2 88756 097.7440 074.109  0000000 000.0000 269.3280 15.01920000000000
1 88756U          19287.92777778  .00000000  00000-0  00000-0 0 00000
2 88756 097.7440 074.341  0000000 000.0000 096.8290 15.01920000000000
1 88756U          19288.25694444  .00000000  00000-0  00000-0 0 00000
2 88756 097.7450 074.665  0000000 000.0000 074.3290 15.01920000000000
1 88756U          19288.60972222  .00000000  00000-0  00000-0 0 00000
2 88756 097.7450 075.013  0000000 000.0000 179.3300 15.01920000000000
1 88756U          19289.05694444  .00000000  00000-0  00000-0 0 00000
2 88756 097.7450 075.454  0000000 000.0000 074.3310 15.01920000000000
1 88756U          19289.39791667  .00000000  00000-0  00000-0 0 00000
2 88756 097.7450 075.790  0000000 000.0000 115.5810 15.01920000000000
1 88756U          19289.62430556  .00000000  00000-0  00000-0 0 00000
2 88756 097.7450 076.013  0000000 000.0000 258.0820 15.01920000000000
1 88756U          19289.93958333  .00000000  00000-0  00000-0 0 00000
2 88756 097.7450 076.324  0000000 000.0000 160.5820 15.01920000000000
1 88756U          19290.31041667  .00000000  00000-0  00000-0 0 00000
2 88756 097.7460 076.690  0000000 000.0000 003.0830 15.01920000000000
1 88756U          19290.66805556  .00000000  00000-0  00000-0 0 00000
2 88756 097.7460 077.042  0000000 000.0000 134.3340 15.01920000000000
1 88756U          19291.02152778  .00000000  00000-0  00000-0 0 00000
2 88756 097.7460 077.391  0000000 000.0000 243.0840 15.01920000000000
1 88756U          19291.36319444  .00000000  00000-0  00000-0 0 00000
2 88756 097.7460 077.727  0000000 000.0000 288.0850 15.01920000000000
1 88756U          19291.72569444  .00000000  00000-0  00000-0 0 00000
2 88756 097.7460 078.085  0000000 000.0000 085.5860 15.01920000000000
1 88756U          19291.93263889  .00000000  00000-0  00000-0 0 00000
2 88756 097.7460 078.289  0000000 000.0000 123.0860 15.01920000000000
1 88756U          19292.27708333  .00000000  00000-0  00000-0 0 00000
2 88756 097.7460 078.628  0000000 000.0000 183.0870 15.01920000000000
1 88756U          19292.64444444  .00000000  00000-0  00000-0 0 00000
2 88756 097.7460 078.991  0000000 000.0000 006.8370 15.01920000000000
1 88756U          19292.95625000  .00000000  00000-0  00000-0 0 00000
2 88756 097.7470 079.298  0000000 000.0000 250.5880 15.01920000000000
1 88756U          19293.38750000  .00000000  00000-0  00000-0 0 00000
2 88756 097.7470 079.723  0000000 000.0000 059.3390 15.01920000000000
1 88756U          19293.71597222  .00000000  00000-0  00000-0 0 00000
2 88756 097.7470 080.047  0000000 000.0000 033.0890 15.01920000000000
1 88756U          19293.99861111  .00000000  00000-0  00000-0 0 00000
2 88756 097.7470 080.326  0000000 000.0000 119.3400 15.01920000000000
1 88756U          19294.32222222  .00000000  00000-0  00000-0 0 00000
2 88756 097.7470 080.645  0000000 000.0000 066.8410 15.01920000000000
1 88756U          19294.64027778  .00000000  00000-0  00000-0 0 00000
2 88756 097.7470 080.958  0000000 000.0000 344.3410 15.01920000000000
1 88756U          19295.07152778  .00000000  00000-0  00000-0 0 00000
2 88756 097.7470 081.383  0000000 000.0000 153.0920 15.01920000000000
1 88756U          19295.27638889  .00000000  00000-0  00000-0 0 00000
2 88756 097.7470 081.585  0000000 000.0000 179.3420 15.01920000000000
1 88756U          19295.70138889  .00000000  00000-0  00000-0 0 00000
2 88756 097.7470 082.004  0000000 000.0000 314.3430 15.01920000000000
1 88756U          19296.07013889  .00000000  00000-0  00000-0 0 00000
2 88756 097.7470 082.368  0000000 000.0000 145.5940 15.01920000000000
1 88756U          19296.41180556  .00000000  00000-0  00000-0 0 00000
2 88756 097.7470 082.705  0000000 000.0000 190.5950 15.01920000000000
1 88756U          19296.65138889  .00000000  00000-0  00000-0 0 00000
2 88756 097.7480 082.941  0000000 000.0000 044.3450 15.01920000000000
1 88756U          19296.92847222  .00000000  00000-0  00000-0 0 00000
2 88756 097.7480 083.214  0000000 000.0000 100.5960 15.01920000000000
1 88756U          19297.30694444  .00000000  00000-0  00000-0 0 00000
2 88756 097.7480 083.587  0000000 000.0000 344.3460 15.01920000000000
1 88756U          19297.68958333  .00000000  00000-0  00000-0 0 00000
2 88756 097.7480 083.964  0000000 000.0000 250.5970 15.01920000000000
1 88756U          19298.04722222  .00000000  00000-0  00000-0 0 00000
2 88756 097.7480 084.317  0000000 000.0000 021.8480 15.01920000000000
1 88756U          19298.39097222  .00000000  00000-0  00000-0 0 00000
2 88756 097.7480 084.656  0000000 000.0000 078.0980 15.01920000000000
1 88756U          19298.58402778  .00000000  00000-0  00000-0 0 00000
2 88756 097.7480 084.846  0000000 000.0000 040.5990 15.01920000000000
1 88756U          19299.03263889  .00000000  00000-0  00000-0 0 00000
2 88756 097.7480 085.288  0000000 000.0000 303.1000 15.01920000000000
1 88756U          19299.27152778  .00000000  00000-0  00000-0 0 00000
2 88756 097.7480 085.524  0000000 000.0000 153.1000 15.01920000000000
1 88756U          19299.69583333  .00000000  00000-0  00000-0 0 00000
2 88756 097.7480 085.942  0000000 000.0000 284.3510 15.01920000000000
1 88756U          19299.99166667  .00000000  00000-0  00000-0 0 00000
2 88756 097.7480 086.234  0000000 000.0000 081.8510 15.01920000000000
1 88756U          19300.37222222  .00000000  00000-0  00000-0 0 00000
2 88756 097.7480 086.609  0000000 000.0000 336.8520 15.01920000000000
1 88756U          19300.68750000  .00000000  00000-0  00000-0 0 00000
2 88756 097.7480 086.920  0000000 000.0000 239.3530 15.01920000000000
1 88756U          19301.04375000  .00000000  00000-0  00000-0 0 00000
2 88756 097.7480 087.271  0000000 000.0000 003.1030 15.01920000000000
1 88756U          19301.31597222  .00000000  00000-0  00000-0 0 00000
2 88756 097.7480 087.539  0000000 000.0000 033.1040 15.01920000000000
1 88756U          19301.69097222  .00000000  00000-0  00000-0 0 00000
2 88756 097.7480 087.909  0000000 000.0000 258.1050 15.01920000000000
1 88756U          19302.03125000  .00000000  00000-0  00000-0 0 00000
2 88756 097.7480 088.245  0000000 000.0000 295.6050 15.01920000000000
1 88756U          19302.29861111  .00000000  00000-0  00000-0 0 00000
2 88756 097.7480 088.508  0000000 000.0000 299.3560 15.01920000000000
1 88756U          19302.70833333  .00000000  00000-0  00000-0 0 00000
2 88756 097.7480 088.912  0000000 000.0000 351.8570 15.01920000000000
1 88756U          19302.99861111  .00000000  00000-0  00000-0 0 00000
2 88756 097.7480 089.198  0000000 000.0000 119.3570 15.01920000000000
1 88756U          19303.27777778  .00000000  00000-0  00000-0 0 00000
2 88756 097.7480 089.474  0000000 000.0000 186.8580 15.01920000000000
1 88756U          19303.59722222  .00000000  00000-0  00000-0 0 00000
2 88756 097.7480 089.788  0000000 000.0000 111.8580 15.01920000000000
1 88756U          19303.92152778  .00000000  00000-0  00000-0 0 00000
2 88756 097.7480 090.108  0000000 000.0000 063.1090 15.01920000000000
1 88756U          19304.27361111  .00000000  00000-0  00000-0 0 00000
2 88756 097.7480 090.455  0000000 000.0000 164.3600 15.01920000000000
1 88756U          19304.62916667  .00000000  00000-0  00000-0 0 00000
2 88756 097.7480 090.806  0000000 000.0000 284.3600 15.01920000000000
1 88756U          19305.05972222  .00000000  00000-0  00000-0 0 00000
2 88756 097.7480 091.230  0000000 000.0000 089.3610 15.01920000000000
1 88756U          19305.36041667  .00000000  00000-0  00000-0 0 00000
2 88756 097.7480 091.527  0000000 000.0000 273.1120 15.01920000000000
1 88756U          19305.68055556  .00000000  00000-0  00000-0 0 00000
2 88756 097.7480 091.842  0000000 000.0000 201.8620 15.01920000000000
1 88756U          19306.01458333  .00000000  00000-0  00000-0 0 00000
2 88756 097.7480 092.172  0000000 000.0000 205.6130 15.01920000000000
1 88756U          19306.37847222  .00000000  00000-0  00000-0 0 00000
2 88756 097.7480 092.530  0000000 000.0000 010.6140 15.01920000000000
1 88756U          19306.73958333  .00000000  00000-0  00000-0 0 00000
2 88756 097.7480 092.886  0000000 000.0000 160.6140 15.01920000000000
1 88756U          19307.04027778  .00000000  00000-0  00000-0 0 00000
2 88756 097.7480 093.183  0000000 000.0000 344.3650 15.01920000000000
1 88756U          19307.33750000  .00000000  00000-0  00000-0 0 00000
2 88756 097.7480 093.476  0000000 000.0000 149.3650 15.01920000000000
1 88756U          19307.65416667  .00000000  00000-0  00000-0 0 00000
2 88756 097.7480 093.788  0000000 000.0000 059.3660 15.01920000000000
1 88756U          19308.00208333  .00000000  00000-0  00000-0 0 00000
2 88756 097.7480 094.131  0000000 000.0000 138.1170 15.01920000000000
1 88756U          19308.25208333  .00000000  00000-0  00000-0 0 00000
2 88756 097.7480 094.378  0000000 000.0000 048.1170 15.01920000000000
1 88756U          19308.70347222  .00000000  00000-0  00000-0 0 00000
2 88756 097.7480 094.823  0000000 000.0000 325.6180 15.01920000000000
1 88756U          19308.98333333  .00000000  00000-0  00000-0 0 00000
2 88756 097.7480 095.098  0000000 000.0000 036.8690 15.01920000000000
1 88756U          19309.30972222  .00000000  00000-0  00000-0 0 00000
2 88756 097.7480 095.420  0000000 000.0000 359.3690 15.01920000000000
1 88756U          19309.72916667  .00000000  00000-0  00000-0 0 00000
2 88756 097.7480 095.834  0000000 000.0000 104.3700 15.01920000000000
1 88756U          19309.95694444  .00000000  00000-0  00000-0 0 00000
2 88756 097.7480 096.058  0000000 000.0000 254.3700 15.01920000000000
1 88756U          19310.40416667  .00000000  00000-0  00000-0 0 00000
2 88756 097.7470 096.499  0000000 000.0000 149.3710 15.01920000000000
1 88756U          19310.66736111  .00000000  00000-0  00000-0 0 00000
2 88756 097.7470 096.759  0000000 000.0000 130.6220 15.01920000000000
1 88756U          19310.94097222  .00000000  00000-0  00000-0 0 00000
2 88756 097.7470 097.028  0000000 000.0000 168.1220 15.01920000000000
1 88756U          19311.35972222  .00000000  00000-0  00000-0 0 00000
2 88756 097.7470 097.441  0000000 000.0000 269.3730 15.01920000000000
1 88756U          19311.69583333  .00000000  00000-0  00000-0 0 00000
2 88756 097.7470 097.773  0000000 000.0000 284.3740 15.01920000000000
1 88756U          19311.90833333  .00000000  00000-0  00000-0 0 00000
2 88756 097.7470 097.982  0000000 000.0000 351.8740 15.01914300000000
1 88756U          19312.24722222  .00000000  00000-0  00000-0 0 00000
2 88756 097.7470 098.316  0000000 000.0000 021.8750 15.01914300000000
1 88756U          19312.60555556  .00000000  00000-0  00000-0 0 00000
2 88756 097.7470 098.669  0000000 000.0000 156.8750 15.01914300000000
1 88756U          19312.82708333  .00000000  00000-0  00000-0 0 00000
2 88756 097.7470 098.888  0000000 000.0000 273.1260 15.01914300000000
1 88756U          19313.30138889  .00000000  00000-0  00000-0 0 00000
2 88756 097.7470 099.355  0000000 000.0000 314.3770 15.01914300000000
1 88756U          19313.50972222  .00000000  00000-0  00000-0 0 00000
2 88756 097.7470 099.561  0000000 000.0000 359.3770 15.01914300000000
1 88756U          19313.91388889  .00000000  00000-0  00000-0 0 00000
2 88756 097.7470 099.959  0000000 000.0000 021.8780 15.01914300000000
1 88756U          19314.19444444  .00000000  00000-0  00000-0 0 00000
2 88756 097.7460 100.236  0000000 000.0000 096.8780 15.01914300000000
1 88756U          19314.60763889  .00000000  00000-0  00000-0 0 00000
2 88756 097.7460 100.643  0000000 000.0000 168.1290 15.01914300000000
1 88756U          19314.83194444  .00000000  00000-0  00000-0 0 00000
2 88756 097.7460 100.864  0000000 000.0000 299.3800 15.01914300000000
1 88756U          19315.17152778  .00000000  00000-0  00000-0 0 00000
2 88756 097.7460 101.199  0000000 000.0000 333.1300 15.01914300000000
1 88756U          19315.59722222  .00000000  00000-0  00000-0 0 00000
2 88756 097.7460 101.619  0000000 000.0000 111.8810 15.01914300000000
1 88756U          19315.93819444  .00000000  00000-0  00000-0 0 00000
2 88756 097.7460 101.955  0000000 000.0000 153.1320 15.01914300000000
1 88756U          19316.23958333  .00000000  00000-0  00000-0 0 00000
2 88756 097.7460 102.252  0000000 000.0000 340.6320 15.01914300000000
1 88756U          19316.64097222  .00000000  00000-0  00000-0 0 00000
2 88756 097.7460 102.648  0000000 000.0000 348.1330 15.01914300000000
1 88756U          19316.91458333  .00000000  00000-0  00000-0 0 00000
2 88756 097.7450 102.917  0000000 000.0000 025.6340 15.01914300000000
1 88756U          19317.24652778  .00000000  00000-0  00000-0 0 00000
2 88756 097.7450 103.245  0000000 000.0000 018.1340 15.01914300000000
1 88756U          19317.60555556  .00000000  00000-0  00000-0 0 00000
2 88756 097.7450 103.599  0000000 000.0000 156.8850 15.01914300000000
1 88756U          19317.91736111  .00000000  00000-0  00000-0 0 00000
2 88756 097.7450 103.906  0000000 000.0000 040.6350 15.01914300000000
1 88756U          19318.28541667  .00000000  00000-0  00000-0 0 00000
2 88756 097.7450 104.269  0000000 000.0000 228.1360 15.01914300000000
1 88756U          19318.61388889  .00000000  00000-0  00000-0 0 00000
2 88756 097.7450 104.593  0000000 000.0000 201.8870 15.01914300000000
1 88756U          19318.85694444  .00000000  00000-0  00000-0 0 00000
2 88756 097.7440 104.832  0000000 000.0000 074.3870 15.01914300000000
1 88756U          19318.92847222  .00000000  00000-0  00000-0 0 00000
2 88756 097.7450 104.902  0033560 288.6070 171.7220 15.02032700000000
1 88756U          19319.28611111  .00000000  00000-0  00000-0 0 00000
2 88756 097.7370 105.232  0014600 314.3330 235.5280 14.64653300000000
1 88756U          19319.61805556  .00000000  00000-0  00000-0 0 00000
2 88756 097.7420 105.550  0021240 338.5880 162.5470 14.66750700000000
1 88756U          19319.81388889  .00000000  00000-0  00000-0 0 00000
2 88756 097.7460 105.727  0029930 301.3250 153.0890 14.70181800000000
1 88756U          19320.16250000  .00000000  00000-0  00000-0 0 00000
2 88756 097.7440 106.056  0023460 332.3920 161.2580 14.67517000000000
1 88756U          19320.60000000  .00000000  00000-0  00000-0 0 00000
2 88756 097.7470 106.462  0010110 038.8670 243.0850 14.70045500000000
1 88756U          19320.86111111  .00000000  00000-0  00000-0 0 00000
2 88756 097.7390 106.697  0020890 330.9540 248.7170 14.66815200000000
1 88756U          19321.28125000  .00000000  00000-0  00000-0 0 00000
2 88756 097.7470 107.094  0011320 038.7880 237.4920 14.70198500000000
1 88756U          19321.53472222  .00000000  00000-0  00000-0 0 00000
2 88756 097.7360 107.332  0011410 312.4950 221.1070 14.64600200000000
1 88756U          19321.84305556  .00000000  00000-0  00000-0 0 00000
2 88756 097.7350 107.616  0018630 327.2460 033.1620 14.64493000000000
1 88756U          19322.23680556  .00000000  00000-0  00000-0 0 00000
2 88756 097.7470 107.984  0009400 041.4690 236.3690 14.70165700000000
1 88756U          19322.60833333  .00000000  00000-0  00000-0 0 00000
2 88756 097.7460 108.328  0026690 281.8850 156.1830 14.70001200000000
1 88756U          19322.87777778  .00000000  00000-0  00000-0 0 00000
2 88756 097.7400 108.575  0019150 271.9830 147.7200 14.68798000000000
1 88756U          19323.22986111  .00000000  00000-0  00000-0 0 00000
2 88756 097.7440 108.912  0027199 311.6230 165.5990 14.69037500000000
1 88756U          19323.51111111  .00000000  00000-0  00000-0 0 00000
2 88756 097.7350 109.174  0011240 316.0750 205.0420 14.65134300000000
1 88756U          19323.92500000  .00000000  00000-0  00000-0 0 00000
2 88756 097.7320 109.554  0013200 288.4640 256.3980 14.64547800000000
1 88756U          19324.29722222  .00000000  00000-0  00000-0 0 00000
2 88756 097.7350 109.904  0017670 309.1500 039.5580 14.64730100000000
1 88756U          19324.47986111  .00000000  00000-0  00000-0 0 00000
2 88756 097.7390 110.069  0018190 337.7170 254.6710 14.68067800000000
1 88756U          19324.84444444  .00000000  00000-0  00000-0 0 00000
2 88756 097.7330 110.412  0017230 312.5770 043.3200 14.64526300000000
1 88756U          19325.15416667  .00000000  00000-0  00000-0 0 00000
2 88756 097.7360 110.698  0014199 282.3040 267.7270 14.64666700000000
1 88756U          19325.57638889  .00000000  00000-0  00000-0 0 00000
2 88756 097.7430 111.092  0012439 015.8700 241.8360 14.69995300000000
1 88756U          19325.84513889  .00000000  00000-0  00000-0 0 00000
2 88756 097.7380 111.339  0016239 338.3300 257.3550 14.68407800000000
1 88756U          19325.90833333  .00000000  00000-0  00000-0 0 00000
2 88756 097.7330 111.398  0017250 298.0870 271.0050 14.65840000000000
1 88756U          19326.16666667  .00000000  00000-0  00000-0 0 00000
2 88756 097.7400 111.648  0020030 312.5240 179.4480 14.67697500000000
1 88756U          19326.52083333  .00000000  00000-0  00000-0 0 00000
2 88756 097.7330 111.971  0016180 286.3890 274.2770 14.65215500000000
1 88756U          19326.87569444  .00000000  00000-0  00000-0 0 00000
2 88756 097.7400 112.304  0005790 055.8860 217.0150 14.70262900000000
1 88756U          19327.29166667  .00000000  00000-0  00000-0 0 00000
2 88756 097.7390 112.696  0009240 236.7310 070.8230 14.68121600000000
1 88756U          19327.57291667  .00000000  00000-0  00000-0 0 00000
2 88756 097.7320 112.956  0016370 298.7930 052.6820 14.64630400000000
1 88756U          19327.90000000  .00000000  00000-0  00000-0 0 00000
2 88756 097.7390 113.259  0003970 090.7320 186.4650 14.70183700000000
1 88756U          19328.28333333  .00000000  00000-0  00000-0 0 00000
2 88756 097.7360 113.619  0015070 305.2930 194.3600 14.66918200000000
1 88756U          19328.51527778  .00000000  00000-0  00000-0 0 00000
2 88756 097.7400 113.835  0003890 139.0080 144.4220 14.69969800000000
1 88756U          19328.90347222  .00000000  00000-0  00000-0 0 00000
2 88756 097.7290 114.194  0011199 259.6100 271.9730 14.64636100000000
1 88756U          19329.15486111  .00000000  00000-0  00000-0 0 00000
2 88756 097.7400 114.422  0021330 248.7790 169.2140 14.68616100000000
1 88756U          19329.49305556  .00000000  00000-0  00000-0 0 00000
2 88756 097.7340 114.739  0014290 246.9280 155.4070 14.67130200000000
1 88756U          19329.96041667  .00000000  00000-0  00000-0 0 00000
2 88756 097.7290 115.178  0015740 282.8280 065.2590 14.64770400000000
1 88756U          19330.20625000  .00000000  00000-0  00000-0 0 00000
2 88756 097.7340 115.402  0016019 272.0090 293.1860 14.65526500000000
1 88756U          19330.56805556  .00000000  00000-0  00000-0 0 00000
2 88756 097.7360 115.750  0013560 234.2150 079.7880 14.67490000000000
1 88756U          19330.83541667  .00000000  00000-0  00000-0 0 00000
2 88756 097.7390 115.995  0007280 164.1000 120.5590 14.69916100000000
1 88756U          19331.19861111  .00000000  00000-0  00000-0 0 00000
2 88756 097.7360 116.326  0014720 238.1060 162.8710 14.66967100000000
1 88756U          19331.63125000  .00000000  00000-0  00000-0 0 00000
2 88756 097.7320 116.737  0010399 249.1430 274.3820 14.64981300000000
1 88756U          19331.95625000  .00000000  00000-0  00000-0 0 00000
2 88756 097.7380 117.034  0029350 255.4690 182.8290 14.69984600000000
1 88756U          19332.20208333  .00000000  00000-0  00000-0 0 00000
2 88756 097.7400 117.270  0011770 190.3580 104.9170 14.69215700000000
1 88756U          19332.55555556  .00000000  00000-0  00000-0 0 00000
2 88756 097.7290 117.596  0012590 277.7700 082.4900 14.64514900000000
1 88756U          19332.84444444  .00000000  00000-0  00000-0 0 00000
2 88756 097.7380 117.863  0029940 258.2970 186.1830 14.70172500000000
