1 09191U          19281.97083333  .00000000  00000-0  00000-0 0 00000
2 09191 097.7480 094.189  0000000 000.0000 332.7940 15.01920000000000
1 09191U          19282.34097222  .00000000  00000-0  00000-0 0 00000
2 09191 097.7480 094.554  0000000 000.0000 171.5450 15.01920000000000
1 09191U          19282.64375000  .00000000  00000-0  00000-0 0 00000
2 09191 097.7480 094.852  0000000 000.0000 006.5460 15.01920000000000
1 09191U          19283.08194444  .00000000  00000-0  00000-0 0 00000
2 09191 097.7480 095.284  0000000 000.0000 212.7960 15.01920000000000
1 09191U          19283.30069444  .00000000  00000-0  00000-0 0 00000
2 09191 097.7480 095.500  0000000 000.0000 314.0470 15.01920000000000
1 09191U          19283.74166667  .00000000  00000-0  00000-0 0 00000
2 09191 097.7480 095.934  0000000 000.0000 175.2980 15.01920000000000
1 09191U          19284.08194444  .00000000  00000-0  00000-0 0 00000
2 09191 097.7480 096.270  0000000 000.0000 212.7980 15.01920000000000
1 09191U          19284.27708333  .00000000  00000-0  00000-0 0 00000
2 09191 097.7480 096.462  0000000 000.0000 186.5490 15.01920000000000
1 09191U          19284.66319444  .00000000  00000-0  00000-0 0 00000
2 09191 097.7470 096.843  0000000 000.0000 111.5490 15.01920000000000
1 09191U          19285.03888889  .00000000  00000-0  00000-0 0 00000
2 09191 097.7470 097.213  0000000 000.0000 340.3000 15.01920000000000
1 09191U          19285.27152778  .00000000  00000-0  00000-0 0 00000
2 09191 097.7470 097.443  0000000 000.0000 156.5510 15.01920000000000
1 09191U          19285.73958333  .00000000  00000-0  00000-0 0 00000
2 09191 097.7470 097.904  0000000 000.0000 164.0520 15.01920000000000
1 09191U          19285.95625000  .00000000  00000-0  00000-0 0 00000
2 09191 097.7470 098.118  0000000 000.0000 254.0520 15.01920000000000
1 09191U          19286.26736111  .00000000  00000-0  00000-0 0 00000
2 09191 097.7470 098.424  0000000 000.0000 134.0530 15.01920000000000
1 09191U          19286.60208333  .00000000  00000-0  00000-0 0 00000
2 09191 097.7470 098.754  0000000 000.0000 141.5530 15.01920000000000
1 09191U          19287.05416667  .00000000  00000-0  00000-0 0 00000
2 09191 097.7470 099.200  0000000 000.0000 062.8040 15.01920000000000
1 09191U          19287.30138889  .00000000  00000-0  00000-0 0 00000
2 09191 097.7470 099.444  0000000 000.0000 317.8040 15.01920000000000
1 09191U          19287.65555556  .00000000  00000-0  00000-0 0 00000
2 09191 097.7470 099.793  0000000 000.0000 070.3050 15.01920000000000
1 09191U          19287.97916667  .00000000  00000-0  00000-0 0 00000
2 09191 097.7460 100.112  0000000 000.0000 017.8060 15.01920000000000
1 09191U          19288.32569444  .00000000  00000-0  00000-0 0 00000
2 09191 097.7460 100.454  0000000 000.0000 089.0560 15.01920000000000
1 09191U          19288.67361111  .00000000  00000-0  00000-0 0 00000
2 09191 097.7460 100.797  0000000 000.0000 167.8070 15.01920000000000
1 09191U          19288.96250000  .00000000  00000-0  00000-0 0 00000
2 09191 097.7460 101.081  0000000 000.0000 287.8080 15.01920000000000
1 09191U          19289.25972222  .00000000  00000-0  00000-0 0 00000
2 09191 097.7460 101.375  0000000 000.0000 092.8080 15.01920000000000
1 09191U          19289.67430556  .00000000  00000-0  00000-0 0 00000
2 09191 097.7460 101.783  0000000 000.0000 171.5590 15.01920000000000
1 09191U          19289.95833333  .00000000  00000-0  00000-0 0 00000
2 09191 097.7460 102.063  0000000 000.0000 265.3090 15.01920000000000
1 09191U          19290.39930556  .00000000  00000-0  00000-0 0 00000
2 09191 097.7460 102.498  0000000 000.0000 126.5600 15.01920000000000
1 09191U          19290.59027778  .00000000  00000-0  00000-0 0 00000
2 09191 097.7450 102.686  0000000 000.0000 077.8110 15.01920000000000
1 09191U          19291.02013889  .00000000  00000-0  00000-0 0 00000
2 09191 097.7450 103.110  0000000 000.0000 239.0610 15.01920000000000
1 09191U          19291.32777778  .00000000  00000-0  00000-0 0 00000
2 09191 097.7450 103.413  0000000 000.0000 100.3120 15.01920000000000
1 09191U          19291.63194444  .00000000  00000-0  00000-0 0 00000
2 09191 097.7450 103.713  0000000 000.0000 302.8130 15.01920000000000
1 09191U          19291.92777778  .00000000  00000-0  00000-0 0 00000
2 09191 097.7450 104.005  0000000 000.0000 100.3130 15.01920000000000
1 09191U          19292.38958333  .00000000  00000-0  00000-0 0 00000
2 09191 097.7450 104.460  0000000 000.0000 074.0640 15.01920000000000
1 09191U          19292.58750000  .00000000  00000-0  00000-0 0 00000
2 09191 097.7450 104.655  0000000 000.0000 062.8140 15.01920000000000
1 09191U          19293.06250000  .00000000  00000-0  00000-0 0 00000
2 09191 097.7440 105.123  0000000 000.0000 107.8150 15.01920000000000
1 09191U          19293.36041667  .00000000  00000-0  00000-0 0 00000
2 09191 097.7440 105.417  0000000 000.0000 276.5660 15.01920000000000
1 09191U          19293.64513889  .00000000  00000-0  00000-0 0 00000
2 09191 097.7440 105.698  0000000 000.0000 014.0660 15.01920000000000
1 09191U          19294.07569444  .00000000  00000-0  00000-0 0 00000
2 09191 097.7440 106.122  0000000 000.0000 179.0670 15.01920000000000
1 09191U          19294.37916667  .00000000  00000-0  00000-0 0 00000
2 09191 097.7440 106.422  0000000 000.0000 017.8180 15.01920000000000
1 09191U          19294.67361111  .00000000  00000-0  00000-0 0 00000
2 09191 097.7440 106.712  0000000 000.0000 167.8180 15.01920000000000
1 09191U          19295.04791667  .00000000  00000-0  00000-0 0 00000
2 09191 097.7430 107.081  0000000 000.0000 029.0690 15.01920000000000
1 09191U          19295.40208333  .00000000  00000-0  00000-0 0 00000
2 09191 097.7430 107.430  0000000 000.0000 141.5700 15.01920000000000
1 09191U          19295.67152778  .00000000  00000-0  00000-0 0 00000
2 09191 097.7430 107.696  0000000 000.0000 156.5700 15.01920000000000
1 09191U          19295.91805556  .00000000  00000-0  00000-0 0 00000
2 09191 097.7430 107.939  0000000 000.0000 047.8210 15.01920000000000
1 09191U          19296.32777778  .00000000  00000-0  00000-0 0 00000
2 09191 097.7430 108.343  0000000 000.0000 100.3210 15.01920000000000
1 09191U          19296.64930556  .00000000  00000-0  00000-0 0 00000
2 09191 097.7420 108.660  0000000 000.0000 036.5720 15.01920000000000
1 09191U          19297.04861111  .00000000  00000-0  00000-0 0 00000
2 09191 097.7420 109.053  0000000 000.0000 032.8230 15.01920000000000
1 09191U          19297.35555556  .00000000  00000-0  00000-0 0 00000
2 09191 097.7420 109.356  0000000 000.0000 250.3230 15.01920000000000
1 09191U          19297.65416667  .00000000  00000-0  00000-0 0 00000
2 09191 097.7420 109.650  0000000 000.0000 062.8240 15.01920000000000
1 09191U          19297.95208333  .00000000  00000-0  00000-0 0 00000
2 09191 097.7420 109.944  0000000 000.0000 231.5740 15.01920000000000
1 09191U          19298.26388889  .00000000  00000-0  00000-0 0 00000
2 09191 097.7410 110.251  0000000 000.0000 115.3250 15.01920000000000
1 09191U          19298.69583333  .00000000  00000-0  00000-0 0 00000
2 09191 097.7410 110.677  0000000 000.0000 287.8260 15.01920000000000
1 09191U          19299.08263889  .00000000  00000-0  00000-0 0 00000
2 09191 097.7410 111.058  0000000 000.0000 216.5760 15.01920000000000
1 09191U          19299.35972222  .00000000  00000-0  00000-0 0 00000
2 09191 097.7410 111.332  0000000 000.0000 272.8270 15.01920000000000
1 09191U          19299.73402778  .00000000  00000-0  00000-0 0 00000
2 09191 097.7400 111.701  0000000 000.0000 134.0770 15.01920000000000
1 09191U          19299.95972222  .00000000  00000-0  00000-0 0 00000
2 09191 097.7400 111.923  0000000 000.0000 272.8280 15.01920000000000
1 09191U          19300.39236111  .00000000  00000-0  00000-0 0 00000
2 09191 097.7400 112.350  0000000 000.0000 089.0790 15.01920000000000
1 09191U          19300.61666667  .00000000  00000-0  00000-0 0 00000
2 09191 097.7400 112.571  0000000 000.0000 220.3290 15.01920000000000
1 09191U          19301.00069444  .00000000  00000-0  00000-0 0 00000
2 09191 097.7390 112.949  0000000 000.0000 134.0800 15.01920000000000
1 09191U          19301.36319444  .00000000  00000-0  00000-0 0 00000
2 09191 097.7390 113.307  0000000 000.0000 291.5800 15.01920000000000
1 09191U          19301.64027778  .00000000  00000-0  00000-0 0 00000
2 09191 097.7390 113.580  0000000 000.0000 347.8310 15.01920000000000
1 09191U          19301.95555556  .00000000  00000-0  00000-0 0 00000
2 09191 097.7390 113.891  0000000 000.0000 250.3310 15.01920000000000
1 09191U          19302.25069444  .00000000  00000-0  00000-0 0 00000
2 09191 097.7390 114.182  0000000 000.0000 044.0820 15.01920000000000
1 09191U          19302.67013889  .00000000  00000-0  00000-0 0 00000
2 09191 097.7380 114.595  0000000 000.0000 149.0830 15.01920000000000
1 09191U          19303.01944444  .00000000  00000-0  00000-0 0 00000
2 09191 097.7380 114.939  0000000 000.0000 235.3330 15.01920000000000
1 09191U          19303.25902778  .00000000  00000-0  00000-0 0 00000
2 09191 097.7380 115.176  0000000 000.0000 089.0840 15.01920000000000
1 09191U          19303.67500000  .00000000  00000-0  00000-0 0 00000
2 09191 097.7370 115.586  0000000 000.0000 175.3340 15.01920000000000
1 09191U          19304.07777778  .00000000  00000-0  00000-0 0 00000
2 09191 097.7370 115.983  0000000 000.0000 190.3350 15.01920000000000
1 09191U          19304.33541667  .00000000  00000-0  00000-0 0 00000
2 09191 097.7370 116.237  0000000 000.0000 141.5850 15.01920000000000
1 09191U          19304.61388889  .00000000  00000-0  00000-0 0 00000
2 09191 097.7370 116.511  0000000 000.0000 205.3360 15.01920000000000
1 09191U          19304.97013889  .00000000  00000-0  00000-0 0 00000
2 09191 097.7360 116.863  0000000 000.0000 329.0870 15.01920000000000
1 09191U          19305.36944444  .00000000  00000-0  00000-0 0 00000
2 09191 097.7360 117.256  0000000 000.0000 325.3370 15.01920000000000
1 09191U          19305.70972222  .00000000  00000-0  00000-0 0 00000
2 09191 097.7360 117.592  0000000 000.0000 002.8380 15.01920000000000
1 09191U          19306.06527778  .00000000  00000-0  00000-0 0 00000
2 09191 097.7350 117.942  0000000 000.0000 122.8380 15.01920000000000
1 09191U          19306.26736111  .00000000  00000-0  00000-0 0 00000
2 09191 097.7350 118.141  0000000 000.0000 134.0890 15.01920000000000
1 09191U          19306.67708333  .00000000  00000-0  00000-0 0 00000
2 09191 097.7350 118.545  0000000 000.0000 186.5890 15.01920000000000
1 09191U          19307.05555556  .00000000  00000-0  00000-0 0 00000
2 09191 097.7340 118.918  0000000 000.0000 070.3400 15.01920000000000
1 09191U          19307.38750000  .00000000  00000-0  00000-0 0 00000
2 09191 097.7340 119.246  0000000 000.0000 062.8410 15.01920000000000
1 09191U          19307.71527778  .00000000  00000-0  00000-0 0 00000
2 09191 097.7340 119.569  0000000 000.0000 032.8410 15.01920000000000
1 09191U          19307.99791667  .00000000  00000-0  00000-0 0 00000
2 09191 097.7340 119.847  0000000 000.0000 119.0920 15.01920000000000
1 09191U          19308.38402778  .00000000  00000-0  00000-0 0 00000
2 09191 097.7330 120.228  0000000 000.0000 044.0920 15.01920000000000
1 09191U          19308.69583333  .00000000  00000-0  00000-0 0 00000
2 09191 097.7330 120.535  0000000 000.0000 287.8430 15.01920000000000
1 09191U          19309.01319444  .00000000  00000-0  00000-0 0 00000
2 09191 097.7330 120.848  0000000 000.0000 201.5930 15.01920000000000
1 09191U          19309.29236111  .00000000  00000-0  00000-0 0 00000
2 09191 097.7320 121.124  0000000 000.0000 269.0940 15.01920000000000
1 09191U          19309.59444444  .00000000  00000-0  00000-0 0 00000
2 09191 097.7320 121.421  0000000 000.0000 100.3440 15.01920000000000
1 09191U          19309.95416667  .00000000  00000-0  00000-0 0 00000
2 09191 097.7320 121.776  0000000 000.0000 242.8450 15.01920000000000
1 09191U          19310.39305556  .00000000  00000-0  00000-0 0 00000
2 09191 097.7310 122.209  0000000 000.0000 092.8460 15.01920000000000
1 09191U          19310.72013889  .00000000  00000-0  00000-0 0 00000
2 09191 097.7310 122.531  0000000 000.0000 059.0960 15.01920000000000
1 09191U          19311.06736111  .00000000  00000-0  00000-0 0 00000
2 09191 097.7310 122.873  0000000 000.0000 134.0970 15.01920000000000
1 09191U          19311.37847222  .00000000  00000-0  00000-0 0 00000
2 09191 097.7300 123.180  0000000 000.0000 014.0970 15.01920000000000
1 09191U          19311.60347222  .00000000  00000-0  00000-0 0 00000
2 09191 097.7300 123.402  0000000 000.0000 149.0970 15.01920000000000
1 09191U          19311.95069444  .00000000  00000-0  00000-0 0 00000
2 09191 097.7230 123.736  0020280 069.6420 155.0310 15.03393300000000
1 09191U          19312.15000000  .00000000  00000-0  00000-0 0 00000
2 09191 097.7260 123.932  0019110 070.4770 151.5260 15.03129400000000
1 09191U          19312.64444444  .00000000  00000-0  00000-0 0 00000
2 09191 097.7210 124.424  0020960 082.6310 292.0510 15.00771800000000
1 09191U          19312.87083333  .00000000  00000-0  00000-0 0 00000
2 09191 097.7200 124.652  0021250 092.0520 066.3150 15.01229100000000
1 09191U          19313.17291667  .00000000  00000-0  00000-0 0 00000
2 09191 097.7210 124.946  0016260 076.6060 274.6750 15.00550900000000
1 09191U          19313.53125000  .00000000  00000-0  00000-0 0 00000
2 09191 097.7230 125.305  0016320 055.1880 073.0250 15.04157700000000
1 09191U          19313.96527778  .00000000  00000-0  00000-0 0 00000
2 09191 097.7210 125.731  0021010 112.1350 202.2120 15.03519400000000
1 09191U          19314.21458333  .00000000  00000-0  00000-0 0 00000
2 09191 097.7250 125.966  0019410 068.6180 153.4590 15.03140600000000
1 09191U          19314.51180556  .00000000  00000-0  00000-0 0 00000
2 09191 097.7170 126.262  0021040 094.6640 294.0420 15.01787900000000
1 09191U          19314.88680556  .00000000  00000-0  00000-0 0 00000
2 09191 097.7270 126.632  0033690 078.7940 176.9610 15.06101100000000
1 09191U          19315.21875000  .00000000  00000-0  00000-0 0 00000
2 09191 097.7280 126.958  0032169 074.9830 175.0990 15.05795000000000
1 09191U          19315.58958333  .00000000  00000-0  00000-0 0 00000
2 09191 097.7260 127.330  0002790 002.8490 091.7020 15.06445300000000
1 09191U          19315.94027778  .00000000  00000-0  00000-0 0 00000
2 09191 097.7150 127.671  0015510 101.8360 088.4220 15.00586700000000
1 09191U          19316.15902778  .00000000  00000-0  00000-0 0 00000
2 09191 097.7260 127.891  0030570 105.0100 187.6240 15.05559900000000
1 09191U          19316.59930556  .00000000  00000-0  00000-0 0 00000
2 09191 097.7170 128.327  0021040 082.4860 070.0590 15.01680700000000
1 09191U          19316.91527778  .00000000  00000-0  00000-0 0 00000
2 09191 097.7220 128.628  0012170 135.2610 285.3730 15.05020100000000
1 09191U          19317.30208333  .00000000  00000-0  00000-0 0 00000
2 09191 097.7170 129.016  0016469 073.2390 278.1910 15.00533400000000
1 09191U          19317.62291667  .00000000  00000-0  00000-0 0 00000
2 09191 097.7240 129.334  0032970 098.9380 186.7040 15.06018100000000
1 09191U          19317.90694444  .00000000  00000-0  00000-0 0 00000
2 09191 097.7150 129.607  0021090 085.1640 295.8400 15.01141400000000
1 09191U          19318.28680556  .00000000  00000-0  00000-0 0 00000
2 09191 097.7270 129.985  0035160 091.3540 182.9040 15.06411300000000
1 09191U          19318.53333333  .00000000  00000-0  00000-0 0 00000
2 09191 097.7120 130.231  0020439 093.5730 073.2480 15.00719800000000
1 09191U          19318.88680556  .00000000  00000-0  00000-0 0 00000
2 09191 097.7240 130.577  0034670 093.1740 184.3300 15.06359200000000
1 09191U          19318.94513889  .00000000  00000-0  00000-0 0 00000
2 09191 097.7180 130.629  0024900 064.5120 168.3740 15.04231500000000
1 09191U          19319.17013889  .00000000  00000-0  00000-0 0 00000
2 09191 097.7150 130.851  0015270 267.8870 094.8340 14.89354600000000
1 09191U          19319.63125000  .00000000  00000-0  00000-0 0 00000
2 09191 097.7150 131.312  0008440 200.7320 131.9740 15.05162400000000
1 09191U          19319.93750000  .00000000  00000-0  00000-0 0 00000
2 09191 097.7110 131.608  0026490 151.4790 040.3880 14.99627200000000
1 09191U          19320.27222222  .00000000  00000-0  00000-0 0 00000
2 09191 097.7150 131.933  0001060 158.0820 035.5520 14.93999100000000
1 09191U          19320.50555556  .00000000  00000-0  00000-0 0 00000
2 09191 097.7100 132.164  0026000 100.5370 268.9670 14.99003900000000
1 09191U          19320.90069444  .00000000  00000-0  00000-0 0 00000
2 09191 097.7120 132.556  0012830 107.2830 238.5160 15.01160500000000
1 09191U          19321.29791667  .00000000  00000-0  00000-0 0 00000
2 09191 097.7160 132.950  0014590 122.7640 210.7410 15.02022300000000
1 09191U          19321.64236111  .00000000  00000-0  00000-0 0 00000
2 09191 097.7150 133.281  0020430 121.8820 274.0820 15.02862600000000
1 09191U          19321.93958333  .00000000  00000-0  00000-0 0 00000
2 09191 097.7100 133.574  0021079 130.7790 072.1590 14.99777000000000
1 09191U          19322.28680556  .00000000  00000-0  00000-0 0 00000
2 09191 097.7230 133.916  0018170 067.0300 203.0570 14.98256600000000
1 09191U          19322.60625000  .00000000  00000-0  00000-0 0 00000
2 09191 097.7110 134.229  0011500 166.3520 029.7020 15.02938000000000
1 09191U          19322.94513889  .00000000  00000-0  00000-0 0 00000
2 09191 097.7140 134.560  0009780 092.8510 137.6240 15.06092700000000
1 09191U          19323.25208333  .00000000  00000-0  00000-0 0 00000
2 09191 097.7210 134.867  0017770 252.7330 196.5940 15.01133400000000
1 09191U          19323.49305556  .00000000  00000-0  00000-0 0 00000
2 09191 097.7140 135.110  0015000 158.1240 149.1180 14.98918500000000
1 09191U          19323.93125000  .00000000  00000-0  00000-0 0 00000
2 09191 097.7090 135.537  0016019 107.0250 041.2100 15.02908100000000
1 09191U          19324.23611111  .00000000  00000-0  00000-0 0 00000
2 09191 097.7100 135.833  0012760 106.1260 250.9630 15.01235900000000
1 09191U          19324.51458333  .00000000  00000-0  00000-0 0 00000
2 09191 097.7130 136.105  0017430 169.7690 253.4680 15.06042000000000
1 09191U          19324.97222222  .00000000  00000-0  00000-0 0 00000
2 09191 097.7060 136.555  0017690 112.1910 266.1360 15.01829600000000
1 09191U          19325.28750000  .00000000  00000-0  00000-0 0 00000
2 09191 097.7190 136.869  0020730 100.0020 178.3300 15.00010400000000
1 09191U          19325.48472222  .00000000  00000-0  00000-0 0 00000
2 09191 097.7140 137.060  0020559 076.4850 183.4940 14.99925200000000
1 09191U          19325.89583333  .00000000  00000-0  00000-0 0 00000
2 09191 097.7100 137.469  0007760 287.3760 032.0020 15.04773700000000
1 09191U          19325.90347222  .00000000  00000-0  00000-0 0 00000
2 09191 097.7050 137.472  0015450 332.9500 027.8270 15.02143700000000
1 09191U          19326.28472222  .00000000  00000-0  00000-0 0 00000
2 09191 097.7180 137.847  0015110 042.1870 221.8680 15.08217900000000
1 09191U          19326.51458333  .00000000  00000-0  00000-0 0 00000
2 09191 097.7110 138.074  0020770 310.7180 117.2310 15.04238000000000
1 09191U          19326.97500000  .00000000  00000-0  00000-0 0 00000
2 09191 097.7040 138.520  0001920 040.0030 348.0700 14.96361200000000
1 09191U          19327.24236111  .00000000  00000-0  00000-0 0 00000
2 09191 097.7080 138.783  0023560 134.5430 253.7970 15.01611900000000
1 09191U          19327.49166667  .00000000  00000-0  00000-0 0 00000
2 09191 097.7090 139.039  0024359 139.1190 158.3830 15.07151200000000
1 09191U          19327.94861111  .00000000  00000-0  00000-0 0 00000
2 09191 097.7100 139.482  0019949 095.1380 155.7030 15.07811900000000
1 09191U          19328.18055556  .00000000  00000-0  00000-0 0 00000
2 09191 097.7120 139.708  0014100 238.2250 183.3140 14.98395600000000
1 09191U          19328.50625000  .00000000  00000-0  00000-0 0 00000
2 09191 097.7000 140.030  0004350 000.1920 014.0890 14.94143500000000
1 09191U          19328.91319444  .00000000  00000-0  00000-0 0 00000
2 09191 097.7070 140.427  0019070 186.7370 228.6530 15.06935600000000
1 09191U          19329.17361111  .00000000  00000-0  00000-0 0 00000
2 09191 097.7040 140.685  0012930 143.3650 241.9520 15.03910000000000
1 09191U          19329.55694444  .00000000  00000-0  00000-0 0 00000
2 09191 097.7070 141.071  0017230 138.9130 154.3180 15.00193000000000
1 09191U          19329.85833333  .00000000  00000-0  00000-0 0 00000
2 09191 097.7090 141.364  0011370 291.1620 185.4670 14.99902700000000
1 09191U          19330.21250000  .00000000  00000-0  00000-0 0 00000
2 09191 097.7070 141.703  0014840 091.1970 137.2530 15.04806600000000
1 09191U          19330.48541667  .00000000  00000-0  00000-0 0 00000
2 09191 097.7070 141.978  0030109 101.8980 162.7210 15.07384800000000
1 09191U          19330.95694444  .00000000  00000-0  00000-0 0 00000
2 09191 097.7050 142.447  0029190 127.5030 167.5650 15.06360000000000
1 09191U          19331.21388889  .00000000  00000-0  00000-0 0 00000
2 09191 097.7090 142.692  0017600 047.6250 195.6630 14.98394000000000
1 09191U          19331.51111111  .00000000  00000-0  00000-0 0 00000
2 09191 097.7000 142.983  0004920 150.4340 252.1870 14.96325300000000
1 09191U          19331.97638889  .00000000  00000-0  00000-0 0 00000
2 09191 097.6990 143.439  0003400 211.4960 186.1940 15.07078400000000
1 09191U          19332.23402778  .00000000  00000-0  00000-0 0 00000
2 09191 097.6990 143.701  0009200 346.1260 006.5070 14.95212200000000
1 09191U          19332.61111111  .00000000  00000-0  00000-0 0 00000
2 09191 097.7020 144.064  0012230 001.2270 222.6030 14.97967600000000
1 09191U          19332.89583333  .00000000  00000-0  00000-0 0 00000
2 09191 097.7010 144.352  0002940 184.1520 133.2080 14.97905400000000
