1 09356U          19282.08263889  .00000000  00000-0  00000-0 0 00000
2 09356 097.7330 120.019  0000000 000.0000 196.0190 15.01920000000000
1 09356U          19282.37083333  .00000000  00000-0  00000-0 0 00000
2 09356 097.7330 120.304  0000000 000.0000 312.2700 15.01920000000000
1 09356U          19282.71041667  .00000000  00000-0  00000-0 0 00000
2 09356 097.7330 120.638  0000000 000.0000 346.0200 15.01920000000000
1 09356U          19282.93194444  .00000000  00000-0  00000-0 0 00000
2 09356 097.7330 120.857  0000000 000.0000 102.2710 15.01920000000000
1 09356U          19283.29930556  .00000000  00000-0  00000-0 0 00000
2 09356 097.7320 121.219  0000000 000.0000 286.0210 15.01920000000000
1 09356U          19283.60972222  .00000000  00000-0  00000-0 0 00000
2 09356 097.7320 121.525  0000000 000.0000 162.2720 15.01920000000000
1 09356U          19283.91666667  .00000000  00000-0  00000-0 0 00000
2 09356 097.7320 121.827  0000000 000.0000 019.7720 15.01920000000000
1 09356U          19284.36041667  .00000000  00000-0  00000-0 0 00000
2 09356 097.7310 122.265  0000000 000.0000 256.0230 15.01920000000000
1 09356U          19284.68888889  .00000000  00000-0  00000-0 0 00000
2 09356 097.7310 122.589  0000000 000.0000 229.7740 15.01920000000000
1 09356U          19284.93402778  .00000000  00000-0  00000-0 0 00000
2 09356 097.7310 122.830  0000000 000.0000 113.5240 15.01920000000000
1 09356U          19285.26319444  .00000000  00000-0  00000-0 0 00000
2 09356 097.7300 123.155  0000000 000.0000 091.0250 15.01920000000000
1 09356U          19285.64722222  .00000000  00000-0  00000-0 0 00000
2 09356 097.7300 123.533  0000000 000.0000 004.7750 15.01920000000000
1 09356U          19286.06527778  .00000000  00000-0  00000-0 0 00000
2 09356 097.7290 123.946  0000000 000.0000 102.2760 15.01920000000000
1 09356U          19286.31736111  .00000000  00000-0  00000-0 0 00000
2 09356 097.7290 124.194  0000000 000.0000 023.5260 15.01920000000000
1 09356U          19286.66736111  .00000000  00000-0  00000-0 0 00000
2 09356 097.7290 124.539  0000000 000.0000 113.5270 15.01920000000000
1 09356U          19287.03055556  .00000000  00000-0  00000-0 0 00000
2 09356 097.7280 124.897  0000000 000.0000 274.7770 15.01920000000000
1 09356U          19287.33541667  .00000000  00000-0  00000-0 0 00000
2 09356 097.7280 125.198  0000000 000.0000 121.0280 15.01920000000000
1 09356U          19287.66180556  .00000000  00000-0  00000-0 0 00000
2 09356 097.7280 125.519  0000000 000.0000 083.5280 15.01920000000000
1 09356U          19288.06597222  .00000000  00000-0  00000-0 0 00000
2 09356 097.7270 125.918  0000000 000.0000 106.0290 15.01920000000000
1 09356U          19288.40347222  .00000000  00000-0  00000-0 0 00000
2 09356 097.7270 126.251  0000000 000.0000 128.5300 15.01920000000000
1 09356U          19288.73819444  .00000000  00000-0  00000-0 0 00000
2 09356 097.7270 126.581  0000000 000.0000 136.0300 15.01920000000000
1 09356U          19288.95486111  .00000000  00000-0  00000-0 0 00000
2 09356 097.7260 126.794  0000000 000.0000 226.0300 15.01920000000000
1 09356U          19289.37847222  .00000000  00000-0  00000-0 0 00000
2 09356 097.7260 127.212  0000000 000.0000 353.5310 15.01920000000000
1 09356U          19289.65486111  .00000000  00000-0  00000-0 0 00000
2 09356 097.7260 127.484  0000000 000.0000 046.0320 15.01920000000000
1 09356U          19289.93958333  .00000000  00000-0  00000-0 0 00000
2 09356 097.7250 127.765  0000000 000.0000 143.5320 15.01920000000000
1 09356U          19290.37152778  .00000000  00000-0  00000-0 0 00000
2 09356 097.7250 128.191  0000000 000.0000 316.0330 15.01920000000000
1 09356U          19290.66944444  .00000000  00000-0  00000-0 0 00000
2 09356 097.7240 128.484  0000000 000.0000 124.7830 15.01920000000000
1 09356U          19290.93263889  .00000000  00000-0  00000-0 0 00000
2 09356 097.7240 128.744  0000000 000.0000 106.0330 15.01920000000000
1 09356U          19291.28611111  .00000000  00000-0  00000-0 0 00000
2 09356 097.7240 129.092  0000000 000.0000 214.7840 15.01920000000000
1 09356U          19291.65555556  .00000000  00000-0  00000-0 0 00000
2 09356 097.7230 129.457  0000000 000.0000 049.7850 15.01920000000000
1 09356U          19292.04583333  .00000000  00000-0  00000-0 0 00000
2 09356 097.7230 129.841  0000000 000.0000 357.2850 15.01920000000000
1 09356U          19292.25069444  .00000000  00000-0  00000-0 0 00000
2 09356 097.7230 130.043  0000000 000.0000 023.5350 15.01920000000000
1 09356U          19292.65555556  .00000000  00000-0  00000-0 0 00000
2 09356 097.7220 130.442  0000000 000.0000 049.7860 15.01920000000000
1 09356U          19292.98402778  .00000000  00000-0  00000-0 0 00000
2 09356 097.7220 130.766  0000000 000.0000 023.5360 15.01920000000000
1 09356U          19293.37847222  .00000000  00000-0  00000-0 0 00000
2 09356 097.7210 131.155  0000000 000.0000 353.5370 15.01920000000000
1 09356U          19293.73194444  .00000000  00000-0  00000-0 0 00000
2 09356 097.7210 131.503  0000000 000.0000 102.2880 15.01920000000000
1 09356U          19294.01180556  .00000000  00000-0  00000-0 0 00000
2 09356 097.7200 131.779  0000000 000.0000 173.5380 15.01920000000000
1 09356U          19294.36736111  .00000000  00000-0  00000-0 0 00000
2 09356 097.7200 132.130  0000000 000.0000 293.5380 15.01920000000000
1 09356U          19294.65277778  .00000000  00000-0  00000-0 0 00000
2 09356 097.7200 132.411  0000000 000.0000 034.7890 15.01920000000000
1 09356U          19295.06597222  .00000000  00000-0  00000-0 0 00000
2 09356 097.7190 132.818  0000000 000.0000 106.0390 15.01920000000000
1 09356U          19295.26319444  .00000000  00000-0  00000-0 0 00000
2 09356 097.7190 133.013  0000000 000.0000 091.0400 15.01920000000000
1 09356U          19295.69861111  .00000000  00000-0  00000-0 0 00000
2 09356 097.7180 133.442  0000000 000.0000 282.2900 15.01920000000000
1 09356U          19296.06319444  .00000000  00000-0  00000-0 0 00000
2 09356 097.7180 133.802  0000000 000.0000 091.0410 15.01920000000000
1 09356U          19296.32569444  .00000000  00000-0  00000-0 0 00000
2 09356 097.7170 134.060  0000000 000.0000 068.5410 15.01920000000000
1 09356U          19296.58541667  .00000000  00000-0  00000-0 0 00000
2 09356 097.7170 134.316  0000000 000.0000 031.0420 15.01920000000000
1 09356U          19296.97777778  .00000000  00000-0  00000-0 0 00000
2 09356 097.7170 134.703  0000000 000.0000 349.7920 15.01920000000000
1 09356U          19297.28888889  .00000000  00000-0  00000-0 0 00000
2 09356 097.7160 135.010  0000000 000.0000 229.7930 15.01920000000000
1 09356U          19297.62013889  .00000000  00000-0  00000-0 0 00000
2 09356 097.7160 135.336  0000000 000.0000 218.5430 15.01920000000000
1 09356U          19298.00902778  .00000000  00000-0  00000-0 0 00000
2 09356 097.7150 135.720  0000000 000.0000 158.5430 15.01920000000000
1 09356U          19298.25277778  .00000000  00000-0  00000-0 0 00000
2 09356 097.7150 135.960  0000000 000.0000 034.7940 15.01920000000000
1 09356U          19298.62430556  .00000000  00000-0  00000-0 0 00000
2 09356 097.7140 136.326  0000000 000.0000 241.0440 15.01920000000000
1 09356U          19298.93819444  .00000000  00000-0  00000-0 0 00000
2 09356 097.7140 136.636  0000000 000.0000 136.0450 15.01920000000000
1 09356U          19299.29652778  .00000000  00000-0  00000-0 0 00000
2 09356 097.7130 136.989  0000000 000.0000 271.0450 15.01920000000000
1 09356U          19299.64375000  .00000000  00000-0  00000-0 0 00000
2 09356 097.7130 137.331  0000000 000.0000 346.0460 15.01920000000000
1 09356U          19300.07291667  .00000000  00000-0  00000-0 0 00000
2 09356 097.7120 137.754  0000000 000.0000 143.5460 15.01920000000000
1 09356U          19300.37916667  .00000000  00000-0  00000-0 0 00000
2 09356 097.7120 138.056  0000000 000.0000 357.2970 15.01920000000000
1 09356U          19300.59583333  .00000000  00000-0  00000-0 0 00000
2 09356 097.7120 138.270  0000000 000.0000 087.2970 15.01920000000000
1 09356U          19301.05763889  .00000000  00000-0  00000-0 0 00000
2 09356 097.7110 138.725  0000000 000.0000 061.0470 15.01920000000000
1 09356U          19301.34097222  .00000000  00000-0  00000-0 0 00000
2 09356 097.7110 139.004  0000000 000.0000 151.0480 15.01920000000000
1 09356U          19301.71875000  .00000000  00000-0  00000-0 0 00000
2 09356 097.7100 139.377  0000000 000.0000 031.0480 15.01920000000000
1 09356U          19301.95416667  .00000000  00000-0  00000-0 0 00000
2 09356 097.7100 139.609  0000000 000.0000 222.2990 15.01920000000000
1 09356U          19302.37361111  .00000000  00000-0  00000-0 0 00000
2 09356 097.7090 140.022  0000000 000.0000 327.2990 15.01920000000000
1 09356U          19302.63333333  .00000000  00000-0  00000-0 0 00000
2 09356 097.7090 140.278  0000000 000.0000 289.7990 15.01920000000000
1 09356U          19303.02152778  .00000000  00000-0  00000-0 0 00000
2 09356 097.7080 140.661  0000000 000.0000 226.0500 15.01920000000000
1 09356U          19303.29930556  .00000000  00000-0  00000-0 0 00000
2 09356 097.7080 140.935  0000000 000.0000 286.0500 15.01920000000000
1 09356U          19303.68125000  .00000000  00000-0  00000-0 0 00000
2 09356 097.7070 141.311  0000000 000.0000 188.5510 15.01920000000000
1 09356U          19304.07500000  .00000000  00000-0  00000-0 0 00000
2 09356 097.7070 141.699  0000000 000.0000 154.8010 15.01920000000000
1 09356U          19304.28680556  .00000000  00000-0  00000-0 0 00000
2 09356 097.7060 141.908  0000000 000.0000 218.5510 15.01920000000000
1 09356U          19304.69236111  .00000000  00000-0  00000-0 0 00000
2 09356 097.7060 142.308  0000000 000.0000 248.5520 15.01920000000000
1 09356U          19305.07500000  .00000000  00000-0  00000-0 0 00000
2 09356 097.7050 142.685  0000000 000.0000 154.8020 15.01920000000000
1 09356U          19305.31736111  .00000000  00000-0  00000-0 0 00000
2 09356 097.7050 142.924  0000000 000.0000 023.5530 15.01920000000000
1 09356U          19305.74305556  .00000000  00000-0  00000-0 0 00000
2 09356 097.7040 143.344  0000000 000.0000 162.3030 15.01920000000000
1 09356U          19305.94236111  .00000000  00000-0  00000-0 0 00000
2 09356 097.7040 143.540  0000000 000.0000 158.5530 15.01920000000000
1 09356U          19306.31111111  .00000000  00000-0  00000-0 0 00000
2 09356 097.7030 143.904  0000000 000.0000 349.8040 15.01920000000000
1 09356U          19306.66388889  .00000000  00000-0  00000-0 0 00000
2 09356 097.7030 144.251  0000000 000.0000 094.8040 15.01920000000000
1 09356U          19307.06597222  .00000000  00000-0  00000-0 0 00000
2 09356 097.7020 144.648  0000000 000.0000 106.0550 15.01920000000000
1 09356U          19307.40555556  .00000000  00000-0  00000-0 0 00000
2 09356 097.7020 144.982  0000000 000.0000 139.8050 15.01920000000000
1 09356U          19307.63402778  .00000000  00000-0  00000-0 0 00000
2 09356 097.7010 145.208  0000000 000.0000 293.5550 15.01920000000000
1 09356U          19307.92569444  .00000000  00000-0  00000-0 0 00000
2 09356 097.7010 145.495  0000000 000.0000 068.5560 15.01920000000000
1 09356U          19308.35277778  .00000000  00000-0  00000-0 0 00000
2 09356 097.7000 145.916  0000000 000.0000 214.8060 15.01920000000000
1 09356U          19308.71875000  .00000000  00000-0  00000-0 0 00000
2 09356 097.7000 146.277  0000000 000.0000 031.0560 15.01920000000000
1 09356U          19309.05347222  .00000000  00000-0  00000-0 0 00000
2 09356 097.6990 146.607  0000000 000.0000 038.5570 15.01920000000000
1 09356U          19309.29375000  .00000000  00000-0  00000-0 0 00000
2 09356 097.6990 146.844  0000000 000.0000 256.0570 15.01920000000000
1 09356U          19309.59305556  .00000000  00000-0  00000-0 0 00000
2 09356 097.6980 147.139  0000000 000.0000 072.3070 15.01920000000000
1 09356U          19310.05625000  .00000000  00000-0  00000-0 0 00000
2 09356 097.6980 147.595  0000000 000.0000 053.5580 15.01920000000000
1 09356U          19310.32708333  .00000000  00000-0  00000-0 0 00000
2 09356 097.6970 147.862  0000000 000.0000 076.0580 15.01920000000000
1 09356U          19310.72430556  .00000000  00000-0  00000-0 0 00000
2 09356 097.6970 148.254  0000000 000.0000 061.0590 15.01920000000000
1 09356U          19310.94791667  .00000000  00000-0  00000-0 0 00000
2 09356 097.6960 148.474  0000000 000.0000 188.5590 15.01920000000000
1 09356U          19311.27916667  .00000000  00000-0  00000-0 0 00000
2 09356 097.6960 148.801  0000000 000.0000 177.3090 15.01920000000000
1 09356U          19311.69583333  .00000000  00000-0  00000-0 0 00000
2 09356 097.6950 149.212  0000000 000.0000 267.3090 15.01920000000000
1 09356U          19311.92708333  .00000000  00000-0  00000-0 0 00000
2 09356 097.6950 149.440  0000000 000.0000 076.0600 15.01914300000000
1 09356U          19312.23958333  .00000000  00000-0  00000-0 0 00000
2 09356 097.6940 149.748  0000000 000.0000 323.5600 15.01914300000000
1 09356U          19312.49444444  .00000000  00000-0  00000-0 0 00000
2 09356 097.6940 149.999  0000000 000.0000 259.8100 15.01914300000000
1 09356U          19312.87569444  .00000000  00000-0  00000-0 0 00000
2 09356 097.6930 150.375  0000000 000.0000 158.5610 15.01914300000000
1 09356U          19313.24722222  .00000000  00000-0  00000-0 0 00000
2 09356 097.6920 150.741  0000000 000.0000 004.8110 15.01914300000000
1 09356U          19313.63055556  .00000000  00000-0  00000-0 0 00000
2 09356 097.6920 151.119  0000000 000.0000 274.8110 15.01914300000000
1 09356U          19313.95416667  .00000000  00000-0  00000-0 0 00000
2 09356 097.6910 151.438  0000000 000.0000 222.3120 15.01914300000000
1 09356U          19314.15625000  .00000000  00000-0  00000-0 0 00000
2 09356 097.6910 151.637  0000000 000.0000 233.5620 15.01914300000000
1 09356U          19314.55902778  .00000000  00000-0  00000-0 0 00000
2 09356 097.6900 152.034  0000000 000.0000 248.5620 15.01914300000000
1 09356U          19314.83125000  .00000000  00000-0  00000-0 0 00000
2 09356 097.6900 152.302  0000000 000.0000 278.5620 15.01914300000000
1 09356U          19315.17638889  .00000000  00000-0  00000-0 0 00000
2 09356 097.6890 152.642  0000000 000.0000 342.3130 15.01914300000000
1 09356U          19315.62361111  .00000000  00000-0  00000-0 0 00000
2 09356 097.6890 153.083  0000000 000.0000 237.3130 15.01914300000000
1 09356U          19315.97083333  .00000000  00000-0  00000-0 0 00000
2 09356 097.6880 153.426  0000000 000.0000 312.3130 15.01914300000000
1 09356U          19316.26319444  .00000000  00000-0  00000-0 0 00000
2 09356 097.6870 153.714  0000000 000.0000 091.0640 15.01914300000000
1 09356U          19316.54305556  .00000000  00000-0  00000-0 0 00000
2 09356 097.6870 153.990  0000000 000.0000 162.3140 15.01914300000000
1 09356U          19316.94097222  .00000000  00000-0  00000-0 0 00000
2 09356 097.6860 154.382  0000000 000.0000 151.0640 15.01914300000000
1 09356U          19317.29930556  .00000000  00000-0  00000-0 0 00000
2 09356 097.6860 154.735  0000000 000.0000 286.0650 15.01914300000000
1 09356U          19317.53333333  .00000000  00000-0  00000-0 0 00000
2 09356 097.6850 154.966  0000000 000.0000 109.8150 15.01914300000000
1 09356U          19317.82222222  .00000000  00000-0  00000-0 0 00000
2 09356 097.6850 155.251  0000000 000.0000 229.8150 15.01914300000000
1 09356U          19318.25902778  .00000000  00000-0  00000-0 0 00000
2 09356 097.6840 155.681  0000000 000.0000 068.5650 15.01914300000000
1 09356U          19318.52152778  .00000000  00000-0  00000-0 0 00000
2 09356 097.6840 155.940  0000000 000.0000 046.0660 15.01914300000000
1 09356U          19318.82847222  .00000000  00000-0  00000-0 0 00000
2 09356 097.6830 156.242  0000000 000.0000 263.5660 15.01914300000000
1 09356U          19318.89583333  .00000000  00000-0  00000-0 0 00000
2 09356 097.6830 156.309  0000000 000.0000 267.3160 15.01914300000000
1 09356U          19319.16736111  .00000000  00000-0  00000-0 0 00000
2 09356 097.6830 156.576  0000000 000.0000 293.5660 15.01914300000000
1 09356U          19319.63888889  .00000000  00000-0  00000-0 0 00000
2 09356 097.6820 157.041  0000000 000.0000 319.8160 15.01914300000000
1 09356U          19319.90347222  .00000000  00000-0  00000-0 0 00000
2 09356 097.6810 157.302  0000000 000.0000 308.5670 15.01914300000000
1 09356U          19320.24375000  .00000000  00000-0  00000-0 0 00000
2 09356 097.6810 157.637  0000000 000.0000 346.0670 15.01914300000000
1 09356U          19320.64027778  .00000000  00000-0  00000-0 0 00000
2 09356 097.6800 158.028  0000000 000.0000 327.3170 15.01914300000000
1 09356U          19320.92083333  .00000000  00000-0  00000-0 0 00000
2 09356 097.6800 158.305  0000000 000.0000 042.3170 15.01914300000000
1 09356U          19321.21250000  .00000000  00000-0  00000-0 0 00000
2 09356 097.6790 158.592  0000000 000.0000 177.3180 15.01914300000000
1 09356U          19321.50625000  .00000000  00000-0  00000-0 0 00000
2 09356 097.6790 158.882  0000000 000.0000 323.5680 15.01914300000000
1 09356U          19321.85972222  .00000000  00000-0  00000-0 0 00000
2 09356 097.6780 159.230  0000000 000.0000 072.3180 15.01914300000000
1 09356U          19322.28055556  .00000000  00000-0  00000-0 0 00000
2 09356 097.6770 159.645  0000000 000.0000 184.8180 15.01914300000000
1 09356U          19322.51944444  .00000000  00000-0  00000-0 0 00000
2 09356 097.6770 159.881  0000000 000.0000 034.8190 15.01914300000000
1 09356U          19322.94444444  .00000000  00000-0  00000-0 0 00000
2 09356 097.6760 160.300  0000000 000.0000 169.8190 15.01914300000000
1 09356U          19323.17777778  .00000000  00000-0  00000-0 0 00000
2 09356 097.6760 160.530  0000000 000.0000 349.8190 15.01914300000000
1 09356U          19323.48611111  .00000000  00000-0  00000-0 0 00000
2 09356 097.6750 160.833  0000000 000.0000 214.8190 15.01914300000000
1 09356U          19323.97500000  .00000000  00000-0  00000-0 0 00000
2 09356 097.6740 161.315  0000000 000.0000 334.8190 15.01914300000000
1 09356U          19324.17638889  .00000000  00000-0  00000-0 0 00000
2 09356 097.6740 161.514  0000000 000.0000 342.3200 15.01914300000000
1 09356U          19324.59930556  .00000000  00000-0  00000-0 0 00000
2 09356 097.6730 161.931  0000000 000.0000 106.0700 15.01914300000000
1 09356U          19324.91527778  .00000000  00000-0  00000-0 0 00000
2 09356 097.6730 162.242  0000000 000.0000 012.3200 15.01914300000000
1 09356U          19325.19236111  .00000000  00000-0  00000-0 0 00000
2 09356 097.6720 162.515  0000000 000.0000 068.5700 15.01914300000000
1 09356U          19325.61388889  .00000000  00000-0  00000-0 0 00000
2 09356 097.6710 162.931  0000000 000.0000 184.8200 15.01914300000000
1 09356U          19325.89583333  .00000000  00000-0  00000-0 0 00000
2 09356 097.6710 163.209  0000000 000.0000 267.3210 15.01914300000000
1 09356U          19325.95208333  .00000000  00000-0  00000-0 0 00000
2 09356 097.6610 163.260  0091330 264.0530 307.8350 15.13437200000000
1 09356U          19326.25486111  .00000000  00000-0  00000-0 0 00000
2 09356 097.6700 163.573  0035180 254.3880 183.7260 15.34042100000000
1 09356U          19326.48263889  .00000000  00000-0  00000-0 0 00000
2 09356 097.6660 163.806  0004420 309.9220 302.1470 15.33757500000000
1 09356U          19326.82361111  .00000000  00000-0  00000-0 0 00000
2 09356 097.6610 164.165  0021990 249.0760 079.9810 15.29669800000000
1 09356U          19327.24305556  .00000000  00000-0  00000-0 0 00000
2 09356 097.6660 164.595  0027240 277.4510 200.6870 15.32969000000000
1 09356U          19327.58541667  .00000000  00000-0  00000-0 0 00000
2 09356 097.6560 164.941  0021450 252.8590 310.1100 15.28971200000000
1 09356U          19327.84236111  .00000000  00000-0  00000-0 0 00000
2 09356 097.6570 165.208  0020130 234.9120 302.5250 15.28044400000000
1 09356U          19328.30138889  .00000000  00000-0  00000-0 0 00000
2 09356 097.6560 165.678  0021870 234.3000 310.1560 15.28049800000000
1 09356U          19328.57638889  .00000000  00000-0  00000-0 0 00000
2 09356 097.6610 165.961  0002820 181.1020 077.2850 15.34119900000000
1 09356U          19328.94791667  .00000000  00000-0  00000-0 0 00000
2 09356 097.6550 166.349  0015550 256.1710 247.4630 15.30305200000000
1 09356U          19329.25486111  .00000000  00000-0  00000-0 0 00000
2 09356 097.6560 166.653  0019500 225.9670 167.5440 15.29959500000000
1 09356U          19329.62083333  .00000000  00000-0  00000-0 0 00000
2 09356 097.6580 167.033  0003590 249.2530 358.9900 15.33502100000000
1 09356U          19329.91319444  .00000000  00000-0  00000-0 0 00000
2 09356 097.6580 167.330  0031040 229.3330 188.4330 15.32567100000000
1 09356U          19330.17986111  .00000000  00000-0  00000-0 0 00000
2 09356 097.6600 167.608  0036100 248.6350 197.1270 15.34313200000000
1 09356U          19330.55416667  .00000000  00000-0  00000-0 0 00000
2 09356 097.6470 167.998  0020260 244.7030 101.6670 15.28401600000000
1 09356U          19330.82361111  .00000000  00000-0  00000-0 0 00000
2 09356 097.6530 168.267  0019040 220.1720 169.6240 15.29630100000000
1 09356U          19331.23819444  .00000000  00000-0  00000-0 0 00000
2 09356 097.6510 168.701  0015990 226.9300 285.1390 15.29491500000000
1 09356U          19331.62916667  .00000000  00000-0  00000-0 0 00000
2 09356 097.6490 169.106  0015150 237.3540 267.1100 15.30249900000000
1 09356U          19331.86250000  .00000000  00000-0  00000-0 0 00000
2 09356 097.6480 169.341  0019730 239.7020 109.3610 15.28267000000000
1 09356U          19332.21041667  .00000000  00000-0  00000-0 0 00000
2 09356 097.6560 169.698  0031070 254.4710 209.9510 15.34026100000000
1 09356U          19332.57777778  .00000000  00000-0  00000-0 0 00000
2 09356 097.6450 170.081  0024860 220.5710 106.2570 15.29950700000000
1 09356U          19332.87569444  .00000000  00000-0  00000-0 0 00000
2 09356 097.6460 170.383  0021540 210.4650 316.5120 15.28412600000000
