1 95609U          19282.02500000  .00000000  00000-0  00000-0 0 00000
2 95609 097.6560 171.398  0000000 000.0000 299.6790 15.01920000000000
1 95609U          19282.34652778  .00000000  00000-0  00000-0 0 00000
2 95609 097.6550 171.715  0000000 000.0000 235.9300 15.01920000000000
1 95609U          19282.65208333  .00000000  00000-0  00000-0 0 00000
2 95609 097.6550 172.016  0000000 000.0000 085.9300 15.01920000000000
1 95609U          19283.00277778  .00000000  00000-0  00000-0 0 00000
2 95609 097.6540 172.362  0000000 000.0000 179.6800 15.01920000000000
1 95609U          19283.33055556  .00000000  00000-0  00000-0 0 00000
2 95609 097.6530 172.685  0000000 000.0000 149.6800 15.01920000000000
1 95609U          19283.60416667  .00000000  00000-0  00000-0 0 00000
2 95609 097.6530 172.955  0000000 000.0000 187.1800 15.01920000000000
1 95609U          19284.05972222  .00000000  00000-0  00000-0 0 00000
2 95609 097.6520 173.404  0000000 000.0000 127.1800 15.01920000000000
1 95609U          19284.32152778  .00000000  00000-0  00000-0 0 00000
2 95609 097.6510 173.662  0000000 000.0000 100.9300 15.01920000000000
1 95609U          19284.66805556  .00000000  00000-0  00000-0 0 00000
2 95609 097.6510 174.003  0000000 000.0000 172.1800 15.01920000000000
1 95609U          19285.05277778  .00000000  00000-0  00000-0 0 00000
2 95609 097.6500 174.382  0000000 000.0000 089.6800 15.01920000000000
1 95609U          19285.29791667  .00000000  00000-0  00000-0 0 00000
2 95609 097.6500 174.624  0000000 000.0000 333.4300 15.01920000000000
1 95609U          19285.61527778  .00000000  00000-0  00000-0 0 00000
2 95609 097.6490 174.937  0000000 000.0000 247.1800 15.01920000000000
1 95609U          19285.96388889  .00000000  00000-0  00000-0 0 00000
2 95609 097.6480 175.280  0000000 000.0000 329.6800 15.01920000000000
1 95609U          19286.28194444  .00000000  00000-0  00000-0 0 00000
2 95609 097.6480 175.594  0000000 000.0000 247.1800 15.01920000000000
1 95609U          19286.73611111  .00000000  00000-0  00000-0 0 00000
2 95609 097.6470 176.042  0000000 000.0000 179.6810 15.01920000000000
1 95609U          19286.99375000  .00000000  00000-0  00000-0 0 00000
2 95609 097.6470 176.296  0000000 000.0000 130.9310 15.01920000000000
1 95609U          19287.38819444  .00000000  00000-0  00000-0 0 00000
2 95609 097.6460 176.684  0000000 000.0000 100.9310 15.01920000000000
1 95609U          19287.74375000  .00000000  00000-0  00000-0 0 00000
2 95609 097.6450 177.035  0000000 000.0000 220.9310 15.01920000000000
1 95609U          19287.93333333  .00000000  00000-0  00000-0 0 00000
2 95609 097.6450 177.222  0000000 000.0000 164.6810 15.01920000000000
1 95609U          19288.25069444  .00000000  00000-0  00000-0 0 00000
2 95609 097.6440 177.534  0000000 000.0000 078.4310 15.01920000000000
1 95609U          19288.73472222  .00000000  00000-0  00000-0 0 00000
2 95609 097.6430 178.011  0000000 000.0000 172.1810 15.01920000000000
1 95609U          19289.06944444  .00000000  00000-0  00000-0 0 00000
2 95609 097.6430 178.341  0000000 000.0000 179.6810 15.01920000000000
1 95609U          19289.37847222  .00000000  00000-0  00000-0 0 00000
2 95609 097.6420 178.646  0000000 000.0000 048.4310 15.01920000000000
1 95609U          19289.68819444  .00000000  00000-0  00000-0 0 00000
2 95609 097.6420 178.951  0000000 000.0000 280.9310 15.01920000000000
1 95609U          19289.92500000  .00000000  00000-0  00000-0 0 00000
2 95609 097.6410 179.185  0000000 000.0000 119.6810 15.01920000000000
1 95609U          19290.26736111  .00000000  00000-0  00000-0 0 00000
2 95609 097.6400 179.522  0000000 000.0000 168.4310 15.01920000000000
1 95609U          19290.62777778  .00000000  00000-0  00000-0 0 00000
2 95609 097.6400 179.877  0000000 000.0000 314.6810 15.01920000000000
1 95609U          19291.03194444  .00000000  00000-0  00000-0 0 00000
2 95609 097.6390 180.276  0000000 000.0000 337.1810 15.01920000000000
1 95609U          19291.38055556  .00000000  00000-0  00000-0 0 00000
2 95609 097.6380 180.619  0000000 000.0000 059.6810 15.01920000000000
1 95609U          19291.67500000  .00000000  00000-0  00000-0 0 00000
2 95609 097.6380 180.909  0000000 000.0000 209.6810 15.01920000000000
1 95609U          19291.92152778  .00000000  00000-0  00000-0 0 00000
2 95609 097.6370 181.152  0000000 000.0000 100.9310 15.01920000000000
1 95609U          19292.40000000  .00000000  00000-0  00000-0 0 00000
2 95609 097.6360 181.624  0000000 000.0000 164.6810 15.01920000000000
1 95609U          19292.65694444  .00000000  00000-0  00000-0 0 00000
2 95609 097.6360 181.877  0000000 000.0000 112.1810 15.01920000000000
1 95609U          19292.95625000  .00000000  00000-0  00000-0 0 00000
2 95609 097.6350 182.172  0000000 000.0000 288.4310 15.01920000000000
1 95609U          19293.36666667  .00000000  00000-0  00000-0 0 00000
2 95609 097.6350 182.577  0000000 000.0000 344.6810 15.01920000000000
1 95609U          19293.61666667  .00000000  00000-0  00000-0 0 00000
2 95609 097.6340 182.823  0000000 000.0000 254.6810 15.01920000000000
1 95609U          19293.97083333  .00000000  00000-0  00000-0 0 00000
2 95609 097.6340 183.172  0000000 000.0000 007.1810 15.01920000000000
1 95609U          19294.34305556  .00000000  00000-0  00000-0 0 00000
2 95609 097.6330 183.539  0000000 000.0000 217.1810 15.01920000000000
1 95609U          19294.65416667  .00000000  00000-0  00000-0 0 00000
2 95609 097.6320 183.846  0000000 000.0000 097.1810 15.01920000000000
1 95609U          19295.05694444  .00000000  00000-0  00000-0 0 00000
2 95609 097.6320 184.243  0000000 000.0000 112.1810 15.01920000000000
1 95609U          19295.37430556  .00000000  00000-0  00000-0 0 00000
2 95609 097.6310 184.555  0000000 000.0000 025.9310 15.01920000000000
1 95609U          19295.70000000  .00000000  00000-0  00000-0 0 00000
2 95609 097.6300 184.876  0000000 000.0000 344.6810 15.01920000000000
1 95609U          19296.02777778  .00000000  00000-0  00000-0 0 00000
2 95609 097.6300 185.199  0000000 000.0000 314.6810 15.01920000000000
1 95609U          19296.30763889  .00000000  00000-0  00000-0 0 00000
2 95609 097.6290 185.475  0000000 000.0000 025.9310 15.01920000000000
1 95609U          19296.65902778  .00000000  00000-0  00000-0 0 00000
2 95609 097.6290 185.822  0000000 000.0000 123.4300 15.01920000000000
1 95609U          19297.04305556  .00000000  00000-0  00000-0 0 00000
2 95609 097.6280 186.200  0000000 000.0000 037.1800 15.01920000000000
1 95609U          19297.38055556  .00000000  00000-0  00000-0 0 00000
2 95609 097.6270 186.533  0000000 000.0000 059.6800 15.01920000000000
1 95609U          19297.60347222  .00000000  00000-0  00000-0 0 00000
2 95609 097.6270 186.752  0000000 000.0000 183.4300 15.01920000000000
1 95609U          19297.93263889  .00000000  00000-0  00000-0 0 00000
2 95609 097.6260 187.077  0000000 000.0000 160.9300 15.01920000000000
1 95609U          19298.26944444  .00000000  00000-0  00000-0 0 00000
2 95609 097.6260 187.409  0000000 000.0000 179.6800 15.01920000000000
1 95609U          19298.65902778  .00000000  00000-0  00000-0 0 00000
2 95609 097.6250 187.793  0000000 000.0000 123.4300 15.01920000000000
1 95609U          19298.93333333  .00000000  00000-0  00000-0 0 00000
2 95609 097.6240 188.063  0000000 000.0000 164.6800 15.01920000000000
1 95609U          19299.36250000  .00000000  00000-0  00000-0 0 00000
2 95609 097.6240 188.486  0000000 000.0000 322.1800 15.01920000000000
1 95609U          19299.68194444  .00000000  00000-0  00000-0 0 00000
2 95609 097.6230 188.801  0000000 000.0000 247.1800 15.01920000000000
1 95609U          19300.03888889  .00000000  00000-0  00000-0 0 00000
2 95609 097.6220 189.153  0000000 000.0000 014.6800 15.01920000000000
1 95609U          19300.35902778  .00000000  00000-0  00000-0 0 00000
2 95609 097.6220 189.468  0000000 000.0000 303.4300 15.01920000000000
1 95609U          19300.65069444  .00000000  00000-0  00000-0 0 00000
2 95609 097.6210 189.756  0000000 000.0000 078.4300 15.01920000000000
1 95609U          19301.05000000  .00000000  00000-0  00000-0 0 00000
2 95609 097.6200 190.149  0000000 000.0000 074.6790 15.01920000000000
1 95609U          19301.39930556  .00000000  00000-0  00000-0 0 00000
2 95609 097.6200 190.494  0000000 000.0000 160.9290 15.01920000000000
1 95609U          19301.61527778  .00000000  00000-0  00000-0 0 00000
2 95609 097.6190 190.706  0000000 000.0000 247.1790 15.01920000000000
1 95609U          19301.94375000  .00000000  00000-0  00000-0 0 00000
2 95609 097.6190 191.030  0000000 000.0000 220.9290 15.01920000000000
1 95609U          19302.40347222  .00000000  00000-0  00000-0 0 00000
2 95609 097.6180 191.483  0000000 000.0000 183.4290 15.01920000000000
1 95609U          19302.73819444  .00000000  00000-0  00000-0 0 00000
2 95609 097.6170 191.813  0000000 000.0000 190.9290 15.01920000000000
1 95609U          19302.93472222  .00000000  00000-0  00000-0 0 00000
2 95609 097.6170 192.007  0000000 000.0000 172.1790 15.01920000000000
1 95609U          19303.34722222  .00000000  00000-0  00000-0 0 00000
2 95609 097.6160 192.413  0000000 000.0000 239.6790 15.01920000000000
1 95609U          19303.68611111  .00000000  00000-0  00000-0 0 00000
2 95609 097.6160 192.747  0000000 000.0000 269.6790 15.01920000000000
1 95609U          19303.92083333  .00000000  00000-0  00000-0 0 00000
2 95609 097.6150 192.979  0000000 000.0000 097.1780 15.01920000000000
1 95609U          19304.31250000  .00000000  00000-0  00000-0 0 00000
2 95609 097.6150 193.365  0000000 000.0000 052.1780 15.01920000000000
1 95609U          19304.73888889  .00000000  00000-0  00000-0 0 00000
2 95609 097.6140 193.785  0000000 000.0000 194.6780 15.01920000000000
1 95609U          19304.98472222  .00000000  00000-0  00000-0 0 00000
2 95609 097.6130 194.027  0000000 000.0000 082.1780 15.01920000000000
1 95609U          19305.25972222  .00000000  00000-0  00000-0 0 00000
2 95609 097.6130 194.298  0000000 000.0000 127.1780 15.01920000000000
1 95609U          19305.59861111  .00000000  00000-0  00000-0 0 00000
2 95609 097.6120 194.632  0000000 000.0000 157.1780 15.01920000000000
1 95609U          19306.02222222  .00000000  00000-0  00000-0 0 00000
2 95609 097.6110 195.050  0000000 000.0000 284.6780 15.01920000000000
1 95609U          19306.36597222  .00000000  00000-0  00000-0 0 00000
2 95609 097.6110 195.388  0000000 000.0000 340.9270 15.01920000000000
1 95609U          19306.66250000  .00000000  00000-0  00000-0 0 00000
2 95609 097.6100 195.681  0000000 000.0000 142.1770 15.01920000000000
1 95609U          19306.99444444  .00000000  00000-0  00000-0 0 00000
2 95609 097.6100 196.008  0000000 000.0000 134.6770 15.01920000000000
1 95609U          19307.33611111  .00000000  00000-0  00000-0 0 00000
2 95609 097.6090 196.345  0000000 000.0000 179.6770 15.01920000000000
1 95609U          19307.62986111  .00000000  00000-0  00000-0 0 00000
2 95609 097.6090 196.634  0000000 000.0000 325.9270 15.01920000000000
1 95609U          19308.03819444  .00000000  00000-0  00000-0 0 00000
2 95609 097.6080 197.036  0000000 000.0000 010.9270 15.01920000000000
1 95609U          19308.26111111  .00000000  00000-0  00000-0 0 00000
2 95609 097.6070 197.256  0000000 000.0000 134.6760 15.01920000000000
1 95609U          19308.74652778  .00000000  00000-0  00000-0 0 00000
2 95609 097.6070 197.735  0000000 000.0000 235.9260 15.01920000000000
1 95609U          19309.05277778  .00000000  00000-0  00000-0 0 00000
2 95609 097.6060 198.036  0000000 000.0000 089.6760 15.01920000000000
1 95609U          19309.38055556  .00000000  00000-0  00000-0 0 00000
2 95609 097.6060 198.359  0000000 000.0000 059.6760 15.01920000000000
1 95609U          19309.68194444  .00000000  00000-0  00000-0 0 00000
2 95609 097.6050 198.656  0000000 000.0000 247.1760 15.01920000000000
1 95609U          19309.95277778  .00000000  00000-0  00000-0 0 00000
2 95609 097.6050 198.923  0000000 000.0000 269.6760 15.01920000000000
1 95609U          19310.41111111  .00000000  00000-0  00000-0 0 00000
2 95609 097.6040 199.375  0000000 000.0000 224.6750 15.01920000000000
1 95609U          19310.63055556  .00000000  00000-0  00000-0 0 00000
2 95609 097.6030 199.591  0000000 000.0000 329.6750 15.01920000000000
1 95609U          19310.97777778  .00000000  00000-0  00000-0 0 00000
2 95609 097.6030 199.933  0000000 000.0000 044.6750 15.01920000000000
1 95609U          19311.40902778  .00000000  00000-0  00000-0 0 00000
2 95609 097.6020 200.358  0000000 000.0000 213.4250 15.01920000000000
1 95609U          19311.64027778  .00000000  00000-0  00000-0 0 00000
2 95609 097.6020 200.586  0000000 000.0000 022.1740 15.01920000000000
1 95609U          19311.89583333  .00000000  00000-0  00000-0 0 00000
2 95609 097.6010 200.838  0000000 000.0000 322.1740 15.01914300000000
1 95609U          19312.21180556  .00000000  00000-0  00000-0 0 00000
2 95609 097.6010 201.150  0000000 000.0000 228.4240 15.01914300000000
1 95609U          19312.50555556  .00000000  00000-0  00000-0 0 00000
2 95609 097.6000 201.439  0000000 000.0000 014.6740 15.01914300000000
1 95609U          19312.85347222  .00000000  00000-0  00000-0 0 00000
2 95609 097.5990 201.782  0000000 000.0000 093.4240 15.01914300000000
1 95609U          19313.20000000  .00000000  00000-0  00000-0 0 00000
2 95609 097.5990 202.124  0000000 000.0000 164.6730 15.01914300000000
1 95609U          19313.59861111  .00000000  00000-0  00000-0 0 00000
2 95609 097.5980 202.516  0000000 000.0000 157.1730 15.01914300000000
1 95609U          19313.88888889  .00000000  00000-0  00000-0 0 00000
2 95609 097.5980 202.802  0000000 000.0000 284.6730 15.01914300000000
1 95609U          19314.16597222  .00000000  00000-0  00000-0 0 00000
2 95609 097.5970 203.075  0000000 000.0000 340.9230 15.01914300000000
1 95609U          19314.61736111  .00000000  00000-0  00000-0 0 00000
2 95609 097.5960 203.520  0000000 000.0000 258.4220 15.01914300000000
1 95609U          19314.95138889  .00000000  00000-0  00000-0 0 00000
2 95609 097.5960 203.850  0000000 000.0000 262.1720 15.01914300000000
1 95609U          19315.19097222  .00000000  00000-0  00000-0 0 00000
2 95609 097.5950 204.086  0000000 000.0000 115.9220 15.01914300000000
1 95609U          19315.49722222  .00000000  00000-0  00000-0 0 00000
2 95609 097.5950 204.387  0000000 000.0000 329.6720 15.01914300000000
1 95609U          19315.91736111  .00000000  00000-0  00000-0 0 00000
2 95609 097.5940 204.801  0000000 000.0000 078.4220 15.01914300000000
1 95609U          19316.30208333  .00000000  00000-0  00000-0 0 00000
2 95609 097.5940 205.181  0000000 000.0000 355.9210 15.01914300000000
1 95609U          19316.61180556  .00000000  00000-0  00000-0 0 00000
2 95609 097.5930 205.486  0000000 000.0000 228.4210 15.01914300000000
1 95609U          19316.94583333  .00000000  00000-0  00000-0 0 00000
2 95609 097.5930 205.815  0000000 000.0000 232.1710 15.01914300000000
1 95609U          19317.14583333  .00000000  00000-0  00000-0 0 00000
2 95609 097.5920 206.012  0000000 000.0000 232.1710 15.01914300000000
1 95609U          19317.57291667  .00000000  00000-0  00000-0 0 00000
2 95609 097.5910 206.433  0000000 000.0000 018.4200 15.01914300000000
1 95609U          19317.87361111  .00000000  00000-0  00000-0 0 00000
2 95609 097.5910 206.729  0000000 000.0000 202.1700 15.01914300000000
1 95609U          19318.23680556  .00000000  00000-0  00000-0 0 00000
2 95609 097.5900 207.087  0000000 000.0000 003.4200 15.01914300000000
1 95609U          19318.55694444  .00000000  00000-0  00000-0 0 00000
2 95609 097.5900 207.403  0000000 000.0000 292.1690 15.01914300000000
1 95609U          19318.89583333  .00000000  00000-0  00000-0 0 00000
2 95609 097.5890 207.737  0000000 000.0000 322.1690 15.01914300000000
1 95609U          19318.89583333  .00000000  00000-0  00000-0 0 00000
2 95609 097.5890 207.737  0000000 000.0000 322.1690 15.01914300000000
1 95609U          19319.18541667  .00000000  00000-0  00000-0 0 00000
2 95609 097.5890 208.022  0000000 000.0000 085.9190 15.01914300000000
1 95609U          19319.52708333  .00000000  00000-0  00000-0 0 00000
2 95609 097.5880 208.359  0000000 000.0000 130.9190 15.01914300000000
1 95609U          19319.97291667  .00000000  00000-0  00000-0 0 00000
2 95609 097.5880 208.798  0000000 000.0000 018.4180 15.01914300000000
1 95609U          19320.28402778  .00000000  00000-0  00000-0 0 00000
2 95609 097.5870 209.105  0000000 000.0000 258.4180 15.01914300000000
1 95609U          19320.53125000  .00000000  00000-0  00000-0 0 00000
2 95609 097.5870 209.348  0000000 000.0000 153.4180 15.01914300000000
1 95609U          19320.87430556  .00000000  00000-0  00000-0 0 00000
2 95609 097.5860 209.687  0000000 000.0000 205.9170 15.01914300000000
1 95609U          19321.29791667  .00000000  00000-0  00000-0 0 00000
2 95609 097.5850 210.104  0000000 000.0000 333.4170 15.01914300000000
1 95609U          19321.49444444  .00000000  00000-0  00000-0 0 00000
2 95609 097.5850 210.298  0000000 000.0000 314.6670 15.01914300000000
1 95609U          19321.86319444  .00000000  00000-0  00000-0 0 00000
2 95609 097.5840 210.661  0000000 000.0000 145.9160 15.01914300000000
1 95609U          19322.20486111  .00000000  00000-0  00000-0 0 00000
2 95609 097.5840 210.998  0000000 000.0000 190.9160 15.01914300000000
1 95609U          19322.58055556  .00000000  00000-0  00000-0 0 00000
2 95609 097.5830 211.368  0000000 000.0000 059.6660 15.01914300000000
1 95609U          19322.97569444  .00000000  00000-0  00000-0 0 00000
2 95609 097.5830 211.757  0000000 000.0000 033.4150 15.01914300000000
1 95609U          19323.16666667  .00000000  00000-0  00000-0 0 00000
2 95609 097.5820 211.946  0000000 000.0000 344.6650 15.01914300000000
1 95609U          19323.63472222  .00000000  00000-0  00000-0 0 00000
2 95609 097.5820 212.407  0000000 000.0000 352.1650 15.01914300000000
1 95609U          19323.92847222  .00000000  00000-0  00000-0 0 00000
2 95609 097.5810 212.696  0000000 000.0000 138.4150 15.01914300000000
1 95609U          19324.27222222  .00000000  00000-0  00000-0 0 00000
2 95609 097.5810 213.035  0000000 000.0000 194.6640 15.01914300000000
1 95609U          19324.54027778  .00000000  00000-0  00000-0 0 00000
2 95609 097.5800 213.299  0000000 000.0000 202.1640 15.01914300000000
1 95609U          19324.96597222  .00000000  00000-0  00000-0 0 00000
2 95609 097.5800 213.719  0000000 000.0000 340.9130 15.01914300000000
1 95609U          19325.21180556  .00000000  00000-0  00000-0 0 00000
2 95609 097.5790 213.961  0000000 000.0000 228.4130 15.01914300000000
1 95609U          19325.50138889  .00000000  00000-0  00000-0 0 00000
2 95609 097.5790 214.246  0000000 000.0000 352.1630 15.01914300000000
1 95609U          19325.89583333  .00000000  00000-0  00000-0 0 00000
2 95609 097.5780 214.635  0000000 000.0000 322.1630 15.01914300000000
1 95609U          19325.94444444  .00000000  00000-0  00000-0 0 00000
2 95609 097.5800 214.672  0013460 010.0110 214.8960 15.02618400000000
1 95609U          19326.27013889  .00000000  00000-0  00000-0 0 00000
2 95609 097.5720 214.996  0000630 348.7380 195.7270 14.99658100000000
1 95609U          19326.61111111  .00000000  00000-0  00000-0 0 00000
2 95609 097.5770 215.327  0013090 013.2410 213.4420 15.02818300000000
1 95609U          19326.90486111  .00000000  00000-0  00000-0 0 00000
2 95609 097.5740 215.621  0008770 025.5880 348.0880 14.99950900000000
1 95609U          19327.30972222  .00000000  00000-0  00000-0 0 00000
2 95609 096.9630 216.810  0178400 001.4320 042.3140 15.26465600000000
1 95609U          19327.52013889  .00000000  00000-0  00000-0 0 00000
2 95609 096.9670 217.018  0195590 358.5460 119.8510 15.27922100000000
1 95609U          19327.84652778  .00000000  00000-0  00000-0 0 00000
2 95609 096.9670 217.326  0195090 356.1680 113.4320 15.28675400000000
1 95609U          19328.18333333  .00000000  00000-0  00000-0 0 00000
2 95609 096.9560 217.641  0185380 359.7230 158.2610 15.24190400000000
1 95609U          19328.57083333  .00000000  00000-0  00000-0 0 00000
2 95609 096.9630 218.006  0194850 355.8200 128.7470 15.27337200000000
1 95609U          19328.86458333  .00000000  00000-0  00000-0 0 00000
2 95609 096.9650 218.283  0175759 359.8200 296.8560 15.28619800000000
1 95609U          19329.22083333  .00000000  00000-0  00000-0 0 00000
2 95609 096.9640 218.614  0188910 349.5280 102.2970 15.29537000000000
1 95609U          19329.51458333  .00000000  00000-0  00000-0 0 00000
2 95609 096.9670 218.887  0187030 359.4090 264.5720 15.29516500000000
1 95609U          19329.97361111  .00000000  00000-0  00000-0 0 00000
2 95609 096.9660 219.319  0187030 357.6550 265.5090 15.29495900000000
1 95609U          19330.17708333  .00000000  00000-0  00000-0 0 00000
2 95609 096.9600 219.515  0173110 354.2370 305.5390 15.28336500000000
1 95609U          19330.60069444  .00000000  00000-0  00000-0 0 00000
2 95609 096.7980 220.122  0178040 348.1410 115.7570 15.25465400000000
1 95609U          19330.94444444  .00000000  00000-0  00000-0 0 00000
2 95609 096.7900 220.434  0165240 350.8510 195.1370 15.19868500000000
1 95609U          19331.26180556  .00000000  00000-0  00000-0 0 00000
2 95609 096.7930 220.729  0179190 348.8210 134.6710 15.23887900000000
1 95609U          19331.62430556  .00000000  00000-0  00000-0 0 00000
2 95609 096.7920 221.060  0157750 350.2360 317.9910 15.23805700000000
1 95609U          19331.93958333  .00000000  00000-0  00000-0 0 00000
2 95609 096.7940 221.339  0176570 350.2160 244.3020 15.23657900000000
1 95609U          19332.28333333  .00000000  00000-0  00000-0 0 00000
2 95609 096.7890 221.661  0159860 346.4250 330.0480 15.22844700000000
1 95609U          19332.51597222  .00000000  00000-0  00000-0 0 00000
2 95609 096.7890 221.874  0169110 347.1070 163.1210 15.21272700000000
1 95609U          19332.84305556  .00000000  00000-0  00000-0 0 00000
2 95609 096.7890 222.175  0173040 345.5440 155.5060 15.22132400000000
