1 10814U          19281.92847222  .00000000  00000-0  00000-0 0 00000
2 10814 097.7480 94.1470 0000000 000.0000 080.0440 00.06258000000000
1 10814U          19282.34027778  .00000000  00000-0  00000-0 0 00000
2 10814 097.7480 94.5530 0000000 000.0000 143.7950 00.06258000000000
1 10814U          19282.59097222  .00000000  00000-0  00000-0 0 00000
2 10814 097.7480 94.8000 0000000 000.0000 057.5460 00.06258000000000
1 10814U          19282.97777778  .00000000  00000-0  00000-0 0 00000
2 10814 097.7480 95.1810 0000000 000.0000 346.2960 00.06258000000000
1 10814U          19283.33263889  .00000000  00000-0  00000-0 0 00000
2 10814 097.7480 95.5310 0000000 000.0000 102.5470 00.06258000000000
1 10814U          19283.63680556  .00000000  00000-0  00000-0 0 00000
2 10814 097.7480 95.8310 0000000 000.0000 305.0480 00.06258000000000
1 10814U          19283.94722222  .00000000  00000-0  00000-0 0 00000
2 10814 097.7480 96.1370 0000000 000.0000 181.2980 00.06258000000000
1 10814U          19284.25625000  .00000000  00000-0  00000-0 0 00000
2 10814 097.7480 96.4420 0000000 000.0000 050.0490 00.06258000000000
1 10814U          19284.72916667  .00000000  00000-0  00000-0 0 00000
2 10814 097.7470 96.9080 0000000 000.0000 083.8000 00.06258000000000
1 10814U          19285.05486111  .00000000  00000-0  00000-0 0 00000
2 10814 097.7470 97.2290 0000000 000.0000 042.5500 00.06258000000000
1 10814U          19285.29027778  .00000000  00000-0  00000-0 0 00000
2 10814 097.7470 97.4610 0000000 000.0000 233.8010 00.06258000000000
1 10814U          19285.63125000  .00000000  00000-0  00000-0 0 00000
2 10814 097.7470 97.7970 0000000 000.0000 275.0510 00.06258000000000
1 10814U          19286.02569444  .00000000  00000-0  00000-0 0 00000
2 10814 097.7470 98.1860 0000000 000.0000 245.0520 00.06258000000000
1 10814U          19286.38055556  .00000000  00000-0  00000-0 0 00000
2 10814 097.7470 98.5360 0000000 000.0000 001.3030 00.06258000000000
1 10814U          19286.59236111  .00000000  00000-0  00000-0 0 00000
2 10814 097.7470 98.7450 0000000 000.0000 065.0530 00.06258000000000
1 10814U          19286.99722222  .00000000  00000-0  00000-0 0 00000
2 10814 097.7470 99.1440 0000000 000.0000 091.3040 00.06258000000000
1 10814U          19287.28750000  .00000000  00000-0  00000-0 0 00000
2 10814 097.7470 99.4300 0000000 000.0000 218.8040 00.06258000000000
1 10814U          19287.62638889  .00000000  00000-0  00000-0 0 00000
2 10814 097.7470 99.7640 0000000 000.0000 248.8050 00.06258000000000
1 10814U          19288.04166667  .00000000  00000-0  00000-0 0 00000
2 10814 097.7460 100.1740 0000000 000.0000 331.3060 00.06258000000000
1 10814U          19288.27430556  .00000000  00000-0  00000-0 0 00000
2 10814 097.7460 100.4030 0000000 000.0000 147.5560 00.06258000000000
1 10814U          19288.72708333  .00000000  00000-0  00000-0 0 00000
2 10814 097.7460 100.8490 0000000 000.0000 072.5570 00.06258000000000
1 10814U          19288.96666667  .00000000  00000-0  00000-0 0 00000
2 10814 097.7460 101.0860 0000000 000.0000 286.3080 00.06258000000000
1 10814U          19289.30347222  .00000000  00000-0  00000-0 0 00000
2 10814 097.7460 101.4180 0000000 000.0000 305.0580 00.06258000000000
1 10814U          19289.65625000  .00000000  00000-0  00000-0 0 00000
2 10814 097.7460 101.7650 0000000 000.0000 050.0590 00.06258000000000
1 10814U          19290.07569444  .00000000  00000-0  00000-0 0 00000
2 10814 097.7460 102.1790 0000000 000.0000 155.0600 00.06258000000000
1 10814U          19290.30972222  .00000000  00000-0  00000-0 0 00000
2 10814 097.7460 102.4100 0000000 000.0000 338.8100 00.06258000000000
1 10814U          19290.66944444  .00000000  00000-0  00000-0 0 00000
2 10814 097.7450 102.7640 0000000 000.0000 121.3110 00.06258000000000
1 10814U          19290.97847222  .00000000  00000-0  00000-0 0 00000
2 10814 097.7450 103.0690 0000000 000.0000 350.0610 00.06258000000000
1 10814U          19291.35763889  .00000000  00000-0  00000-0 0 00000
2 10814 097.7450 103.4430 0000000 000.0000 237.5620 00.06258000000000
1 10814U          19291.60625000  .00000000  00000-0  00000-0 0 00000
2 10814 097.7450 103.6880 0000000 000.0000 140.0630 00.06258000000000
1 10814U          19292.01597222  .00000000  00000-0  00000-0 0 00000
2 10814 097.7450 104.0920 0000000 000.0000 192.5630 00.06258000000000
1 10814U          19292.30208333  .00000000  00000-0  00000-0 0 00000
2 10814 097.7450 104.3740 0000000 000.0000 297.5640 00.06258000000000
1 10814U          19292.68333333  .00000000  00000-0  00000-0 0 00000
2 10814 097.7450 104.7500 0000000 000.0000 196.3150 00.06258000000000
1 10814U          19293.03402778  .00000000  00000-0  00000-0 0 00000
2 10814 097.7440 105.0950 0000000 000.0000 290.0650 00.06258000000000
1 10814U          19293.26319444  .00000000  00000-0  00000-0 0 00000
2 10814 097.7440 105.3210 0000000 000.0000 087.5660 00.06258000000000
1 10814U          19293.65069444  .00000000  00000-0  00000-0 0 00000
2 10814 097.7440 105.7030 0000000 000.0000 020.0660 00.06258000000000
1 10814U          19294.04861111  .00000000  00000-0  00000-0 0 00000
2 10814 097.7440 106.0960 0000000 000.0000 008.8170 00.06258000000000
1 10814U          19294.39513889  .00000000  00000-0  00000-0 0 00000
2 10814 097.7440 106.4370 0000000 000.0000 080.0680 00.06258000000000
1 10814U          19294.66666667  .00000000  00000-0  00000-0 0 00000
2 10814 097.7440 106.7050 0000000 000.0000 106.3180 00.06258000000000
1 10814U          19294.91944444  .00000000  00000-0  00000-0 0 00000
2 10814 097.7430 106.9540 0000000 000.0000 031.3190 00.06258000000000
1 10814U          19295.39583333  .00000000  00000-0  00000-0 0 00000
2 10814 097.7430 107.4240 0000000 000.0000 083.8200 00.06258000000000
1 10814U          19295.73819444  .00000000  00000-0  00000-0 0 00000
2 10814 097.7430 107.7610 0000000 000.0000 132.5700 00.06258000000000
1 10814U          19296.00694444  .00000000  00000-0  00000-0 0 00000
2 10814 097.7430 108.0260 0000000 000.0000 143.8210 00.06258000000000
1 10814U          19296.33333333  .00000000  00000-0  00000-0 0 00000
2 10814 097.7430 108.3480 0000000 000.0000 106.3210 00.06258000000000
1 10814U          19296.64166667  .00000000  00000-0  00000-0 0 00000
2 10814 097.7420 108.6520 0000000 000.0000 331.3220 00.06258000000000
1 10814U          19297.06458333  .00000000  00000-0  00000-0 0 00000
2 10814 097.7420 109.0690 0000000 000.0000 095.0730 00.06258000000000
1 10814U          19297.31111111  .00000000  00000-0  00000-0 0 00000
2 10814 097.7420 109.3120 0000000 000.0000 346.3230 00.06258000000000
1 10814U          19297.63680556  .00000000  00000-0  00000-0 0 00000
2 10814 097.7420 109.6330 0000000 000.0000 305.0740 00.06258000000000
1 10814U          19298.06597222  .00000000  00000-0  00000-0 0 00000
2 10814 097.7410 110.0560 0000000 000.0000 102.5740 00.06258000000000
1 10814U          19298.36388889  .00000000  00000-0  00000-0 0 00000
2 10814 097.7410 110.3500 0000000 000.0000 271.3250 00.06258000000000
1 10814U          19298.71944444  .00000000  00000-0  00000-0 0 00000
2 10814 097.7410 110.7000 0000000 000.0000 031.3260 00.06258000000000
1 10814U          19298.96805556  .00000000  00000-0  00000-0 0 00000
2 10814 097.7410 110.9450 0000000 000.0000 293.8260 00.06258000000000
1 10814U          19299.41041667  .00000000  00000-0  00000-0 0 00000
2 10814 097.7410 111.3820 0000000 000.0000 162.5770 00.06258000000000
1 10814U          19299.68472222  .00000000  00000-0  00000-0 0 00000
2 10814 097.7400 111.6520 0000000 000.0000 203.8270 00.06258000000000
1 10814U          19300.00763889  .00000000  00000-0  00000-0 0 00000
2 10814 097.7400 111.9700 0000000 000.0000 147.5780 00.06258000000000
1 10814U          19300.29722222  .00000000  00000-0  00000-0 0 00000
2 10814 097.7400 112.2560 0000000 000.0000 271.3280 00.06258000000000
1 10814U          19300.72777778  .00000000  00000-0  00000-0 0 00000
2 10814 097.7400 112.6800 0000000 000.0000 076.3290 00.06258000000000
1 10814U          19300.91666667  .00000000  00000-0  00000-0 0 00000
2 10814 097.7400 112.8660 0000000 000.0000 016.3290 00.06258000000000
1 10814U          19301.39097222  .00000000  00000-0  00000-0 0 00000
2 10814 097.7390 113.3340 0000000 000.0000 057.5800 00.06258000000000
1 10814U          19301.59722222  .00000000  00000-0  00000-0 0 00000
2 10814 097.7390 113.5370 0000000 000.0000 091.3310 00.06258000000000
1 10814U          19302.06944444  .00000000  00000-0  00000-0 0 00000
2 10814 097.7390 114.0030 0000000 000.0000 121.3310 00.06258000000000
1 10814U          19302.33750000  .00000000  00000-0  00000-0 0 00000
2 10814 097.7380 114.2670 0000000 000.0000 128.8320 00.06258000000000
1 10814U          19302.74652778  .00000000  00000-0  00000-0 0 00000
2 10814 097.7380 114.6700 0000000 000.0000 177.5830 00.06258000000000
1 10814U          19303.02638889  .00000000  00000-0  00000-0 0 00000
2 10814 097.7380 114.9460 0000000 000.0000 248.8330 00.06258000000000
1 10814U          19303.37361111  .00000000  00000-0  00000-0 0 00000
2 10814 097.7380 115.2890 0000000 000.0000 323.8340 00.06258000000000
1 10814U          19303.73125000  .00000000  00000-0  00000-0 0 00000
2 10814 097.7370 115.6410 0000000 000.0000 095.0840 00.06258000000000
1 10814U          19303.99791667  .00000000  00000-0  00000-0 0 00000
2 10814 097.7370 115.9040 0000000 000.0000 095.0850 00.06258000000000
1 10814U          19304.26111111  .00000000  00000-0  00000-0 0 00000
2 10814 097.7370 116.1640 0000000 000.0000 076.3350 00.06258000000000
1 10814U          19304.73541667  .00000000  00000-0  00000-0 0 00000
2 10814 097.7370 116.6310 0000000 000.0000 117.5860 00.06258000000000
1 10814U          19305.07569444  .00000000  00000-0  00000-0 0 00000
2 10814 097.7360 116.9670 0000000 000.0000 155.0870 00.06258000000000
1 10814U          19305.25416667  .00000000  00000-0  00000-0 0 00000
2 10814 097.7360 117.1430 0000000 000.0000 038.8370 00.06258000000000
1 10814U          19305.58402778  .00000000  00000-0  00000-0 0 00000
2 10814 097.7360 117.4680 0000000 000.0000 020.0880 00.06258000000000
1 10814U          19306.05000000  .00000000  00000-0  00000-0 0 00000
2 10814 097.7350 117.9270 0000000 000.0000 016.3380 00.06258000000000
1 10814U          19306.35069444  .00000000  00000-0  00000-0 0 00000
2 10814 097.7350 118.2240 0000000 000.0000 200.0890 00.06258000000000
1 10814U          19306.70208333  .00000000  00000-0  00000-0 0 00000
2 10814 097.7350 118.5700 0000000 000.0000 297.5890 00.06258000000000
1 10814U          19307.01597222  .00000000  00000-0  00000-0 0 00000
2 10814 097.7350 118.8790 0000000 000.0000 192.5900 00.06258000000000
1 10814U          19307.31875000  .00000000  00000-0  00000-0 0 00000
2 10814 097.7340 119.1780 0000000 000.0000 027.5900 00.06258000000000
1 10814U          19307.70972222  .00000000  00000-0  00000-0 0 00000
2 10814 097.7340 119.5630 0000000 000.0000 338.8410 00.06258000000000
1 10814U          19307.96041667  .00000000  00000-0  00000-0 0 00000
2 10814 097.7340 119.8100 0000000 000.0000 252.5920 00.06258000000000
1 10814U          19308.28472222  .00000000  00000-0  00000-0 0 00000
2 10814 097.7330 120.1300 0000000 000.0000 203.8420 00.06258000000000
1 10814U          19308.67500000  .00000000  00000-0  00000-0 0 00000
2 10814 097.7330 120.5150 0000000 000.0000 151.3430 00.06258000000000
1 10814U          19308.97986111  .00000000  00000-0  00000-0 0 00000
2 10814 097.7330 120.8150 0000000 000.0000 357.5930 00.06258000000000
1 10814U          19309.32916667  .00000000  00000-0  00000-0 0 00000
2 10814 097.7320 121.1600 0000000 000.0000 083.8440 00.06258000000000
1 10814U          19309.66319444  .00000000  00000-0  00000-0 0 00000
2 10814 097.7320 121.4890 0000000 000.0000 087.5940 00.06258000000000
1 10814U          19309.97361111  .00000000  00000-0  00000-0 0 00000
2 10814 097.7320 121.7950 0000000 000.0000 323.8450 00.06258000000000
1 10814U          19310.35347222  .00000000  00000-0  00000-0 0 00000
2 10814 097.7310 122.1700 0000000 000.0000 215.0950 00.06258000000000
1 10814U          19310.58541667  .00000000  00000-0  00000-0 0 00000
2 10814 097.7310 122.3980 0000000 000.0000 027.5960 00.06258000000000
1 10814U          19310.94027778  .00000000  00000-0  00000-0 0 00000
2 10814 097.7310 122.7480 0000000 000.0000 143.8460 00.06258000000000
1 10814U          19311.39444444  .00000000  00000-0  00000-0 0 00000
2 10814 097.7300 123.1960 0000000 000.0000 076.3470 00.06258000000000
1 10814U          19311.73958333  .00000000  00000-0  00000-0 0 00000
2 10814 097.7300 123.5360 0000000 000.0000 140.0980 00.06258000000000
1 10814U          19311.95416667  .00000000  00000-0  00000-0 0 00000
2 10814 097.7300 123.7480 0000000 000.0000 218.8480 15.01914300000000
1 10814U          19312.26111111  .00000000  00000-0  00000-0 0 00000
2 10814 097.7290 124.0500 0000000 000.0000 076.3490 15.01914300000000
1 10814U          19312.60486111  .00000000  00000-0  00000-0 0 00000
2 10814 097.7290 124.3890 0000000 000.0000 132.5990 15.01914300000000
1 10814U          19312.89375000  .00000000  00000-0  00000-0 0 00000
2 10814 097.7290 124.6740 0000000 000.0000 252.6000 15.01914300000000
1 10814U          19313.21597222  .00000000  00000-0  00000-0 0 00000
2 10814 097.7280 124.9910 0000000 000.0000 192.6000 15.01914300000000
1 10814U          19313.61527778  .00000000  00000-0  00000-0 0 00000
2 10814 097.7280 125.3850 0000000 000.0000 188.8510 15.01914300000000
1 10814U          19313.97152778  .00000000  00000-0  00000-0 0 00000
2 10814 097.7280 125.7360 0000000 000.0000 312.6010 15.01914300000000
1 10814U          19314.27083333  .00000000  00000-0  00000-0 0 00000
2 10814 097.7270 126.0310 0000000 000.0000 128.8520 15.01914300000000
1 10814U          19314.54027778  .00000000  00000-0  00000-0 0 00000
2 10814 097.7270 126.2970 0000000 000.0000 143.8520 15.01914300000000
1 10814U          19314.83819444  .00000000  00000-0  00000-0 0 00000
2 10814 097.7270 126.5910 0000000 000.0000 312.6030 15.01914300000000
1 10814U          19315.25625000  .00000000  00000-0  00000-0 0 00000
2 10814 097.7260 127.0030 0000000 000.0000 050.1030 15.01914300000000
1 10814U          19315.60694444  .00000000  00000-0  00000-0 0 00000
2 10814 097.7260 127.3490 0000000 000.0000 143.8540 15.01914300000000
1 10814U          19315.81805556  .00000000  00000-0  00000-0 0 00000
2 10814 097.7250 127.5570 0000000 000.0000 203.8540 15.01914300000000
1 10814U          19316.30069444  .00000000  00000-0  00000-0 0 00000
2 10814 097.7250 128.0320 0000000 000.0000 290.1050 15.01914300000000
1 10814U          19316.49097222  .00000000  00000-0  00000-0 0 00000
2 10814 097.7250 128.2200 0000000 000.0000 237.6050 15.01914300000000
1 10814U          19316.96666667  .00000000  00000-0  00000-0 0 00000
2 10814 097.7240 128.6890 0000000 000.0000 286.3560 15.01914300000000
1 10814U          19317.24652778  .00000000  00000-0  00000-0 0 00000
2 10814 097.7240 128.9650 0000000 000.0000 357.6060 15.01914300000000
1 10814U          19317.50972222  .00000000  00000-0  00000-0 0 00000
2 10814 097.7240 129.2240 0000000 000.0000 338.8570 15.01914300000000
1 10814U          19317.90763889  .00000000  00000-0  00000-0 0 00000
2 10814 097.7230 129.6170 0000000 000.0000 327.6070 15.01914300000000
1 10814U          19318.20555556  .00000000  00000-0  00000-0 0 00000
2 10814 097.7230 129.9100 0000000 000.0000 136.3580 15.01914300000000
1 10814U          19318.57013889  .00000000  00000-0  00000-0 0 00000
2 10814 097.7220 130.2700 0000000 000.0000 305.1080 15.01914300000000
1 10814U          19318.81527778  .00000000  00000-0  00000-0 0 00000
2 10814 097.7220 130.5110 0000000 000.0000 188.8590 15.01914300000000
1 10814U          19318.89583333  .00000000  00000-0  00000-0 0 00000
2 10814 097.7220 130.5910 0027630 083.8590 180.0000 15.08144100000000
1 10814U          19319.17430556  .00000000  00000-0  00000-0 0 00000
2 10814 097.7160 130.8700 0015260 100.4350 228.8380 15.02000400000000
1 10814U          19319.53680556  .00000000  00000-0  00000-0 0 00000
2 10814 097.7150 131.2300 0016770 054.5950 074.1660 15.04102200000000
1 10814U          19319.83958333  .00000000  00000-0  00000-0 0 00000
2 10814 097.7160 131.5260 0016129 104.3590 221.0740 15.02386500000000
1 10814U          19320.26666667  .00000000  00000-0  00000-0 0 00000
2 10814 097.7210 131.9460 0011290 034.9650 079.0730 15.05487800000000
1 10814U          19320.55694444  .00000000  00000-0  00000-0 0 00000
2 10814 097.7170 132.2260 0029660 069.8870 173.3310 15.05206800000000
1 10814U          19320.94652778  .00000000  00000-0  00000-0 0 00000
2 10814 097.7080 132.6110 0015750 100.8310 088.2590 15.00553800000000
1 10814U          19321.29930556  .00000000  00000-0  00000-0 0 00000
2 10814 097.7200 132.9640 0029400 106.0520 189.9180 15.05318800000000
1 10814U          19321.62777778  .00000000  00000-0  00000-0 0 00000
2 10814 097.7200 133.2850 0035290 088.6030 182.9620 15.06468400000000
1 10814U          19321.88194444  .00000000  00000-0  00000-0 0 00000
2 10814 097.7110 133.5300 0014300 081.1630 124.3610 15.01533700000000
1 10814U          19322.17222222  .00000000  00000-0  00000-0 0 00000
2 10814 097.7120 133.8240 0014110 088.5900 245.9320 15.01548300000000
1 10814U          19322.48402778  .00000000  00000-0  00000-0 0 00000
2 10814 097.7100 134.1230 0018930 065.3550 154.7460 15.02917400000000
1 10814U          19322.92361111  .00000000  00000-0  00000-0 0 00000
2 10814 097.7160 134.5570 0004680 157.7910 278.4620 15.06148600000000
1 10814U          19323.17361111  .00000000  00000-0  00000-0 0 00000
2 10814 097.7090 134.8080 0015510 071.6110 275.9630 15.00706300000000
1 10814U          19323.50069444  .00000000  00000-0  00000-0 0 00000
2 10814 097.7100 135.1360 0019540 106.8650 208.7420 15.03399600000000
1 10814U          19323.93333333  .00000000  00000-0  00000-0 0 00000
2 10814 097.7100 135.5610 0018360 057.1250 077.1290 15.03531800000000
1 10814U          19324.30277778  .00000000  00000-0  00000-0 0 00000
2 10814 097.7100 135.9240 0014290 091.2800 240.0300 15.01848900000000
1 10814U          19324.57361111  .00000000  00000-0  00000-0 0 00000
2 10814 097.7040 136.1890 0017600 066.5690 288.7740 15.00460900000000
1 10814U          19324.86805556  .00000000  00000-0  00000-0 0 00000
2 10814 097.7080 136.4810 0020399 072.6470 074.2960 15.02219900000000
1 10814U          19325.17916667  .00000000  00000-0  00000-0 0 00000
2 10814 097.7080 136.7770 0020290 089.1120 299.6460 15.01789800000000
1 10814U          19325.61875000  .00000000  00000-0  00000-0 0 00000
2 10814 097.7120 137.2130 0030290 067.0920 177.8560 15.05375200000000
1 10814U          19325.84444444  .00000000  00000-0  00000-0 0 00000
2 10814 097.7060 137.4340 0020520 084.3520 300.6100 15.01465800000000
1 10814U          19325.92083333  .00000000  00000-0  00000-0 0 00000
2 10814 097.7120 137.5100 0002840 162.4410 275.4230 15.06233300000000
1 10814U          19326.26319444  .00000000  00000-0  00000-0 0 00000
2 10814 097.7110 137.8550 0017230 047.6500 080.7870 15.04155700000000
1 10814U          19326.52916667  .00000000  00000-0  00000-0 0 00000
2 10814 097.7070 138.1190 0016890 042.7540 083.4120 15.04388600000000
1 10814U          19326.95277778  .00000000  00000-0  00000-0 0 00000
2 10814 097.7090 138.5270 0033510 073.1320 183.1370 15.06246800000000
1 10814U          19327.17777778  .00000000  00000-0  00000-0 0 00000
2 10814 097.7060 138.7460 0019210 089.0990 303.5270 15.02261200000000
1 10814U          19327.55763889  .00000000  00000-0  00000-0 0 00000
2 10814 097.7090 139.1300 0031520 094.3210 191.7410 15.06141500000000
1 10814U          19327.90277778  .00000000  00000-0  00000-0 0 00000
2 10814 097.7000 139.4670 0016560 060.8250 291.0670 15.00650000000000
1 10814U          19328.22569444  .00000000  00000-0  00000-0 0 00000
2 10814 097.7100 139.7890 0026670 101.0620 196.4700 15.05317600000000
1 10814U          19328.61944444  .00000000  00000-0  00000-0 0 00000
2 10814 097.7090 140.1730 0034440 079.1610 187.0250 15.06567900000000
1 10814U          19328.87986111  .00000000  00000-0  00000-0 0 00000
2 10814 097.7060 140.4240 0025660 057.9450 176.1050 15.04502500000000
1 10814U          19329.23402778  .00000000  00000-0  00000-0 0 00000
2 10814 097.7010 140.7800 0015740 060.3210 288.2610 15.00789300000000
1 10814U          19329.60277778  .00000000  00000-0  00000-0 0 00000
2 10814 097.6980 141.1420 0015610 088.9710 093.0930 15.00566100000000
1 10814U          19329.90069444  .00000000  00000-0  00000-0 0 00000
2 10814 097.6970 141.4360 0016640 058.3010 294.2880 15.00634300000000
1 10814U          19330.21041667  .00000000  00000-0  00000-0 0 00000
2 10814 097.7030 141.7320 0009420 247.6410 332.0980 14.93072600000000
1 10814U          19330.55000000  .00000000  00000-0  00000-0 0 00000
2 10814 097.7040 142.0690 0024550 046.9130 205.0170 15.08284300000000
1 10814U          19330.93611111  .00000000  00000-0  00000-0 0 00000
2 10814 097.6940 142.4520 0005230 036.1370 146.2470 15.02817800000000
1 10814U          19331.28125000  .00000000  00000-0  00000-0 0 00000
2 10814 097.7060 142.7870 0016310 062.9450 182.0090 14.99416100000000
1 10814U          19331.58888889  .00000000  00000-0  00000-0 0 00000
2 10814 097.7040 143.0960 0013130 286.7370 174.4860 15.00245400000000
1 10814U          19331.88750000  .00000000  00000-0  00000-0 0 00000
2 10814 097.7050 143.3860 0021370 118.4200 156.2700 15.09579200000000
1 10814U          19332.24722222  .00000000  00000-0  00000-0 0 00000
2 10814 097.7050 143.7380 0019360 205.7480 217.4790 15.08321000000000
1 10814U          19332.61250000  .00000000  00000-0  00000-0 0 00000
2 10814 097.7000 144.0940 0018930 344.1850 245.1880 14.94084000000000
1 10814U          19332.89583333  .00000000  00000-0  00000-0 0 00000
2 10814 097.6990 144.3810 0017950 103.4050 214.5740 15.03223000000000
