1 10970U          19281.98263889  .00000000  00000-0  00000-0 0 00000
2 10970 097.7010 145.640  0000000 000.0000 235.4830 15.01920000000000
1 10970U          19282.27361111  .00000000  00000-0  00000-0 0 00000
2 10970 097.7000 145.927  0000000 000.0000 006.7340 15.01920000000000
1 10970U          19282.58611111  .00000000  00000-0  00000-0 0 00000
2 10970 097.7000 146.235  0000000 000.0000 254.2340 15.01920000000000
1 10970U          19282.95972222  .00000000  00000-0  00000-0 0 00000
2 10970 097.6990 146.603  0000000 000.0000 111.7340 15.01920000000000
1 10970U          19283.27083333  .00000000  00000-0  00000-0 0 00000
2 10970 097.6990 146.910  0000000 000.0000 351.7350 15.01920000000000
1 10970U          19283.71944444  .00000000  00000-0  00000-0 0 00000
2 10970 097.6980 147.352  0000000 000.0000 254.2350 15.01920000000000
1 10970U          19284.02361111  .00000000  00000-0  00000-0 0 00000
2 10970 097.6970 147.652  0000000 000.0000 096.7350 15.01920000000000
1 10970U          19284.27986111  .00000000  00000-0  00000-0 0 00000
2 10970 097.6970 147.904  0000000 000.0000 040.4860 15.01920000000000
1 10970U          19284.63750000  .00000000  00000-0  00000-0 0 00000
2 10970 097.6960 148.257  0000000 000.0000 171.7360 15.01920000000000
1 10970U          19285.03680556  .00000000  00000-0  00000-0 0 00000
2 10970 097.6960 148.650  0000000 000.0000 167.9870 15.01920000000000
1 10970U          19285.39583333  .00000000  00000-0  00000-0 0 00000
2 10970 097.6950 149.004  0000000 000.0000 306.7370 15.01920000000000
1 10970U          19285.73055556  .00000000  00000-0  00000-0 0 00000
2 10970 097.6950 149.334  0000000 000.0000 314.2370 15.01920000000000
1 10970U          19286.03541667  .00000000  00000-0  00000-0 0 00000
2 10970 097.6940 149.635  0000000 000.0000 160.4870 15.01920000000000
1 10970U          19286.33750000  .00000000  00000-0  00000-0 0 00000
2 10970 097.6940 149.933  0000000 000.0000 351.7380 15.01920000000000
1 10970U          19286.74027778  .00000000  00000-0  00000-0 0 00000
2 10970 097.6930 150.330  0000000 000.0000 006.7380 15.01920000000000
1 10970U          19287.04375000  .00000000  00000-0  00000-0 0 00000
2 10970 097.6930 150.629  0000000 000.0000 205.4880 15.01920000000000
1 10970U          19287.41597222  .00000000  00000-0  00000-0 0 00000
2 10970 097.6920 150.996  0000000 000.0000 055.4890 15.01920000000000
1 10970U          19287.68611111  .00000000  00000-0  00000-0 0 00000
2 10970 097.6920 151.262  0000000 000.0000 074.2390 15.01920000000000
1 10970U          19287.98750000  .00000000  00000-0  00000-0 0 00000
2 10970 097.6910 151.559  0000000 000.0000 261.7390 15.01920000000000
1 10970U          19288.30833333  .00000000  00000-0  00000-0 0 00000
2 10970 097.6910 151.875  0000000 000.0000 194.2400 15.01920000000000
1 10970U          19288.74722222  .00000000  00000-0  00000-0 0 00000
2 10970 097.6900 152.308  0000000 000.0000 044.2400 15.01920000000000
1 10970U          19289.07083333  .00000000  00000-0  00000-0 0 00000
2 10970 097.6890 152.627  0000000 000.0000 351.7400 15.01920000000000
1 10970U          19289.34236111  .00000000  00000-0  00000-0 0 00000
2 10970 097.6890 152.895  0000000 000.0000 017.9910 15.01920000000000
1 10970U          19289.63194444  .00000000  00000-0  00000-0 0 00000
2 10970 097.6880 153.180  0000000 000.0000 141.7410 15.01920000000000
1 10970U          19289.92152778  .00000000  00000-0  00000-0 0 00000
2 10970 097.6880 153.465  0000000 000.0000 265.4910 15.01920000000000
1 10970U          19290.38055556  .00000000  00000-0  00000-0 0 00000
2 10970 097.6870 153.918  0000000 000.0000 224.2410 15.01920000000000
1 10970U          19290.70208333  .00000000  00000-0  00000-0 0 00000
2 10970 097.6870 154.235  0000000 000.0000 160.4920 15.01920000000000
1 10970U          19290.92430556  .00000000  00000-0  00000-0 0 00000
2 10970 097.6860 154.454  0000000 000.0000 280.4920 15.01920000000000
1 10970U          19291.38819444  .00000000  00000-0  00000-0 0 00000
2 10970 097.6850 154.911  0000000 000.0000 265.4920 15.01920000000000
1 10970U          19291.62847222  .00000000  00000-0  00000-0 0 00000
2 10970 097.6850 155.148  0000000 000.0000 122.9930 15.01920000000000
1 10970U          19292.08055556  .00000000  00000-0  00000-0 0 00000
2 10970 097.6840 155.594  0000000 000.0000 044.2430 15.01920000000000
1 10970U          19292.26944444  .00000000  00000-0  00000-0 0 00000
2 10970 097.6840 155.780  0000000 000.0000 344.2430 15.01920000000000
1 10970U          19292.71111111  .00000000  00000-0  00000-0 0 00000
2 10970 097.6830 156.215  0000000 000.0000 209.2430 15.01920000000000
1 10970U          19293.00486111  .00000000  00000-0  00000-0 0 00000
2 10970 097.6830 156.505  0000000 000.0000 355.4940 15.01920000000000
1 10970U          19293.30000000  .00000000  00000-0  00000-0 0 00000
2 10970 097.6820 156.796  0000000 000.0000 149.2440 15.01920000000000
1 10970U          19293.73194444  .00000000  00000-0  00000-0 0 00000
2 10970 097.6810 157.221  0000000 000.0000 321.7440 15.01920000000000
1 10970U          19294.06597222  .00000000  00000-0  00000-0 0 00000
2 10970 097.6810 157.551  0000000 000.0000 325.4940 15.01920000000000
1 10970U          19294.27430556  .00000000  00000-0  00000-0 0 00000
2 10970 097.6800 157.756  0000000 000.0000 010.4950 15.01920000000000
1 10970U          19294.64375000  .00000000  00000-0  00000-0 0 00000
2 10970 097.6800 158.120  0000000 000.0000 205.4950 15.01920000000000
1 10970U          19294.98611111  .00000000  00000-0  00000-0 0 00000
2 10970 097.6790 158.458  0000000 000.0000 254.2450 15.01920000000000
1 10970U          19295.27916667  .00000000  00000-0  00000-0 0 00000
2 10970 097.6790 158.747  0000000 000.0000 036.7450 15.01920000000000
1 10970U          19295.71736111  .00000000  00000-0  00000-0 0 00000
2 10970 097.6780 159.178  0000000 000.0000 242.9960 15.01920000000000
1 10970U          19296.00763889  .00000000  00000-0  00000-0 0 00000
2 10970 097.6770 159.465  0000000 000.0000 010.4960 15.01920000000000
1 10970U          19296.29027778  .00000000  00000-0  00000-0 0 00000
2 10970 097.6770 159.743  0000000 000.0000 096.7460 15.01920000000000
1 10970U          19296.68680556  .00000000  00000-0  00000-0 0 00000
2 10970 097.6760 160.134  0000000 000.0000 077.9960 15.01920000000000
1 10970U          19297.04861111  .00000000  00000-0  00000-0 0 00000
2 10970 097.6760 160.491  0000000 000.0000 231.7470 15.01920000000000
1 10970U          19297.33888889  .00000000  00000-0  00000-0 0 00000
2 10970 097.6750 160.777  0000000 000.0000 359.2470 15.01920000000000
1 10970U          19297.65833333  .00000000  00000-0  00000-0 0 00000
2 10970 097.6750 161.092  0000000 000.0000 284.2470 15.01920000000000
1 10970U          19297.95347222  .00000000  00000-0  00000-0 0 00000
2 10970 097.6740 161.383  0000000 000.0000 077.9970 15.01920000000000
1 10970U          19298.35833333  .00000000  00000-0  00000-0 0 00000
2 10970 097.6730 161.782  0000000 000.0000 104.2470 15.01920000000000
1 10970U          19298.59722222  .00000000  00000-0  00000-0 0 00000
2 10970 097.6730 162.017  0000000 000.0000 314.2470 15.01920000000000
1 10970U          19299.05277778  .00000000  00000-0  00000-0 0 00000
2 10970 097.6720 162.466  0000000 000.0000 254.2480 15.01920000000000
1 10970U          19299.36388889  .00000000  00000-0  00000-0 0 00000
2 10970 097.6720 162.773  0000000 000.0000 134.2480 15.01920000000000
1 10970U          19299.72291667  .00000000  00000-0  00000-0 0 00000
2 10970 097.6710 163.127  0000000 000.0000 272.9980 15.01920000000000
1 10970U          19300.02222222  .00000000  00000-0  00000-0 0 00000
2 10970 097.6700 163.422  0000000 000.0000 089.2480 15.01920000000000
1 10970U          19300.25902778  .00000000  00000-0  00000-0 0 00000
2 10970 097.6700 163.655  0000000 000.0000 287.9980 15.01920000000000
1 10970U          19300.62986111  .00000000  00000-0  00000-0 0 00000
2 10970 097.6690 164.021  0000000 000.0000 130.4990 15.01920000000000
1 10970U          19300.96458333  .00000000  00000-0  00000-0 0 00000
2 10970 097.6690 164.351  0000000 000.0000 137.9990 15.01920000000000
1 10970U          19301.40972222  .00000000  00000-0  00000-0 0 00000
2 10970 097.6680 164.789  0000000 000.0000 021.7490 15.01920000000000
1 10970U          19301.70347222  .00000000  00000-0  00000-0 0 00000
2 10970 097.6670 165.079  0000000 000.0000 167.9990 15.01920000000000
1 10970U          19301.94236111  .00000000  00000-0  00000-0 0 00000
2 10970 097.6670 165.314  0000000 000.0000 017.9990 15.01920000000000
1 10970U          19302.33958333  .00000000  00000-0  00000-0 0 00000
2 10970 097.6660 165.706  0000000 000.0000 003.0000 15.01920000000000
1 10970U          19302.71388889  .00000000  00000-0  00000-0 0 00000
2 10970 097.6660 166.075  0000000 000.0000 224.2500 15.01920000000000
1 10970U          19303.06458333  .00000000  00000-0  00000-0 0 00000
2 10970 097.6650 166.420  0000000 000.0000 318.0000 15.01920000000000
1 10970U          19303.36250000  .00000000  00000-0  00000-0 0 00000
2 10970 097.6640 166.714  0000000 000.0000 126.7500 15.01920000000000
1 10970U          19303.68263889  .00000000  00000-0  00000-0 0 00000
2 10970 097.6640 167.030  0000000 000.0000 055.5000 15.01920000000000
1 10970U          19303.92638889  .00000000  00000-0  00000-0 0 00000
2 10970 097.6630 167.270  0000000 000.0000 291.7500 15.01920000000000
1 10970U          19304.29861111  .00000000  00000-0  00000-0 0 00000
2 10970 097.6630 167.637  0000000 000.0000 141.7500 15.01920000000000
1 10970U          19304.67430556  .00000000  00000-0  00000-0 0 00000
2 10970 097.6620 168.007  0000000 000.0000 010.5010 15.01920000000000
1 10970U          19305.05902778  .00000000  00000-0  00000-0 0 00000
2 10970 097.6610 168.386  0000000 000.0000 288.0010 15.01920000000000
1 10970U          19305.41180556  .00000000  00000-0  00000-0 0 00000
2 10970 097.6610 168.734  0000000 000.0000 033.0010 15.01920000000000
1 10970U          19305.64861111  .00000000  00000-0  00000-0 0 00000
2 10970 097.6600 168.967  0000000 000.0000 231.7510 15.01920000000000
1 10970U          19305.92291667  .00000000  00000-0  00000-0 0 00000
2 10970 097.6600 169.238  0000000 000.0000 273.0010 15.01920000000000
1 10970U          19306.29097222  .00000000  00000-0  00000-0 0 00000
2 10970 097.6590 169.601  0000000 000.0000 100.5010 15.01920000000000
1 10970U          19306.60486111  .00000000  00000-0  00000-0 0 00000
2 10970 097.6580 169.910  0000000 000.0000 355.5010 15.01920000000000
1 10970U          19306.96805556  .00000000  00000-0  00000-0 0 00000
2 10970 097.6580 170.268  0000000 000.0000 156.7510 15.01920000000000
1 10970U          19307.30208333  .00000000  00000-0  00000-0 0 00000
2 10970 097.6570 170.597  0000000 000.0000 160.5020 15.01920000000000
1 10970U          19307.60277778  .00000000  00000-0  00000-0 0 00000
2 10970 097.6570 170.894  0000000 000.0000 344.2520 15.01920000000000
1 10970U          19308.05902778  .00000000  00000-0  00000-0 0 00000
2 10970 097.6560 171.343  0000000 000.0000 288.0020 15.01920000000000
1 10970U          19308.40277778  .00000000  00000-0  00000-0 0 00000
2 10970 097.6550 171.682  0000000 000.0000 344.2520 15.01920000000000
1 10970U          19308.71805556  .00000000  00000-0  00000-0 0 00000
2 10970 097.6550 171.993  0000000 000.0000 246.7520 15.01920000000000
1 10970U          19309.06597222  .00000000  00000-0  00000-0 0 00000
2 10970 097.6540 172.336  0000000 000.0000 325.5020 15.01920000000000
1 10970U          19309.26527778  .00000000  00000-0  00000-0 0 00000
2 10970 097.6540 172.532  0000000 000.0000 321.7520 15.01920000000000
1 10970U          19309.66597222  .00000000  00000-0  00000-0 0 00000
2 10970 097.6530 172.927  0000000 000.0000 325.5020 15.01920000000000
1 10970U          19310.05902778  .00000000  00000-0  00000-0 0 00000
2 10970 097.6520 173.315  0000000 000.0000 288.0020 15.01920000000000
1 10970U          19310.25069444  .00000000  00000-0  00000-0 0 00000
2 10970 097.6520 173.503  0000000 000.0000 243.0020 15.01920000000000
1 10970U          19310.74791667  .00000000  00000-0  00000-0 0 00000
2 10970 097.6510 173.994  0000000 000.0000 048.0030 15.01920000000000
1 10970U          19311.00277778  .00000000  00000-0  00000-0 0 00000
2 10970 097.6500 174.245  0000000 000.0000 344.2530 15.01920000000000
1 10970U          19311.33055556  .00000000  00000-0  00000-0 0 00000
2 10970 097.6500 174.568  0000000 000.0000 314.2530 15.01920000000000
1 10970U          19311.60416667  .00000000  00000-0  00000-0 0 00000
2 10970 097.6490 174.837  0000000 000.0000 351.7530 15.01920000000000
1 10970U          19311.90347222  .00000000  00000-0  00000-0 0 00000
2 10970 097.6490 175.132  0000000 000.0000 168.0030 15.01914300000000
1 10970U          19312.20486111  .00000000  00000-0  00000-0 0 00000
2 10970 097.6480 175.430  0000000 000.0000 355.5030 15.01914300000000
1 10970U          19312.50486111  .00000000  00000-0  00000-0 0 00000
2 10970 097.6480 175.725  0000000 000.0000 175.5030 15.01914300000000
1 10970U          19312.93125000  .00000000  00000-0  00000-0 0 00000
2 10970 097.6470 176.145  0000000 000.0000 318.0030 15.01914300000000
1 10970U          19313.20625000  .00000000  00000-0  00000-0 0 00000
2 10970 097.6460 176.417  0000000 000.0000 003.0030 15.01914300000000
1 10970U          19313.60763889  .00000000  00000-0  00000-0 0 00000
2 10970 097.6460 176.812  0000000 000.0000 010.5030 15.01914300000000
1 10970U          19313.97152778  .00000000  00000-0  00000-0 0 00000
2 10970 097.6450 177.171  0000000 000.0000 175.5030 15.01914300000000
1 10970U          19314.14930556  .00000000  00000-0  00000-0 0 00000
2 10970 097.6450 177.346  0000000 000.0000 055.5030 15.01914300000000
1 10970U          19314.60902778  .00000000  00000-0  00000-0 0 00000
2 10970 097.6440 177.799  0000000 000.0000 018.0030 15.01914300000000
1 10970U          19314.81527778  .00000000  00000-0  00000-0 0 00000
2 10970 097.6430 178.002  0000000 000.0000 051.7530 15.01914300000000
1 10970U          19315.28819444  .00000000  00000-0  00000-0 0 00000
2 10970 097.6420 178.469  0000000 000.0000 085.5030 15.01914300000000
1 10970U          19315.51875000  .00000000  00000-0  00000-0 0 00000
2 10970 097.6420 178.696  0000000 000.0000 250.5030 15.01914300000000
1 10970U          19315.94444444  .00000000  00000-0  00000-0 0 00000
2 10970 097.6410 179.115  0000000 000.0000 029.2530 15.01914300000000
1 10970U          19316.26805556  .00000000  00000-0  00000-0 0 00000
2 10970 097.6410 179.434  0000000 000.0000 336.7530 15.01914300000000
1 10970U          19316.60555556  .00000000  00000-0  00000-0 0 00000
2 10970 097.6400 179.767  0000000 000.0000 359.2530 15.01914300000000
1 10970U          19316.95555556  .00000000  00000-0  00000-0 0 00000
2 10970 097.6390 180.112  0000000 000.0000 089.2530 15.01914300000000
1 10970U          19317.29027778  .00000000  00000-0  00000-0 0 00000
2 10970 097.6390 180.442  0000000 000.0000 096.7530 15.01914300000000
1 10970U          19317.60347222  .00000000  00000-0  00000-0 0 00000
2 10970 097.6380 180.750  0000000 000.0000 348.0030 15.01914300000000
1 10970U          19317.86666667  .00000000  00000-0  00000-0 0 00000
2 10970 097.6380 181.010  0000000 000.0000 329.2530 15.01914300000000
1 10970U          19318.19652778  .00000000  00000-0  00000-0 0 00000
2 10970 097.6370 181.335  0000000 000.0000 310.5030 15.01914300000000
1 10970U          19318.54305556  .00000000  00000-0  00000-0 0 00000
2 10970 097.6360 181.677  0000000 000.0000 021.7530 15.01914300000000
1 10970U          19318.84444444  .00000000  00000-0  00000-0 0 00000
2 10970 097.6360 181.974  0000000 000.0000 209.2530 15.01914300000000
1 10970U          19318.89583333  .00000000  00000-0  00000-0 0 00000
2 10970 097.6360 182.024  0000000 000.0000 126.7530 15.01914300000000
1 10970U          19319.16736111  .00000000  00000-0  00000-0 0 00000
2 10970 097.6350 182.292  0000000 000.0000 153.0030 15.01914300000000
1 10970U          19319.48750000  .00000000  00000-0  00000-0 0 00000
2 10970 097.6350 182.607  0000000 000.0000 081.7530 15.01914300000000
1 10970U          19319.81319444  .00000000  00000-0  00000-0 0 00000
2 10970 097.6340 182.928  0000000 000.0000 040.5030 15.01914300000000
1 10970U          19320.19166667  .00000000  00000-0  00000-0 0 00000
2 10970 097.6330 183.301  0000000 000.0000 284.2530 15.01914300000000
1 10970U          19320.48472222  .00000000  00000-0  00000-0 0 00000
2 10970 097.6330 183.590  0000000 000.0000 066.7530 15.01914300000000
1 10970U          19320.85694444  .00000000  00000-0  00000-0 0 00000
2 10970 097.6320 183.957  0000000 000.0000 276.7530 15.01914300000000
1 10970U          19321.16805556  .00000000  00000-0  00000-0 0 00000
2 10970 097.6310 184.264  0000000 000.0000 156.7530 15.01914300000000
1 10970U          19321.59236111  .00000000  00000-0  00000-0 0 00000
2 10970 097.6310 184.682  0000000 000.0000 288.0030 15.01914300000000
1 10970U          19321.95347222  .00000000  00000-0  00000-0 0 00000
2 10970 097.6300 185.038  0000000 000.0000 078.0030 15.01914300000000
1 10970U          19322.21388889  .00000000  00000-0  00000-0 0 00000
2 10970 097.6300 185.294  0000000 000.0000 044.2530 15.01914300000000
1 10970U          19322.58402778  .00000000  00000-0  00000-0 0 00000
2 10970 097.6290 185.659  0000000 000.0000 243.0030 15.01914300000000
1 10970U          19322.81666667  .00000000  00000-0  00000-0 0 00000
2 10970 097.6280 185.889  0000000 000.0000 059.2530 15.01914300000000
1 10970U          19323.23125000  .00000000  00000-0  00000-0 0 00000
2 10970 097.6280 186.297  0000000 000.0000 138.0030 15.01914300000000
1 10970U          19323.60555556  .00000000  00000-0  00000-0 0 00000
2 10970 097.6270 186.666  0000000 000.0000 359.2530 15.01914300000000
1 10970U          19323.93402778  .00000000  00000-0  00000-0 0 00000
2 10970 097.6260 186.990  0000000 000.0000 333.0030 15.01914300000000
1 10970U          19324.27361111  .00000000  00000-0  00000-0 0 00000
2 10970 097.6260 187.324  0000000 000.0000 006.7530 15.01914300000000
1 10970U          19324.53888889  .00000000  00000-0  00000-0 0 00000
2 10970 097.6250 187.586  0000000 000.0000 359.2530 15.01914300000000
1 10970U          19324.94236111  .00000000  00000-0  00000-0 0 00000
2 10970 097.6250 187.984  0000000 000.0000 018.0020 15.01914300000000
1 10970U          19325.23125000  .00000000  00000-0  00000-0 0 00000
2 10970 097.6240 188.268  0000000 000.0000 138.0020 15.01914300000000
1 10970U          19325.51458333  .00000000  00000-0  00000-0 0 00000
2 10970 097.6230 188.548  0000000 000.0000 228.0020 15.01914300000000
1 10970U          19325.83819444  .00000000  00000-0  00000-0 0 00000
2 10970 097.6230 188.866  0000000 000.0000 175.5020 15.01914300000000
1 10970U          19325.89583333  .00000000  00000-0  00000-0 0 00000
2 10970 097.6230 188.923  0000000 000.0000 126.7520 15.01914300000000
1 10970U          19326.15347222  .00000000  00000-0  00000-0 0 00000
2 10970 097.6220 189.177  0000000 000.0000 078.0020 15.01914300000000
1 10970U          19326.60972222  .00000000  00000-0  00000-0 0 00000
2 10970 097.6210 189.627  0000000 000.0000 021.7520 15.01914300000000
1 10970U          19326.92291667  .00000000  00000-0  00000-0 0 00000
2 10970 097.6210 189.936  0000000 000.0000 273.0020 15.01914300000000
1 10970U          19327.26458333  .00000000  00000-0  00000-0 0 00000
2 10970 097.6200 190.272  0000000 000.0000 318.0020 15.01914300000000
1 10970U          19327.49027778  .00000000  00000-0  00000-0 0 00000
2 10970 097.6200 190.495  0000000 000.0000 096.7520 15.01914300000000
1 10970U          19327.94236111  .00000000  00000-0  00000-0 0 00000
2 10970 097.6190 190.940  0000000 000.0000 018.0020 15.01914300000000
1 10970U          19328.22916667  .00000000  00000-0  00000-0 0 00000
2 10970 097.6190 191.223  0000000 000.0000 126.7520 15.01914300000000
1 10970U          19328.63333333  .00000000  00000-0  00000-0 0 00000
2 10970 097.6180 191.621  0000000 000.0000 149.2510 15.01914300000000
1 10970U          19328.82777778  .00000000  00000-0  00000-0 0 00000
2 10970 097.6170 191.813  0000000 000.0000 119.2510 15.01914300000000
1 10970U          19329.28402778  .00000000  00000-0  00000-0 0 00000
2 10970 097.6170 192.263  0000000 000.0000 063.0010 15.01914300000000
1 10970U          19329.58958333  .00000000  00000-0  00000-0 0 00000
2 10970 097.6160 192.564  0000000 000.0000 273.0010 15.01914300000000
1 10970U          19329.82569444  .00000000  00000-0  00000-0 0 00000
2 10970 097.6160 192.796  0000000 000.0000 108.0010 15.01914300000000
1 10970U          19330.23819444  .00000000  00000-0  00000-0 0 00000
2 10970 097.6150 193.203  0000000 000.0000 175.5010 15.01914300000000
1 10970U          19330.57083333  .00000000  00000-0  00000-0 0 00000
2 10970 097.6140 193.531  0000000 000.0000 171.7510 15.01914300000000
1 10970U          19330.84861111  .00000000  00000-0  00000-0 0 00000
2 10970 097.6140 193.805  0000000 000.0000 231.7510 15.01914300000000
1 10970U          19331.30833333  .00000000  00000-0  00000-0 0 00000
2 10970 097.6130 194.258  0000000 000.0000 194.2500 15.01914300000000
1 10970U          19331.49861111  .00000000  00000-0  00000-0 0 00000
2 10970 097.6130 194.445  0000000 000.0000 141.7500 15.01914300000000
1 10970U          19331.85486111  .00000000  00000-0  00000-0 0 00000
2 10970 097.6120 194.796  0000000 000.0000 265.5000 15.01914300000000
1 10970U          19332.23750000  .00000000  00000-0  00000-0 0 00000
2 10970 097.6110 195.173  0000000 000.0000 171.7500 15.01914300000000
1 10970U          19332.58611111  .00000000  00000-0  00000-0 0 00000
2 10970 097.6110 195.517  0000000 000.0000 254.2500 15.01914300000000
1 10970U          19332.89583333  .00000000  00000-0  00000-0 0 00000
2 10970 097.6100 195.822  0000000 000.0000 126.7500 15.01914300000000
