1 11349U          19281.95138889  .00000000  00000-0  00000-0 0 00000
2 11349 097.7010 145.609  0000000 000.0000 210.7330 15.01920000000000
1 11349U          19282.37430556  .00000000  00000-0  00000-0 0 00000
2 11349 097.7000 146.026  0000000 000.0000 334.4840 15.01920000000000
1 11349U          19282.68333333  .00000000  00000-0  00000-0 0 00000
2 11349 097.7000 146.331  0000000 000.0000 203.2340 15.01920000000000
1 11349U          19283.08125000  .00000000  00000-0  00000-0 0 00000
2 11349 097.6990 146.723  0000000 000.0000 191.9840 15.01920000000000
1 11349U          19283.35000000  .00000000  00000-0  00000-0 0 00000
2 11349 097.6990 146.988  0000000 000.0000 203.2350 15.01920000000000
1 11349U          19283.69375000  .00000000  00000-0  00000-0 0 00000
2 11349 097.6980 147.327  0000000 000.0000 259.4850 15.01920000000000
1 11349U          19284.01111111  .00000000  00000-0  00000-0 0 00000
2 11349 097.6970 147.639  0000000 000.0000 173.2350 15.01920000000000
1 11349U          19284.31111111  .00000000  00000-0  00000-0 0 00000
2 11349 097.6970 147.935  0000000 000.0000 353.2360 15.01920000000000
1 11349U          19284.69652778  .00000000  00000-0  00000-0 0 00000
2 11349 097.6960 148.315  0000000 000.0000 274.4860 15.01920000000000
1 11349U          19285.05972222  .00000000  00000-0  00000-0 0 00000
2 11349 097.6960 148.673  0000000 000.0000 075.7370 15.01920000000000
1 11349U          19285.27916667  .00000000  00000-0  00000-0 0 00000
2 11349 097.6950 148.889  0000000 000.0000 180.7370 15.01920000000000
1 11349U          19285.58750000  .00000000  00000-0  00000-0 0 00000
2 11349 097.6950 149.193  0000000 000.0000 045.7370 15.01920000000000
1 11349U          19286.07638889  .00000000  00000-0  00000-0 0 00000
2 11349 097.6940 149.675  0000000 000.0000 165.7380 15.01920000000000
1 11349U          19286.34097222  .00000000  00000-0  00000-0 0 00000
2 11349 097.6940 149.936  0000000 000.0000 154.4880 15.01920000000000
1 11349U          19286.74444444  .00000000  00000-0  00000-0 0 00000
2 11349 097.6930 150.334  0000000 000.0000 173.2380 15.01920000000000
1 11349U          19287.04722222  .00000000  00000-0  00000-0 0 00000
2 11349 097.6930 150.632  0000000 000.0000 008.2380 15.01920000000000
1 11349U          19287.38125000  .00000000  00000-0  00000-0 0 00000
2 11349 097.6920 150.961  0000000 000.0000 011.9890 15.01920000000000
1 11349U          19287.67222222  .00000000  00000-0  00000-0 0 00000
2 11349 097.6920 151.248  0000000 000.0000 143.2390 15.01920000000000
1 11349U          19287.94722222  .00000000  00000-0  00000-0 0 00000
2 11349 097.6910 151.519  0000000 000.0000 188.2390 15.01920000000000
1 11349U          19288.26250000  .00000000  00000-0  00000-0 0 00000
2 11349 097.6910 151.830  0000000 000.0000 090.7400 15.01920000000000
1 11349U          19288.68888889  .00000000  00000-0  00000-0 0 00000
2 11349 097.6900 152.250  0000000 000.0000 233.2400 15.01920000000000
1 11349U          19288.98402778  .00000000  00000-0  00000-0 0 00000
2 11349 097.6890 152.541  0000000 000.0000 026.9900 15.01920000000000
1 11349U          19289.31736111  .00000000  00000-0  00000-0 0 00000
2 11349 097.6890 152.870  0000000 000.0000 026.9910 15.01920000000000
1 11349U          19289.65416667  .00000000  00000-0  00000-0 0 00000
2 11349 097.6880 153.202  0000000 000.0000 045.7410 15.01920000000000
1 11349U          19290.05833333  .00000000  00000-0  00000-0 0 00000
2 11349 097.6880 153.600  0000000 000.0000 068.2410 15.01920000000000
1 11349U          19290.36458333  .00000000  00000-0  00000-0 0 00000
2 11349 097.6870 153.902  0000000 000.0000 281.9910 15.01920000000000
1 11349U          19290.63402778  .00000000  00000-0  00000-0 0 00000
2 11349 097.6870 154.168  0000000 000.0000 296.9920 15.01920000000000
1 11349U          19291.03263889  .00000000  00000-0  00000-0 0 00000
2 11349 097.6860 154.561  0000000 000.0000 289.4920 15.01920000000000
1 11349U          19291.28819444  .00000000  00000-0  00000-0 0 00000
2 11349 097.6860 154.813  0000000 000.0000 229.4920 15.01920000000000
1 11349U          19291.73541667  .00000000  00000-0  00000-0 0 00000
2 11349 097.6850 155.253  0000000 000.0000 124.4930 15.01920000000000
1 11349U          19291.93125000  .00000000  00000-0  00000-0 0 00000
2 11349 097.6850 155.446  0000000 000.0000 101.9930 15.01920000000000
1 11349U          19292.37708333  .00000000  00000-0  00000-0 0 00000
2 11349 097.6840 155.886  0000000 000.0000 349.4930 15.01920000000000
1 11349U          19292.68263889  .00000000  00000-0  00000-0 0 00000
2 11349 097.6830 156.187  0000000 000.0000 199.4930 15.01920000000000
1 11349U          19292.98194444  .00000000  00000-0  00000-0 0 00000
2 11349 097.6830 156.482  0000000 000.0000 015.7440 15.01920000000000
1 11349U          19293.36388889  .00000000  00000-0  00000-0 0 00000
2 11349 097.6820 156.859  0000000 000.0000 278.2440 15.01920000000000
1 11349U          19293.62708333  .00000000  00000-0  00000-0 0 00000
2 11349 097.6820 157.118  0000000 000.0000 259.4940 15.01920000000000
1 11349U          19294.02291667  .00000000  00000-0  00000-0 0 00000
2 11349 097.6810 157.508  0000000 000.0000 236.9940 15.01920000000000
1 11349U          19294.36111111  .00000000  00000-0  00000-0 0 00000
2 11349 097.6800 157.842  0000000 000.0000 263.2450 15.01920000000000
1 11349U          19294.68958333  .00000000  00000-0  00000-0 0 00000
2 11349 097.6800 158.165  0000000 000.0000 236.9950 15.01920000000000
1 11349U          19294.95763889  .00000000  00000-0  00000-0 0 00000
2 11349 097.6790 158.430  0000000 000.0000 244.4950 15.01920000000000
1 11349U          19295.37222222  .00000000  00000-0  00000-0 0 00000
2 11349 097.6790 158.838  0000000 000.0000 323.2450 15.01920000000000
1 11349U          19295.67916667  .00000000  00000-0  00000-0 0 00000
2 11349 097.6780 159.141  0000000 000.0000 180.7460 15.01920000000000
1 11349U          19295.98958333  .00000000  00000-0  00000-0 0 00000
2 11349 097.6780 159.447  0000000 000.0000 056.9960 15.01920000000000
1 11349U          19296.36736111  .00000000  00000-0  00000-0 0 00000
2 11349 097.6770 159.819  0000000 000.0000 296.9960 15.01920000000000
1 11349U          19296.67013889  .00000000  00000-0  00000-0 0 00000
2 11349 097.6760 160.118  0000000 000.0000 131.9960 15.01920000000000
1 11349U          19296.98194444  .00000000  00000-0  00000-0 0 00000
2 11349 097.6760 160.425  0000000 000.0000 015.7460 15.01920000000000
1 11349U          19297.37222222  .00000000  00000-0  00000-0 0 00000
2 11349 097.6750 160.810  0000000 000.0000 323.2470 15.01920000000000
1 11349U          19297.72986111  .00000000  00000-0  00000-0 0 00000
2 11349 097.6740 161.162  0000000 000.0000 094.4970 15.01920000000000
1 11349U          19297.97847222  .00000000  00000-0  00000-0 0 00000
2 11349 097.6740 161.407  0000000 000.0000 356.9970 15.01920000000000
1 11349U          19298.37430556  .00000000  00000-0  00000-0 0 00000
2 11349 097.6730 161.797  0000000 000.0000 334.4970 15.01920000000000
1 11349U          19298.64097222  .00000000  00000-0  00000-0 0 00000
2 11349 097.6730 162.060  0000000 000.0000 334.4980 15.01920000000000
1 11349U          19299.01041667  .00000000  00000-0  00000-0 0 00000
2 11349 097.6720 162.424  0000000 000.0000 169.4980 15.01920000000000
1 11349U          19299.34583333  .00000000  00000-0  00000-0 0 00000
2 11349 097.6720 162.755  0000000 000.0000 180.7480 15.01920000000000
1 11349U          19299.59305556  .00000000  00000-0  00000-0 0 00000
2 11349 097.6710 162.999  0000000 000.0000 075.7480 15.01920000000000
1 11349U          19300.00833333  .00000000  00000-0  00000-0 0 00000
2 11349 097.6700 163.408  0000000 000.0000 158.2480 15.01920000000000
1 11349U          19300.26875000  .00000000  00000-0  00000-0 0 00000
2 11349 097.6700 163.665  0000000 000.0000 124.4980 15.01920000000000
1 11349U          19300.69861111  .00000000  00000-0  00000-0 0 00000
2 11349 097.6690 164.088  0000000 000.0000 285.7490 15.01920000000000
1 11349U          19300.97083333  .00000000  00000-0  00000-0 0 00000
2 11349 097.6690 164.357  0000000 000.0000 315.7490 15.01920000000000
1 11349U          19301.28402778  .00000000  00000-0  00000-0 0 00000
2 11349 097.6680 164.665  0000000 000.0000 206.9990 15.01920000000000
1 11349U          19301.72152778  .00000000  00000-0  00000-0 0 00000
2 11349 097.6670 165.097  0000000 000.0000 049.4990 15.01920000000000
1 11349U          19302.06736111  .00000000  00000-0  00000-0 0 00000
2 11349 097.6670 165.438  0000000 000.0000 116.9990 15.01920000000000
1 11349U          19302.25208333  .00000000  00000-0  00000-0 0 00000
2 11349 097.6660 165.620  0000000 000.0000 034.4990 15.01920000000000
1 11349U          19302.70208333  .00000000  00000-0  00000-0 0 00000
2 11349 097.6660 166.063  0000000 000.0000 304.5000 15.01920000000000
1 11349U          19303.01944444  .00000000  00000-0  00000-0 0 00000
2 11349 097.6650 166.376  0000000 000.0000 218.2500 15.01920000000000
1 11349U          19303.28263889  .00000000  00000-0  00000-0 0 00000
2 11349 097.6650 166.635  0000000 000.0000 199.5000 15.01920000000000
1 11349U          19303.66875000  .00000000  00000-0  00000-0 0 00000
2 11349 097.6640 167.016  0000000 000.0000 124.5000 15.01920000000000
1 11349U          19303.96875000  .00000000  00000-0  00000-0 0 00000
2 11349 097.6630 167.312  0000000 000.0000 304.5000 15.01920000000000
1 11349U          19304.38750000  .00000000  00000-0  00000-0 0 00000
2 11349 097.6630 167.724  0000000 000.0000 045.7500 15.01920000000000
1 11349U          19304.72638889  .00000000  00000-0  00000-0 0 00000
2 11349 097.6620 168.058  0000000 000.0000 075.7510 15.01920000000000
1 11349U          19304.94791667  .00000000  00000-0  00000-0 0 00000
2 11349 097.6620 168.277  0000000 000.0000 192.0010 15.01920000000000
1 11349U          19305.32777778  .00000000  00000-0  00000-0 0 00000
2 11349 097.6610 168.651  0000000 000.0000 083.2510 15.01920000000000
1 11349U          19305.72222222  .00000000  00000-0  00000-0 0 00000
2 11349 097.6600 169.040  0000000 000.0000 053.2510 15.01920000000000
1 11349U          19306.06250000  .00000000  00000-0  00000-0 0 00000
2 11349 097.6590 169.375  0000000 000.0000 090.7510 15.01920000000000
1 11349U          19306.40555556  .00000000  00000-0  00000-0 0 00000
2 11349 097.6590 169.714  0000000 000.0000 143.2510 15.01920000000000
1 11349U          19306.64166667  .00000000  00000-0  00000-0 0 00000
2 11349 097.6580 169.946  0000000 000.0000 338.2510 15.01920000000000
1 11349U          19306.93819444  .00000000  00000-0  00000-0 0 00000
2 11349 097.6580 170.238  0000000 000.0000 139.5010 15.01920000000000
1 11349U          19307.30347222  .00000000  00000-0  00000-0 0 00000
2 11349 097.6570 170.599  0000000 000.0000 312.0020 15.01920000000000
1 11349U          19307.69652778  .00000000  00000-0  00000-0 0 00000
2 11349 097.6560 170.986  0000000 000.0000 274.5020 15.01920000000000
1 11349U          19307.92777778  .00000000  00000-0  00000-0 0 00000
2 11349 097.6560 171.214  0000000 000.0000 083.2520 15.01920000000000
1 11349U          19308.32152778  .00000000  00000-0  00000-0 0 00000
2 11349 097.6550 171.602  0000000 000.0000 049.5020 15.01920000000000
1 11349U          19308.59236111  .00000000  00000-0  00000-0 0 00000
2 11349 097.6550 171.869  0000000 000.0000 072.0020 15.01920000000000
1 11349U          19308.92291667  .00000000  00000-0  00000-0 0 00000
2 11349 097.6540 172.195  0000000 000.0000 057.0020 15.01920000000000
1 11349U          19309.36250000  .00000000  00000-0  00000-0 0 00000
2 11349 097.6530 172.628  0000000 000.0000 270.7520 15.01920000000000
1 11349U          19309.66458333  .00000000  00000-0  00000-0 0 00000
2 11349 097.6530 172.926  0000000 000.0000 102.0020 15.01920000000000
1 11349U          19310.06597222  .00000000  00000-0  00000-0 0 00000
2 11349 097.6520 173.321  0000000 000.0000 109.5020 15.01920000000000
1 11349U          19310.30069444  .00000000  00000-0  00000-0 0 00000
2 11349 097.6520 173.553  0000000 000.0000 297.0020 15.01920000000000
1 11349U          19310.60625000  .00000000  00000-0  00000-0 0 00000
2 11349 097.6510 173.854  0000000 000.0000 147.0030 15.01920000000000
1 11349U          19310.93611111  .00000000  00000-0  00000-0 0 00000
2 11349 097.6500 174.179  0000000 000.0000 128.2530 15.01920000000000
1 11349U          19311.34513889  .00000000  00000-0  00000-0 0 00000
2 11349 097.6500 174.582  0000000 000.0000 177.0030 15.01920000000000
1 11349U          19311.63958333  .00000000  00000-0  00000-0 0 00000
2 11349 097.6490 174.872  0000000 000.0000 327.0030 15.01920000000000
1 11349U          19311.90416667  .00000000  00000-0  00000-0 0 00000
2 11349 097.6490 175.133  0000000 000.0000 315.7530 15.01914300000000
1 11349U          19312.25625000  .00000000  00000-0  00000-0 0 00000
2 11349 097.6480 175.480  0000000 000.0000 057.0030 15.01914300000000
1 11349U          19312.56111111  .00000000  00000-0  00000-0 0 00000
2 11349 097.6470 175.781  0000000 000.0000 263.2530 15.01914300000000
1 11349U          19312.87291667  .00000000  00000-0  00000-0 0 00000
2 11349 097.6470 176.088  0000000 000.0000 147.0030 15.01914300000000
1 11349U          19313.30694444  .00000000  00000-0  00000-0 0 00000
2 11349 097.6460 176.516  0000000 000.0000 330.7530 15.01914300000000
1 11349U          19313.58055556  .00000000  00000-0  00000-0 0 00000
2 11349 097.6460 176.785  0000000 000.0000 008.2530 15.01914300000000
1 11349U          19313.92777778  .00000000  00000-0  00000-0 0 00000
2 11349 097.6450 177.128  0000000 000.0000 083.2530 15.01914300000000
1 11349U          19314.28680556  .00000000  00000-0  00000-0 0 00000
2 11349 097.6440 177.482  0000000 000.0000 222.0030 15.01914300000000
1 11349U          19314.64097222  .00000000  00000-0  00000-0 0 00000
2 11349 097.6440 177.831  0000000 000.0000 334.5030 15.01914300000000
1 11349U          19314.95069444  .00000000  00000-0  00000-0 0 00000
2 11349 097.6430 178.136  0000000 000.0000 207.0030 15.01914300000000
1 11349U          19315.21319444  .00000000  00000-0  00000-0 0 00000
2 11349 097.6430 178.395  0000000 000.0000 184.5030 15.01914300000000
1 11349U          19315.53750000  .00000000  00000-0  00000-0 0 00000
2 11349 097.6420 178.714  0000000 000.0000 135.7530 15.01914300000000
1 11349U          19315.93263889  .00000000  00000-0  00000-0 0 00000
2 11349 097.6410 179.104  0000000 000.0000 109.5030 15.01914300000000
1 11349U          19316.21805556  .00000000  00000-0  00000-0 0 00000
2 11349 097.6410 179.385  0000000 000.0000 210.7530 15.01914300000000
1 11349U          19316.56944444  .00000000  00000-0  00000-0 0 00000
2 11349 097.6400 179.731  0000000 000.0000 308.2530 15.01914300000000
1 11349U          19316.91666667  .00000000  00000-0  00000-0 0 00000
2 11349 097.6390 180.074  0000000 000.0000 023.2530 15.01914300000000
1 11349U          19317.27361111  .00000000  00000-0  00000-0 0 00000
2 11349 097.6390 180.425  0000000 000.0000 150.7530 15.01914300000000
1 11349U          19317.60208333  .00000000  00000-0  00000-0 0 00000
2 11349 097.6380 180.749  0000000 000.0000 124.5030 15.01914300000000
1 11349U          19317.85347222  .00000000  00000-0  00000-0 0 00000
2 11349 097.6380 180.997  0000000 000.0000 042.0030 15.01914300000000
1 11349U          19318.27430556  .00000000  00000-0  00000-0 0 00000
2 11349 097.6370 181.412  0000000 000.0000 154.5030 15.01914300000000
1 11349U          19318.59861111  .00000000  00000-0  00000-0 0 00000
2 11349 097.6360 181.731  0000000 000.0000 105.7530 15.01914300000000
1 11349U          19318.89583333  .00000000  00000-0  00000-0 0 00000
2 11349 097.6360 182.024  0000000 000.0000 270.7530 15.01914300000000
1 11349U          19318.89583333  .00000000  00000-0  00000-0 0 00000
2 11349 097.6360 182.024  0000000 000.0000 270.7530 15.01914300000000
1 11349U          19319.15208333  .00000000  00000-0  00000-0 0 00000
2 11349 097.6350 182.277  0000000 000.0000 214.5030 15.01914300000000
1 11349U          19319.53750000  .00000000  00000-0  00000-0 0 00000
2 11349 097.6350 182.657  0000000 000.0000 135.7530 15.01914300000000
1 11349U          19319.89444444  .00000000  00000-0  00000-0 0 00000
2 11349 097.6340 183.008  0000000 000.0000 263.2530 15.01914300000000
1 11349U          19320.14722222  .00000000  00000-0  00000-0 0 00000
2 11349 097.6330 183.258  0000000 000.0000 188.2530 15.01914300000000
1 11349U          19320.60555556  .00000000  00000-0  00000-0 0 00000
2 11349 097.6330 183.709  0000000 000.0000 143.2530 15.01914300000000
1 11349U          19320.85763889  .00000000  00000-0  00000-0 0 00000
2 11349 097.6320 183.958  0000000 000.0000 064.5030 15.01914300000000
1 11349U          19321.15416667  .00000000  00000-0  00000-0 0 00000
2 11349 097.6320 184.250  0000000 000.0000 225.7530 15.01914300000000
1 11349U          19321.62916667  .00000000  00000-0  00000-0 0 00000
2 11349 097.6310 184.718  0000000 000.0000 270.7530 15.01914300000000
1 11349U          19321.92013889  .00000000  00000-0  00000-0 0 00000
2 11349 097.6300 185.005  0000000 000.0000 042.0030 15.01914300000000
1 11349U          19322.22083333  .00000000  00000-0  00000-0 0 00000
2 11349 097.6300 185.301  0000000 000.0000 225.7530 15.01914300000000
1 11349U          19322.56805556  .00000000  00000-0  00000-0 0 00000
2 11349 097.6290 185.644  0000000 000.0000 300.7530 15.01914300000000
1 11349U          19322.81319444  .00000000  00000-0  00000-0 0 00000
2 11349 097.6280 185.885  0000000 000.0000 184.5030 15.01914300000000
1 11349U          19323.22569444  .00000000  00000-0  00000-0 0 00000
2 11349 097.6280 186.292  0000000 000.0000 252.0030 15.01914300000000
1 11349U          19323.54444444  .00000000  00000-0  00000-0 0 00000
2 11349 097.6270 186.606  0000000 000.0000 173.2530 15.01914300000000
1 11349U          19323.90416667  .00000000  00000-0  00000-0 0 00000
2 11349 097.6260 186.960  0000000 000.0000 315.7530 15.01914300000000
1 11349U          19324.23611111  .00000000  00000-0  00000-0 0 00000
2 11349 097.6260 187.288  0000000 000.0000 308.2530 15.01914300000000
1 11349U          19324.60416667  .00000000  00000-0  00000-0 0 00000
2 11349 097.6250 187.650  0000000 000.0000 135.7530 15.01914300000000
1 11349U          19324.94305556  .00000000  00000-0  00000-0 0 00000
2 11349 097.6250 187.984  0000000 000.0000 165.7520 15.01914300000000
1 11349U          19325.17083333  .00000000  00000-0  00000-0 0 00000
2 11349 097.6240 188.209  0000000 000.0000 315.7520 15.01914300000000
1 11349U          19325.51111111  .00000000  00000-0  00000-0 0 00000
2 11349 097.6230 188.544  0000000 000.0000 353.2520 15.01914300000000
1 11349U          19325.89583333  .00000000  00000-0  00000-0 0 00000
2 11349 097.6230 188.923  0000000 000.0000 270.7520 15.01914300000000
1 11349U          19325.91180556  .00000000  00000-0  00000-0 0 00000
2 11349 097.6230 188.939  0000000 000.0000 357.0020 15.01914300000000
1 11349U          19326.24305556  .00000000  00000-0  00000-0 0 00000
2 11349 097.6220 189.265  0000000 000.0000 345.7520 15.01914300000000
1 11349U          19326.52638889  .00000000  00000-0  00000-0 0 00000
2 11349 097.6220 189.545  0000000 000.0000 075.7520 15.01914300000000
1 11349U          19326.86527778  .00000000  00000-0  00000-0 0 00000
2 11349 097.6210 189.879  0000000 000.0000 105.7520 15.01914300000000
1 11349U          19327.24097222  .00000000  00000-0  00000-0 0 00000
2 11349 097.6200 190.249  0000000 000.0000 334.5020 15.01914300000000
1 11349U          19327.52638889  .00000000  00000-0  00000-0 0 00000
2 11349 097.6200 190.530  0000000 000.0000 075.7520 15.01914300000000
1 11349U          19327.90833333  .00000000  00000-0  00000-0 0 00000
2 11349 097.6190 190.907  0000000 000.0000 338.2520 15.01914300000000
1 11349U          19328.30416667  .00000000  00000-0  00000-0 0 00000
2 11349 097.6180 191.297  0000000 000.0000 315.7520 15.01914300000000
1 11349U          19328.55763889  .00000000  00000-0  00000-0 0 00000
2 11349 097.6180 191.547  0000000 000.0000 244.5010 15.01914300000000
1 11349U          19328.84513889  .00000000  00000-0  00000-0 0 00000
2 11349 097.6170 191.830  0000000 000.0000 357.0010 15.01914300000000
1 11349U          19329.20069444  .00000000  00000-0  00000-0 0 00000
2 11349 097.6170 192.180  0000000 000.0000 117.0010 15.01914300000000
1 11349U          19329.49236111  .00000000  00000-0  00000-0 0 00000
2 11349 097.6160 192.468  0000000 000.0000 252.0010 15.01914300000000
1 11349U          19329.97222222  .00000000  00000-0  00000-0 0 00000
2 11349 097.6150 192.941  0000000 000.0000 323.2510 15.01914300000000
1 11349U          19330.19722222  .00000000  00000-0  00000-0 0 00000
2 11349 097.6150 193.163  0000000 000.0000 098.2510 15.01914300000000
1 11349U          19330.62013889  .00000000  00000-0  00000-0 0 00000
2 11349 097.6140 193.579  0000000 000.0000 222.0010 15.01914300000000
1 11349U          19330.93611111  .00000000  00000-0  00000-0 0 00000
2 11349 097.6140 193.891  0000000 000.0000 128.2500 15.01914300000000
1 11349U          19331.24861111  .00000000  00000-0  00000-0 0 00000
2 11349 097.6130 194.199  0000000 000.0000 015.7500 15.01914300000000
1 11349U          19331.59861111  .00000000  00000-0  00000-0 0 00000
2 11349 097.6120 194.544  0000000 000.0000 105.7500 15.01914300000000
1 11349U          19331.83541667  .00000000  00000-0  00000-0 0 00000
2 11349 097.6120 194.777  0000000 000.0000 304.5000 15.01914300000000
1 11349U          19332.26805556  .00000000  00000-0  00000-0 0 00000
2 11349 097.6110 195.203  0000000 000.0000 120.7500 15.01914300000000
1 11349U          19332.55694444  .00000000  00000-0  00000-0 0 00000
2 11349 097.6110 195.488  0000000 000.0000 240.7500 15.01914300000000
1 11349U          19332.84097222  .00000000  00000-0  00000-0 0 00000
2 11349 097.6100 195.768  0000000 000.0000 334.5000 15.01914300000000
