1 11682U          19282.03541667  .00000000  00000-0  00000-0 0 00000
2 11682 097.7330 119.9730 0000000 000.0000 349.0190 00.06258000000000
1 11682U          19282.36527778  .00000000  00000-0  00000-0 0 00000
2 11682 097.7330 120.2980 0000000 000.0000 330.2700 00.06258000000000
1 11682U          19282.74722222  .00000000  00000-0  00000-0 0 00000
2 11682 097.7330 120.6750 0000000 000.0000 232.7710 00.06258000000000
1 11682U          19283.01319444  .00000000  00000-0  00000-0 0 00000
2 11682 097.7330 120.9370 0000000 000.0000 229.0210 00.06258000000000
1 11682U          19283.35069444  .00000000  00000-0  00000-0 0 00000
2 11682 097.7320 121.2690 0000000 000.0000 251.5220 00.06258000000000
1 11682U          19283.62152778  .00000000  00000-0  00000-0 0 00000
2 11682 097.7320 121.5360 0000000 000.0000 274.0220 00.06258000000000
1 11682U          19284.01944444  .00000000  00000-0  00000-0 0 00000
2 11682 097.7320 121.9290 0000000 000.0000 262.7730 00.06258000000000
1 11682U          19284.28333333  .00000000  00000-0  00000-0 0 00000
2 11682 097.7310 122.1890 0000000 000.0000 247.7730 00.06258000000000
1 11682U          19284.72916667  .00000000  00000-0  00000-0 0 00000
2 11682 097.7310 122.6280 0000000 000.0000 135.2740 00.06258000000000
1 11682U          19284.96319444  .00000000  00000-0  00000-0 0 00000
2 11682 097.7310 122.8590 0000000 000.0000 319.0240 00.06258000000000
1 11682U          19285.38333333  .00000000  00000-0  00000-0 0 00000
2 11682 097.7300 123.2730 0000000 000.0000 067.7750 00.06258000000000
1 11682U          19285.71111111  .00000000  00000-0  00000-0 0 00000
2 11682 097.7300 123.5960 0000000 000.0000 037.7750 00.06258000000000
1 11682U          19285.95763889  .00000000  00000-0  00000-0 0 00000
2 11682 097.7300 123.8390 0000000 000.0000 289.0260 00.06258000000000
1 11682U          19286.33194444  .00000000  00000-0  00000-0 0 00000
2 11682 097.7290 124.2080 0000000 000.0000 150.2760 00.06258000000000
1 11682U          19286.73541667  .00000000  00000-0  00000-0 0 00000
2 11682 097.7290 124.6060 0000000 000.0000 169.0270 00.06258000000000
1 11682U          19286.94166667  .00000000  00000-0  00000-0 0 00000
2 11682 097.7290 124.8100 0000000 000.0000 202.7770 00.06258000000000
1 11682U          19287.26388889  .00000000  00000-0  00000-0 0 00000
2 11682 097.7280 125.1270 0000000 000.0000 142.7780 00.06258000000000
1 11682U          19287.71319444  .00000000  00000-0  00000-0 0 00000
2 11682 097.7280 125.5700 0000000 000.0000 049.0290 00.06258000000000
1 11682U          19287.93819444  .00000000  00000-0  00000-0 0 00000
2 11682 097.7270 125.7920 0000000 000.0000 184.0290 00.06258000000000
1 11682U          19288.32569444  .00000000  00000-0  00000-0 0 00000
2 11682 097.7270 126.1740 0000000 000.0000 116.5290 00.06258000000000
1 11682U          19288.59583333  .00000000  00000-0  00000-0 0 00000
2 11682 097.7270 126.4400 0000000 000.0000 135.2800 00.06258000000000
1 11682U          19289.04444444  .00000000  00000-0  00000-0 0 00000
2 11682 097.7260 126.8820 0000000 000.0000 037.7810 00.06258000000000
1 11682U          19289.31250000  .00000000  00000-0  00000-0 0 00000
2 11682 097.7260 127.1470 0000000 000.0000 045.2810 00.06258000000000
1 11682U          19289.69305556  .00000000  00000-0  00000-0 0 00000
2 11682 097.7260 127.5220 0000000 000.0000 300.2820 00.06258000000000
1 11682U          19289.95486111  .00000000  00000-0  00000-0 0 00000
2 11682 097.7250 127.7800 0000000 000.0000 274.0320 00.06258000000000
1 11682U          19290.28125000  .00000000  00000-0  00000-0 0 00000
2 11682 097.7250 128.1020 0000000 000.0000 236.5320 00.06258000000000
1 11682U          19290.62569444  .00000000  00000-0  00000-0 0 00000
2 11682 097.7240 128.4410 0000000 000.0000 296.5330 00.06258000000000
1 11682U          19290.93125000  .00000000  00000-0  00000-0 0 00000
2 11682 097.7240 128.7420 0000000 000.0000 146.5330 00.06258000000000
1 11682U          19291.31736111  .00000000  00000-0  00000-0 0 00000
2 11682 097.7240 129.1230 0000000 000.0000 071.5340 00.06258000000000
1 11682U          19291.68263889  .00000000  00000-0  00000-0 0 00000
2 11682 097.7230 129.4830 0000000 000.0000 244.0350 00.06258000000000
1 11682U          19292.04930556  .00000000  00000-0  00000-0 0 00000
2 11682 097.7230 129.8450 0000000 000.0000 064.0350 00.06258000000000
1 11682U          19292.30833333  .00000000  00000-0  00000-0 0 00000
2 11682 097.7220 130.1000 0000000 000.0000 022.7850 00.06258000000000
1 11682U          19292.72291667  .00000000  00000-0  00000-0 0 00000
2 11682 097.7220 130.5090 0000000 000.0000 101.5360 00.06258000000000
1 11682U          19293.04305556  .00000000  00000-0  00000-0 0 00000
2 11682 097.7220 130.8240 0000000 000.0000 030.2870 00.06258000000000
1 11682U          19293.33750000  .00000000  00000-0  00000-0 0 00000
2 11682 097.7210 131.1150 0000000 000.0000 180.2870 00.06258000000000
1 11682U          19293.70208333  .00000000  00000-0  00000-0 0 00000
2 11682 097.7210 131.4740 0000000 000.0000 349.0370 00.06258000000000
1 11682U          19294.00416667  .00000000  00000-0  00000-0 0 00000
2 11682 097.7200 131.7720 0000000 000.0000 180.2880 00.06258000000000
1 11682U          19294.39652778  .00000000  00000-0  00000-0 0 00000
2 11682 097.7200 132.1590 0000000 000.0000 139.0380 00.06258000000000
1 11682U          19294.70277778  .00000000  00000-0  00000-0 0 00000
2 11682 097.7190 132.4600 0000000 000.0000 352.7890 00.06258000000000
1 11682U          19294.98333333  .00000000  00000-0  00000-0 0 00000
2 11682 097.7190 132.7370 0000000 000.0000 067.7890 00.06258000000000
1 11682U          19295.29027778  .00000000  00000-0  00000-0 0 00000
2 11682 097.7190 133.0400 0000000 000.0000 285.2900 00.06258000000000
1 11682U          19295.60694444  .00000000  00000-0  00000-0 0 00000
2 11682 097.7180 133.3520 0000000 000.0000 195.2900 00.06258000000000
1 11682U          19296.00277778  .00000000  00000-0  00000-0 0 00000
2 11682 097.7180 133.7420 0000000 000.0000 172.7910 00.06258000000000
1 11682U          19296.32638889  .00000000  00000-0  00000-0 0 00000
2 11682 097.7170 134.0610 0000000 000.0000 120.2910 00.06258000000000
1 11682U          19296.63680556  .00000000  00000-0  00000-0 0 00000
2 11682 097.7170 134.3670 0000000 000.0000 356.5420 00.06258000000000
1 11682U          19297.00625000  .00000000  00000-0  00000-0 0 00000
2 11682 097.7170 134.7310 0000000 000.0000 191.5420 00.06258000000000
1 11682U          19297.40555556  .00000000  00000-0  00000-0 0 00000
2 11682 097.7160 135.1250 0000000 000.0000 187.7930 00.06258000000000
1 11682U          19297.62986111  .00000000  00000-0  00000-0 0 00000
2 11682 097.7160 135.3460 0000000 000.0000 319.0430 00.06258000000000
1 11682U          19298.02916667  .00000000  00000-0  00000-0 0 00000
2 11682 097.7150 135.7400 0000000 000.0000 315.2940 00.06258000000000
1 11682U          19298.41041667  .00000000  00000-0  00000-0 0 00000
2 11682 097.7150 136.1150 0000000 000.0000 214.0440 00.06258000000000
1 11682U          19298.65416667  .00000000  00000-0  00000-0 0 00000
2 11682 097.7140 136.3560 0000000 000.0000 090.2940 00.06258000000000
1 11682U          19298.92638889  .00000000  00000-0  00000-0 0 00000
2 11682 097.7140 136.6240 0000000 000.0000 120.2950 00.06258000000000
1 11682U          19299.30416667  .00000000  00000-0  00000-0 0 00000
2 11682 097.7130 136.9960 0000000 000.0000 000.2950 00.06258000000000
1 11682U          19299.58402778  .00000000  00000-0  00000-0 0 00000
2 11682 097.7130 137.2720 0000000 000.0000 071.5460 00.06258000000000
1 11682U          19300.00000000  .00000000  00000-0  00000-0 0 00000
2 11682 097.7120 137.6820 0000000 000.0000 157.7960 00.06258000000000
1 11682U          19300.34652778  .00000000  00000-0  00000-0 0 00000
2 11682 097.7120 138.0240 0000000 000.0000 229.0470 00.06258000000000
1 11682U          19300.70347222  .00000000  00000-0  00000-0 0 00000
2 11682 097.7110 138.3760 0000000 000.0000 356.5470 00.06258000000000
1 11682U          19300.95347222  .00000000  00000-0  00000-0 0 00000
2 11682 097.7110 138.6220 0000000 000.0000 266.5470 00.06258000000000
1 11682U          19301.40972222  .00000000  00000-0  00000-0 0 00000
2 11682 097.7110 139.0720 0000000 000.0000 210.2980 00.06258000000000
1 11682U          19301.67500000  .00000000  00000-0  00000-0 0 00000
2 11682 097.7100 139.3340 0000000 000.0000 202.7980 00.06258000000000
1 11682U          19302.07916667  .00000000  00000-0  00000-0 0 00000
2 11682 097.7100 139.7320 0000000 000.0000 225.2990 00.06258000000000
1 11682U          19302.36180556  .00000000  00000-0  00000-0 0 00000
2 11682 097.7090 140.0110 0000000 000.0000 311.5490 00.06258000000000
1 11682U          19302.64097222  .00000000  00000-0  00000-0 0 00000
2 11682 097.7090 140.2860 0000000 000.0000 019.0490 00.06258000000000
1 11682U          19302.92500000  .00000000  00000-0  00000-0 0 00000
2 11682 097.7080 140.5660 0000000 000.0000 112.8000 00.06258000000000
1 11682U          19303.35555556  .00000000  00000-0  00000-0 0 00000
2 11682 097.7080 140.9900 0000000 000.0000 277.8000 00.06258000000000
1 11682U          19303.61736111  .00000000  00000-0  00000-0 0 00000
2 11682 097.7070 141.2480 0000000 000.0000 251.5510 00.06258000000000
1 11682U          19304.01041667  .00000000  00000-0  00000-0 0 00000
2 11682 097.7070 141.6360 0000000 000.0000 214.0510 00.06258000000000
1 11682U          19304.39791667  .00000000  00000-0  00000-0 0 00000
2 11682 097.7060 142.0180 0000000 000.0000 146.5520 00.06258000000000
1 11682U          19304.66319444  .00000000  00000-0  00000-0 0 00000
2 11682 097.7060 142.2790 0000000 000.0000 139.0520 00.06258000000000
1 11682U          19304.91875000  .00000000  00000-0  00000-0 0 00000
2 11682 097.7050 142.5310 0000000 000.0000 079.0520 00.06258000000000
1 11682U          19305.32916667  .00000000  00000-0  00000-0 0 00000
2 11682 097.7050 142.9360 0000000 000.0000 135.3030 00.06258000000000
1 11682U          19305.71527778  .00000000  00000-0  00000-0 0 00000
2 11682 097.7040 143.3160 0000000 000.0000 060.3030 00.06258000000000
1 11682U          19305.94027778  .00000000  00000-0  00000-0 0 00000
2 11682 097.7040 143.5380 0000000 000.0000 195.3030 00.06258000000000
1 11682U          19306.35833333  .00000000  00000-0  00000-0 0 00000
2 11682 097.7030 143.9500 0000000 000.0000 292.8040 00.06258000000000
1 11682U          19306.70833333  .00000000  00000-0  00000-0 0 00000
2 11682 097.7030 144.2950 0000000 000.0000 022.8040 00.06258000000000
1 11682U          19307.00694444  .00000000  00000-0  00000-0 0 00000
2 11682 097.7020 144.5900 0000000 000.0000 195.3050 00.06258000000000
1 11682U          19307.39444444  .00000000  00000-0  00000-0 0 00000
2 11682 097.7020 144.9720 0000000 000.0000 127.8050 00.06258000000000
1 11682U          19307.73472222  .00000000  00000-0  00000-0 0 00000
2 11682 097.7010 145.3070 0000000 000.0000 165.3050 00.06258000000000
1 11682U          19307.92291667  .00000000  00000-0  00000-0 0 00000
2 11682 097.7010 145.4920 0000000 000.0000 101.5560 00.06258000000000
1 11682U          19308.30277778  .00000000  00000-0  00000-0 0 00000
2 11682 097.7000 145.8670 0000000 000.0000 352.8060 00.06258000000000
1 11682U          19308.74652778  .00000000  00000-0  00000-0 0 00000
2 11682 097.7000 146.3040 0000000 000.0000 229.0560 00.06258000000000
1 11682U          19309.02500000  .00000000  00000-0  00000-0 0 00000
2 11682 097.6990 146.5790 0000000 000.0000 292.8070 00.06258000000000
1 11682U          19309.41319444  .00000000  00000-0  00000-0 0 00000
2 11682 097.6990 146.9620 0000000 000.0000 229.0570 00.06258000000000
1 11682U          19309.66458333  .00000000  00000-0  00000-0 0 00000
2 11682 097.6980 147.2090 0000000 000.0000 146.5570 00.06258000000000
1 11682U          19309.93958333  .00000000  00000-0  00000-0 0 00000
2 11682 097.6980 147.4800 0000000 000.0000 191.5580 00.06258000000000
1 11682U          19310.41527778  .00000000  00000-0  00000-0 0 00000
2 11682 097.6970 147.9490 0000000 000.0000 240.3080 00.06258000000000
1 11682U          19310.62083333  .00000000  00000-0  00000-0 0 00000
2 11682 097.6970 148.1520 0000000 000.0000 270.3080 00.06258000000000
1 11682U          19311.00486111  .00000000  00000-0  00000-0 0 00000
2 11682 097.6960 148.5300 0000000 000.0000 184.0590 00.06258000000000
1 11682U          19311.27847222  .00000000  00000-0  00000-0 0 00000
2 11682 097.6960 148.8000 0000000 000.0000 221.5590 00.06258000000000
1 11682U          19311.71736111  .00000000  00000-0  00000-0 0 00000
2 11682 097.6950 149.2330 0000000 000.0000 071.5600 00.06258000000000
1 11682U          19311.89583333  .00000000  00000-0  00000-0 0 00000
2 11682 097.6950 149.4090 0000000 000.0000 315.3100 15.01914300000000
1 11682U          19312.17708333  .00000000  00000-0  00000-0 0 00000
2 11682 097.6950 149.6860 0009230 257.6280 163.1420 15.36696900000000
1 11682U          19312.50625000  .00000000  00000-0  00000-0 0 00000
2 11682 097.6960 150.0300 0016370 275.8890 161.5410 15.37970600000000
1 11682U          19312.90138889  .00000000  00000-0  00000-0 0 00000
2 11682 097.6980 150.4420 0020510 302.4680 155.7530 15.38174300000000
1 11682U          19313.16319444  .00000000  00000-0  00000-0 0 00000
2 11682 097.6950 150.7140 0020710 307.8490 155.3310 15.38018200000000
1 11682U          19313.61388889  .00000000  00000-0  00000-0 0 00000
2 11682 097.6920 151.1770 0014170 265.6870 165.1440 15.37708700000000
1 11682U          19313.94305556  .00000000  00000-0  00000-0 0 00000
2 11682 097.6940 151.5180 0019300 285.5700 162.1120 15.38422400000000
1 11682U          19314.30972222  .00000000  00000-0  00000-0 0 00000
2 11682 097.6910 151.9040 0003770 139.9390 171.5860 15.35697200000000
1 11682U          19314.56388889  .00000000  00000-0  00000-0 0 00000
2 11682 097.6910 152.1630 0017840 077.4130 197.1370 15.38478600000000
1 11682U          19314.83194444  .00000000  00000-0  00000-0 0 00000
2 11682 097.6890 152.4440 0002530 159.3580 154.8080 15.35478600000000
1 11682U          19315.17152778  .00000000  00000-0  00000-0 0 00000
2 11682 097.6830 152.7840 0003869 035.4400 353.3740 15.33681000000000
1 11682U          19315.59166667  .00000000  00000-0  00000-0 0 00000
2 11682 097.6790 153.2250 0002850 295.1570 252.9270 15.32420500000000
1 11682U          19315.95625000  .00000000  00000-0  00000-0 0 00000
2 11682 097.6840 153.5970 0002240 199.9490 200.8590 15.35035500000000
1 11682U          19316.28333333  .00000000  00000-0  00000-0 0 00000
2 11682 097.6860 153.9350 0004880 217.6110 188.8910 15.35675400000000
1 11682U          19316.63194444  .00000000  00000-0  00000-0 0 00000
2 11682 097.6770 154.3050 0001230 057.9400 113.0860 15.32576400000000
1 11682U          19316.84166667  .00000000  00000-0  00000-0 0 00000
2 11682 097.6890 154.5150 0017240 042.5920 206.3510 15.37961400000000
1 11682U          19317.18263889  .00000000  00000-0  00000-0 0 00000
2 11682 097.6790 154.8750 0004870 288.7640 042.5900 15.33919800000000
1 11682U          19317.56180556  .00000000  00000-0  00000-0 0 00000
2 11682 097.6850 155.2650 0017690 069.7370 195.1280 15.38815300000000
1 11682U          19317.85625000  .00000000  00000-0  00000-0 0 00000
2 11682 097.6890 155.5700 0020050 280.8290 169.7410 15.38916700000000
1 11682U          19318.19236111  .00000000  00000-0  00000-0 0 00000
2 11682 097.6790 155.9210 0007320 005.8180 140.5090 15.34564500000000
1 11682U          19318.55069444  .00000000  00000-0  00000-0 0 00000
2 11682 097.6760 156.2950 0003930 239.1340 085.7770 15.34729000000000
1 11682U          19318.89583333  .00000000  00000-0  00000-0 0 00000
2 11682 097.6850 156.6420 0016250 250.6340 180.1420 15.38357300000000
1 11682U          19318.92291667  .00000000  00000-0  00000-0 0 00000
2 11682 097.6790 156.6690 0009110 348.2480 232.1010 15.35323600000000
1 11682U          19319.15000000  .00000000  00000-0  00000-0 0 00000
2 11682 097.6760 156.9030 0002300 165.1490 229.1090 15.34696700000000
1 11682U          19319.63750000  .00000000  00000-0  00000-0 0 00000
2 11682 097.6740 157.4110 0005890 304.9460 261.3010 15.33978800000000
1 11682U          19319.90694444  .00000000  00000-0  00000-0 0 00000
2 11682 097.6830 157.6900 0015960 057.9340 196.2350 15.38694000000000
1 11682U          19320.19930556  .00000000  00000-0  00000-0 0 00000
2 11682 097.6810 157.9920 0016179 244.1360 184.5400 15.38327900000000
1 11682U          19320.63750000  .00000000  00000-0  00000-0 0 00000
2 11682 097.6720 158.4570 0004720 243.8170 084.6920 15.34617300000000
1 11682U          19320.90486111  .00000000  00000-0  00000-0 0 00000
2 11682 097.6720 158.7260 0005670 355.5100 009.6070 15.32916200000000
1 11682U          19321.24375000  .00000000  00000-0  00000-0 0 00000
2 11682 097.6810 159.0750 0018300 252.6730 184.0530 15.38965700000000
1 11682U          19321.56180556  .00000000  00000-0  00000-0 0 00000
2 11682 097.6700 159.4040 0003890 166.7880 226.5670 15.34906800000000
1 11682U          19321.90416667  .00000000  00000-0  00000-0 0 00000
2 11682 097.6770 159.7670 0012560 319.9970 164.1320 15.37381600000000
1 11682U          19322.26111111  .00000000  00000-0  00000-0 0 00000
2 11682 097.6780 160.1360 0013580 135.5570 160.0440 15.38261100000000
1 11682U          19322.58055556  .00000000  00000-0  00000-0 0 00000
2 11682 097.6760 160.4630 0016239 074.8980 185.1780 15.39282800000000
1 11682U          19322.86458333  .00000000  00000-0  00000-0 0 00000
2 11682 097.6710 160.7530 0003330 149.8310 239.0990 15.34615100000000
1 11682U          19323.28611111  .00000000  00000-0  00000-0 0 00000
2 11682 097.6690 161.1910 0005830 234.8130 322.4590 15.33721100000000
1 11682U          19323.50833333  .00000000  00000-0  00000-0 0 00000
2 11682 097.6650 161.4280 0004750 284.0900 060.6330 15.33646700000000
1 11682U          19323.84791667  .00000000  00000-0  00000-0 0 00000
2 11682 097.6750 161.7730 0015140 223.6790 196.9400 15.38097100000000
1 11682U          19324.19722222  .00000000  00000-0  00000-0 0 00000
2 11682 097.6650 162.1360 0006730 212.5120 337.6460 15.33489300000000
1 11682U          19324.62986111  .00000000  00000-0  00000-0 0 00000
2 11682 097.6700 162.5850 0015210 220.5690 199.6150 15.38138900000000
1 11682U          19324.91527778  .00000000  00000-0  00000-0 0 00000
2 11682 097.6650 162.8800 0006280 224.1600 332.7630 15.33923900000000
1 11682U          19325.23958333  .00000000  00000-0  00000-0 0 00000
2 11682 097.6640 163.2170 0007570 203.5210 344.9990 15.33552300000000
1 11682U          19325.53402778  .00000000  00000-0  00000-0 0 00000
2 11682 097.6600 163.5230 0002220 099.1720 276.0670 15.33889200000000
1 11682U          19325.89583333  .00000000  00000-0  00000-0 0 00000
2 11682 097.6660 163.8950 0003480 291.0890 283.0700 15.35512000000000
1 11682U          19325.91666667  .00000000  00000-0  00000-0 0 00000
2 11682 097.6650 163.9260 0007460 211.8040 117.3480 15.35191400000000
1 11682U          19326.23472222  .00000000  00000-0  00000-0 0 00000
2 11682 097.6710 164.2530 0017590 126.6940 159.7000 15.39420600000000
1 11682U          19326.48263889  .00000000  00000-0  00000-0 0 00000
2 11682 097.6620 164.5020 0002890 299.3760 276.8730 15.35805700000000
1 11682U          19326.85902778  .00000000  00000-0  00000-0 0 00000
2 11682 097.6660 164.9040 0004430 335.6580 160.0910 15.36720600000000
1 11682U          19327.21388889  .00000000  00000-0  00000-0 0 00000
2 11682 097.6670 165.2690 0016820 143.4690 153.0090 15.38768500000000
1 11682U          19327.50902778  .00000000  00000-0  00000-0 0 00000
2 11682 097.6640 165.5770 0007570 312.6240 174.6460 15.37770800000000
1 11682U          19327.82361111  .00000000  00000-0  00000-0 0 00000
2 11682 097.6680 165.8950 0017809 221.5090 204.1240 15.39027100000000
1 11682U          19328.27500000  .00000000  00000-0  00000-0 0 00000
2 11682 097.6620 166.3610 0011350 177.0580 222.8610 15.36379600000000
1 11682U          19328.50902778  .00000000  00000-0  00000-0 0 00000
2 11682 097.6630 166.6060 0014900 082.2290 170.8940 15.39651800000000
1 11682U          19328.93402778  .00000000  00000-0  00000-0 0 00000
2 11682 097.6650 167.0480 0019610 241.8420 199.8470 15.40116700000000
1 11682U          19329.26736111  .00000000  00000-0  00000-0 0 00000
2 11682 097.6620 167.4000 0007800 301.0920 182.5940 15.38352600000000
1 11682U          19329.51597222  .00000000  00000-0  00000-0 0 00000
2 11682 097.6590 167.6490 0017250 205.1330 212.5850 15.38499200000000
1 11682U          19329.82986111  .00000000  00000-0  00000-0 0 00000
2 11682 097.6540 167.9810 0001900 227.9220 124.4210 15.34066700000000
1 11682U          19330.23402778  .00000000  00000-0  00000-0 0 00000
2 11682 097.6610 168.3940 0018700 215.6210 210.4560 15.39324400000000
1 11682U          19330.62708333  .00000000  00000-0  00000-0 0 00000
2 11682 097.6590 168.8070 0019340 233.5120 204.8930 15.40187400000000
1 11682U          19330.85625000  .00000000  00000-0  00000-0 0 00000
2 11682 097.6620 169.0430 0019280 101.9910 162.9960 15.40461300000000
1 11682U          19331.15138889  .00000000  00000-0  00000-0 0 00000
2 11682 097.6590 169.3510 0017300 256.6090 199.5940 15.40443600000000
1 11682U          19331.51388889  .00000000  00000-0  00000-0 0 00000
2 11682 097.6550 169.7320 0019620 148.9180 150.8650 15.38977300000000
1 11682U          19331.93680556  .00000000  00000-0  00000-0 0 00000
2 11682 097.6560 170.1700 0008930 283.7900 193.6110 15.39255200000000
1 11682U          19332.30555556  .00000000  00000-0  00000-0 0 00000
2 11682 097.6490 170.5490 0002940 168.0470 187.6600 15.34307900000000
1 11682U          19332.55277778  .00000000  00000-0  00000-0 0 00000
2 11682 097.6540 170.8090 0022480 125.5770 156.6820 15.40397300000000
1 11682U          19332.89583333  .00000000  00000-0  00000-0 0 00000
2 11682 097.6480 171.1580 0008179 137.8750 240.7840 15.34960800000000
