1 12309U          19281.93958333  .00000000  00000-0  00000-0 0 00000
2 12309 097.6720 017.000  0000000 000.0000 057.6460 15.01920000000000
1 12309U          19282.38263889  .00000000  00000-0  00000-0 0 00000
2 12309 097.6730 017.437  0000000 000.0000 290.1460 15.01920000000000
1 12309U          19282.69166667  .00000000  00000-0  00000-0 0 00000
2 12309 097.6740 017.741  0000000 000.0000 158.8960 15.01920000000000
1 12309U          19283.01527778  .00000000  00000-0  00000-0 0 00000
2 12309 097.6740 018.060  0000000 000.0000 106.3970 15.01920000000000
1 12309U          19283.31180556  .00000000  00000-0  00000-0 0 00000
2 12309 097.6750 018.353  0000000 000.0000 267.6470 15.01920000000000
1 12309U          19283.70000000  .00000000  00000-0  00000-0 0 00000
2 12309 097.6760 018.735  0000000 000.0000 203.8970 15.01920000000000
1 12309U          19284.05069444  .00000000  00000-0  00000-0 0 00000
2 12309 097.6760 019.081  0000000 000.0000 297.6470 15.01920000000000
1 12309U          19284.35555556  .00000000  00000-0  00000-0 0 00000
2 12309 097.6770 019.381  0000000 000.0000 143.8970 15.01920000000000
1 12309U          19284.69166667  .00000000  00000-0  00000-0 0 00000
2 12309 097.6770 019.713  0000000 000.0000 158.8980 15.01920000000000
1 12309U          19284.92430556  .00000000  00000-0  00000-0 0 00000
2 12309 097.6780 019.942  0000000 000.0000 335.1480 15.01920000000000
1 12309U          19285.30208333  .00000000  00000-0  00000-0 0 00000
2 12309 097.6780 020.314  0000000 000.0000 215.1480 15.01920000000000
1 12309U          19285.65138889  .00000000  00000-0  00000-0 0 00000
2 12309 097.6790 020.659  0000000 000.0000 301.3980 15.01920000000000
1 12309U          19286.06944444  .00000000  00000-0  00000-0 0 00000
2 12309 097.6800 021.071  0000000 000.0000 038.8990 15.01920000000000
1 12309U          19286.31111111  .00000000  00000-0  00000-0 0 00000
2 12309 097.6800 021.309  0000000 000.0000 263.8990 15.01920000000000
1 12309U          19286.64027778  .00000000  00000-0  00000-0 0 00000
2 12309 097.6810 021.633  0000000 000.0000 241.3990 15.01920000000000
1 12309U          19286.94513889  .00000000  00000-0  00000-0 0 00000
2 12309 097.6810 021.934  0000000 000.0000 087.6490 15.01920000000000
1 12309U          19287.40000000  .00000000  00000-0  00000-0 0 00000
2 12309 097.6820 022.382  0000000 000.0000 023.9000 15.01920000000000
1 12309U          19287.64513889  .00000000  00000-0  00000-0 0 00000
2 12309 097.6820 022.624  0000000 000.0000 267.6500 15.01920000000000
1 12309U          19287.92777778  .00000000  00000-0  00000-0 0 00000
2 12309 097.6830 022.903  0000000 000.0000 353.9000 15.01920000000000
1 12309U          19288.32847222  .00000000  00000-0  00000-0 0 00000
2 12309 097.6840 023.298  0000000 000.0000 357.6500 15.01920000000000
1 12309U          19288.64930556  .00000000  00000-0  00000-0 0 00000
2 12309 097.6840 023.614  0000000 000.0000 290.1510 15.01920000000000
1 12309U          19288.92083333  .00000000  00000-0  00000-0 0 00000
2 12309 097.6850 023.881  0000000 000.0000 316.4010 15.01920000000000
1 12309U          19289.39722222  .00000000  00000-0  00000-0 0 00000
2 12309 097.6850 024.351  0000000 000.0000 008.9010 15.01920000000000
1 12309U          19289.72291667  .00000000  00000-0  00000-0 0 00000
2 12309 097.6860 024.672  0000000 000.0000 327.6510 15.01920000000000
1 12309U          19289.95069444  .00000000  00000-0  00000-0 0 00000
2 12309 097.6860 024.897  0000000 000.0000 117.6520 15.01920000000000
1 12309U          19290.35763889  .00000000  00000-0  00000-0 0 00000
2 12309 097.6870 025.298  0000000 000.0000 155.1520 15.01920000000000
1 12309U          19290.72291667  .00000000  00000-0  00000-0 0 00000
2 12309 097.6880 025.658  0000000 000.0000 327.6520 15.01920000000000
1 12309U          19291.07847222  .00000000  00000-0  00000-0 0 00000
2 12309 097.6880 026.008  0000000 000.0000 087.6530 15.01920000000000
1 12309U          19291.25416667  .00000000  00000-0  00000-0 0 00000
2 12309 097.6880 026.181  0000000 000.0000 316.4030 15.01920000000000
1 12309U          19291.71736111  .00000000  00000-0  00000-0 0 00000
2 12309 097.6890 026.638  0000000 000.0000 297.6530 15.01920000000000
1 12309U          19292.07222222  .00000000  00000-0  00000-0 0 00000
2 12309 097.6900 026.988  0000000 000.0000 053.9040 15.01920000000000
1 12309U          19292.33402778  .00000000  00000-0  00000-0 0 00000
2 12309 097.6900 027.246  0000000 000.0000 027.6540 15.01920000000000
1 12309U          19292.60763889  .00000000  00000-0  00000-0 0 00000
2 12309 097.6910 027.516  0000000 000.0000 065.1540 15.01920000000000
1 12309U          19293.01388889  .00000000  00000-0  00000-0 0 00000
2 12309 097.6910 027.916  0000000 000.0000 098.9040 15.01920000000000
1 12309U          19293.27847222  .00000000  00000-0  00000-0 0 00000
2 12309 097.6920 028.177  0000000 000.0000 087.6550 15.01920000000000
1 12309U          19293.73888889  .00000000  00000-0  00000-0 0 00000
2 12309 097.6930 028.631  0000000 000.0000 053.9050 15.01920000000000
1 12309U          19293.96458333  .00000000  00000-0  00000-0 0 00000
2 12309 097.6930 028.853  0000000 000.0000 192.6550 15.01920000000000
1 12309U          19294.40694444  .00000000  00000-0  00000-0 0 00000
2 12309 097.6940 029.289  0000000 000.0000 061.4060 15.01920000000000
1 12309U          19294.59652778  .00000000  00000-0  00000-0 0 00000
2 12309 097.6940 029.476  0000000 000.0000 005.1560 15.01920000000000
1 12309U          19295.01527778  .00000000  00000-0  00000-0 0 00000
2 12309 097.6950 029.889  0000000 000.0000 106.4060 15.01920000000000
1 12309U          19295.28819444  .00000000  00000-0  00000-0 0 00000
2 12309 097.6950 030.158  0000000 000.0000 140.1570 15.01920000000000
1 12309U          19295.68750000  .00000000  00000-0  00000-0 0 00000
2 12309 097.6960 030.551  0000000 000.0000 136.4070 15.01920000000000
1 12309U          19295.95902778  .00000000  00000-0  00000-0 0 00000
2 12309 097.6960 030.819  0000000 000.0000 162.6570 15.01920000000000
1 12309U          19296.37430556  .00000000  00000-0  00000-0 0 00000
2 12309 097.6970 031.228  0000000 000.0000 245.1580 15.01920000000000
1 12309U          19296.72847222  .00000000  00000-0  00000-0 0 00000
2 12309 097.6970 031.578  0000000 000.0000 357.6580 15.01920000000000
1 12309U          19296.92847222  .00000000  00000-0  00000-0 0 00000
2 12309 097.6980 031.775  0000000 000.0000 357.6580 15.01920000000000
1 12309U          19297.37222222  .00000000  00000-0  00000-0 0 00000
2 12309 097.6980 032.212  0000000 000.0000 233.9090 15.01920000000000
1 12309U          19297.73750000  .00000000  00000-0  00000-0 0 00000
2 12309 097.6990 032.572  0000000 000.0000 046.4090 15.01920000000000
1 12309U          19298.02500000  .00000000  00000-0  00000-0 0 00000
2 12309 097.6990 032.856  0000000 000.0000 158.9090 15.01920000000000
1 12309U          19298.30972222  .00000000  00000-0  00000-0 0 00000
2 12309 097.7000 033.136  0000000 000.0000 256.4100 15.01920000000000
1 12309U          19298.70000000  .00000000  00000-0  00000-0 0 00000
2 12309 097.7000 033.521  0000000 000.0000 203.9100 15.01920000000000
1 12309U          19299.01597222  .00000000  00000-0  00000-0 0 00000
2 12309 097.7010 033.832  0000000 000.0000 110.1600 15.01920000000000
1 12309U          19299.40972222  .00000000  00000-0  00000-0 0 00000
2 12309 097.7020 034.221  0000000 000.0000 076.4110 15.01920000000000
1 12309U          19299.60000000  .00000000  00000-0  00000-0 0 00000
2 12309 097.7020 034.408  0000000 000.0000 023.9110 15.01920000000000
1 12309U          19299.97152778  .00000000  00000-0  00000-0 0 00000
2 12309 097.7020 034.774  0000000 000.0000 230.1620 15.01920000000000
1 12309U          19300.38819444  .00000000  00000-0  00000-0 0 00000
2 12309 097.7030 035.185  0000000 000.0000 320.1620 15.01920000000000
1 12309U          19300.65902778  .00000000  00000-0  00000-0 0 00000
2 12309 097.7030 035.452  0000000 000.0000 342.6620 15.01920000000000
1 12309U          19301.02430556  .00000000  00000-0  00000-0 0 00000
2 12309 097.7040 035.812  0000000 000.0000 155.1630 15.01920000000000
1 12309U          19301.36041667  .00000000  00000-0  00000-0 0 00000
2 12309 097.7040 036.144  0000000 000.0000 170.1630 15.01920000000000
1 12309U          19301.64513889  .00000000  00000-0  00000-0 0 00000
2 12309 097.7050 036.424  0000000 000.0000 267.6630 15.01920000000000
1 12309U          19301.99166667  .00000000  00000-0  00000-0 0 00000
2 12309 097.7050 036.766  0000000 000.0000 338.9140 15.01920000000000
1 12309U          19302.29930556  .00000000  00000-0  00000-0 0 00000
2 12309 097.7060 037.069  0000000 000.0000 200.1640 15.01920000000000
1 12309U          19302.65902778  .00000000  00000-0  00000-0 0 00000
2 12309 097.7060 037.424  0000000 000.0000 342.6650 15.01920000000000
1 12309U          19303.01180556  .00000000  00000-0  00000-0 0 00000
2 12309 097.7070 037.771  0000000 000.0000 087.6650 15.01920000000000
1 12309U          19303.27986111  .00000000  00000-0  00000-0 0 00000
2 12309 097.7070 038.036  0000000 000.0000 095.1650 15.01920000000000
1 12309U          19303.73958333  .00000000  00000-0  00000-0 0 00000
2 12309 097.7080 038.489  0000000 000.0000 057.6660 15.01920000000000
1 12309U          19304.01736111  .00000000  00000-0  00000-0 0 00000
2 12309 097.7080 038.763  0000000 000.0000 117.6660 15.01920000000000
1 12309U          19304.32708333  .00000000  00000-0  00000-0 0 00000
2 12309 097.7090 039.068  0000000 000.0000 350.1670 15.01920000000000
1 12309U          19304.66111111  .00000000  00000-0  00000-0 0 00000
2 12309 097.7090 039.397  0000000 000.0000 353.9170 15.01920000000000
1 12309U          19305.00486111  .00000000  00000-0  00000-0 0 00000
2 12309 097.7100 039.736  0000000 000.0000 050.1670 15.01920000000000
1 12309U          19305.39513889  .00000000  00000-0  00000-0 0 00000
2 12309 097.7100 040.121  0000000 000.0000 357.6680 15.01920000000000
1 12309U          19305.65486111  .00000000  00000-0  00000-0 0 00000
2 12309 097.7110 040.377  0000000 000.0000 320.1680 15.01920000000000
1 12309U          19305.91736111  .00000000  00000-0  00000-0 0 00000
2 12309 097.7110 040.636  0000000 000.0000 297.6690 15.01920000000000
1 12309U          19306.40763889  .00000000  00000-0  00000-0 0 00000
2 12309 097.7120 041.119  0000000 000.0000 065.1690 15.01920000000000
1 12309U          19306.60208333  .00000000  00000-0  00000-0 0 00000
2 12309 097.7120 041.311  0000000 000.0000 035.1690 15.01920000000000
1 12309U          19307.07361111  .00000000  00000-0  00000-0 0 00000
2 12309 097.7130 041.775  0000000 000.0000 061.4200 15.01920000000000
1 12309U          19307.40833333  .00000000  00000-0  00000-0 0 00000
2 12309 097.7130 042.105  0000000 000.0000 068.9210 15.01920000000000
1 12309U          19307.67777778  .00000000  00000-0  00000-0 0 00000
2 12309 097.7140 042.371  0000000 000.0000 083.9210 15.01920000000000
1 12309U          19307.97638889  .00000000  00000-0  00000-0 0 00000
2 12309 097.7140 042.665  0000000 000.0000 256.4210 15.01920000000000
1 12309U          19308.38055556  .00000000  00000-0  00000-0 0 00000
2 12309 097.7140 043.064  0000000 000.0000 278.9220 15.01920000000000
1 12309U          19308.68680556  .00000000  00000-0  00000-0 0 00000
2 12309 097.7150 043.366  0000000 000.0000 132.6720 15.01920000000000
1 12309U          19309.02430556  .00000000  00000-0  00000-0 0 00000
2 12309 097.7150 043.698  0000000 000.0000 155.1730 15.01920000000000
1 12309U          19309.31875000  .00000000  00000-0  00000-0 0 00000
2 12309 097.7160 043.989  0000000 000.0000 305.1730 15.01920000000000
1 12309U          19309.58402778  .00000000  00000-0  00000-0 0 00000
2 12309 097.7160 044.250  0000000 000.0000 297.6730 15.01920000000000
1 12309U          19309.93194444  .00000000  00000-0  00000-0 0 00000
2 12309 097.7170 044.593  0000000 000.0000 016.4240 15.01920000000000
1 12309U          19310.28333333  .00000000  00000-0  00000-0 0 00000
2 12309 097.7170 044.939  0000000 000.0000 113.9240 15.01920000000000
1 12309U          19310.62569444  .00000000  00000-0  00000-0 0 00000
2 12309 097.7170 045.277  0000000 000.0000 162.6750 15.01920000000000
1 12309U          19311.06458333  .00000000  00000-0  00000-0 0 00000
2 12309 097.7180 045.710  0000000 000.0000 012.6750 15.01920000000000
1 12309U          19311.34166667  .00000000  00000-0  00000-0 0 00000
2 12309 097.7180 045.983  0000000 000.0000 068.9260 15.01920000000000
1 12309U          19311.71180556  .00000000  00000-0  00000-0 0 00000
2 12309 097.7190 046.348  0000000 000.0000 267.6760 15.01920000000000
1 12309U          19311.89583333  .00000000  00000-0  00000-0 0 00000
2 12309 097.7190 046.529  0000000 000.0000 181.4270 15.01914300000000
1 12309U          19312.30000000  .00000000  00000-0  00000-0 0 00000
2 12309 097.7200 046.927  0000000 000.0000 203.9270 15.01914300000000
1 12309U          19312.62152778  .00000000  00000-0  00000-0 0 00000
2 12309 097.7200 047.244  0000000 000.0000 140.1780 15.01914300000000
1 12309U          19312.87708333  .00000000  00000-0  00000-0 0 00000
2 12309 097.7200 047.496  0000000 000.0000 080.1780 15.01914300000000
1 12309U          19313.30625000  .00000000  00000-0  00000-0 0 00000
2 12309 097.7210 047.919  0000000 000.0000 237.6790 15.01914300000000
1 12309U          19313.60972222  .00000000  00000-0  00000-0 0 00000
2 12309 097.7210 048.219  0000000 000.0000 076.4290 15.01914300000000
1 12309U          19313.84583333  .00000000  00000-0  00000-0 0 00000
2 12309 097.7220 048.451  0000000 000.0000 271.4290 15.01914300000000
1 12309U          19314.18888889  .00000000  00000-0  00000-0 0 00000
2 12309 097.7220 048.790  0000000 000.0000 323.9300 15.01914300000000
1 12309U          19314.63888889  .00000000  00000-0  00000-0 0 00000
2 12309 097.7220 049.233  0000000 000.0000 233.9310 15.01914300000000
1 12309U          19314.88333333  .00000000  00000-0  00000-0 0 00000
2 12309 097.7230 049.474  0000000 000.0000 113.9310 15.01914300000000
1 12309U          19315.21388889  .00000000  00000-0  00000-0 0 00000
2 12309 097.7230 049.800  0000000 000.0000 098.9310 15.01914300000000
1 12309U          19315.58541667  .00000000  00000-0  00000-0 0 00000
2 12309 097.7240 050.166  0000000 000.0000 305.1820 15.01914300000000
1 12309U          19315.89375000  .00000000  00000-0  00000-0 0 00000
2 12309 097.7240 050.470  0000000 000.0000 170.1820 15.01914300000000
1 12309U          19316.27222222  .00000000  00000-0  00000-0 0 00000
2 12309 097.7240 050.843  0000000 000.0000 053.9330 15.01914300000000
1 12309U          19316.48263889  .00000000  00000-0  00000-0 0 00000
2 12309 097.7250 051.051  0000000 000.0000 110.1830 15.01914300000000
1 12309U          19316.95069444  .00000000  00000-0  00000-0 0 00000
2 12309 097.7250 051.512  0000000 000.0000 117.6840 15.01914300000000
1 12309U          19317.18055556  .00000000  00000-0  00000-0 0 00000
2 12309 097.7250 051.739  0000000 000.0000 278.9340 15.01914300000000
1 12309U          19317.57986111  .00000000  00000-0  00000-0 0 00000
2 12309 097.7260 052.132  0000000 000.0000 275.1850 15.01914300000000
1 12309U          19317.88541667  .00000000  00000-0  00000-0 0 00000
2 12309 097.7260 052.434  0000000 000.0000 125.1850 15.01914300000000
1 12309U          19318.15555556  .00000000  00000-0  00000-0 0 00000
2 12309 097.7270 052.700  0000000 000.0000 143.9360 15.01914300000000
1 12309U          19318.63055556  .00000000  00000-0  00000-0 0 00000
2 12309 097.7270 053.168  0000000 000.0000 188.9370 15.01914300000000
1 12309U          19318.89583333  .00000000  00000-0  00000-0 0 00000
2 12309 097.7270 053.430  0000000 000.0000 181.4370 15.01914300000000
1 12309U          19318.89583333  .00000000  00000-0  00000-0 0 00000
2 12309 097.7270 053.430  0000000 000.0000 181.4370 15.01914300000000
1 12309U          19319.24305556  .00000000  00000-0  00000-0 0 00000
2 12309 097.7280 053.772  0000000 000.0000 256.4380 15.01914300000000
1 12309U          19319.61666667  .00000000  00000-0  00000-0 0 00000
2 12309 097.7280 054.140  0000000 000.0000 113.9380 15.01914300000000
1 12309U          19319.97708333  .00000000  00000-0  00000-0 0 00000
2 12309 097.7290 054.496  0000000 000.0000 260.1890 15.01914300000000
1 12309U          19320.22430556  .00000000  00000-0  00000-0 0 00000
2 12309 097.7290 054.739  0000000 000.0000 155.1890 15.01914300000000
1 12309U          19320.51319444  .00000000  00000-0  00000-0 0 00000
2 12309 097.7290 055.024  0000000 000.0000 275.1900 15.01914300000000
1 12309U          19320.90416667  .00000000  00000-0  00000-0 0 00000
2 12309 097.7300 055.410  0000000 000.0000 226.4400 15.01914300000000
1 12309U          19321.19861111  .00000000  00000-0  00000-0 0 00000
2 12309 097.7300 055.700  0000000 000.0000 016.4410 15.01914300000000
1 12309U          19321.51250000  .00000000  00000-0  00000-0 0 00000
2 12309 097.7300 056.009  0000000 000.0000 271.4410 15.01914300000000
1 12309U          19321.84236111  .00000000  00000-0  00000-0 0 00000
2 12309 097.7300 056.334  0000000 000.0000 252.6920 15.01914300000000
1 12309U          19322.22638889  .00000000  00000-0  00000-0 0 00000
2 12309 097.7310 056.713  0000000 000.0000 166.4420 15.01914300000000
1 12309U          19322.56180556  .00000000  00000-0  00000-0 0 00000
2 12309 097.7310 057.044  0000000 000.0000 177.6930 15.01914300000000
1 12309U          19322.96805556  .00000000  00000-0  00000-0 0 00000
2 12309 097.7320 057.444  0000000 000.0000 211.4430 15.01914300000000
1 12309U          19323.29583333  .00000000  00000-0  00000-0 0 00000
2 12309 097.7320 057.767  0000000 000.0000 181.4440 15.01914300000000
1 12309U          19323.51527778  .00000000  00000-0  00000-0 0 00000
2 12309 097.7320 057.984  0000000 000.0000 286.4440 15.01914300000000
1 12309U          19323.85000000  .00000000  00000-0  00000-0 0 00000
2 12309 097.7320 058.314  0000000 000.0000 293.9450 15.01914300000000
1 12309U          19324.20138889  .00000000  00000-0  00000-0 0 00000
2 12309 097.7330 058.660  0000000 000.0000 031.4450 15.01914300000000
1 12309U          19324.55486111  .00000000  00000-0  00000-0 0 00000
2 12309 097.7330 059.008  0000000 000.0000 140.1960 15.01914300000000
1 12309U          19324.92361111  .00000000  00000-0  00000-0 0 00000
2 12309 097.7340 059.372  0000000 000.0000 331.4470 15.01914300000000
1 12309U          19325.29444444  .00000000  00000-0  00000-0 0 00000
2 12309 097.7340 059.738  0000000 000.0000 173.9470 15.01914300000000
1 12309U          19325.62361111  .00000000  00000-0  00000-0 0 00000
2 12309 097.7340 060.062  0000000 000.0000 151.4480 15.01914300000000
1 12309U          19325.82777778  .00000000  00000-0  00000-0 0 00000
2 12309 097.7340 060.263  0000000 000.0000 173.9480 15.01914300000000
1 12309U          19325.89583333  .00000000  00000-0  00000-0 0 00000
2 12309 097.7340 060.330  0000000 000.0000 181.4480 15.01914300000000
1 12309U          19326.14791667  .00000000  00000-0  00000-0 0 00000
2 12309 097.7350 060.579  0000000 000.0000 102.6990 15.01914300000000
1 12309U          19326.54097222  .00000000  00000-0  00000-0 0 00000
2 12309 097.7350 060.966  0000000 000.0000 065.1990 15.01914300000000
1 12309U          19326.83680556  .00000000  00000-0  00000-0 0 00000
2 12309 097.7350 061.258  0000000 000.0000 222.7000 15.01914300000000
1 12309U          19327.25694444  .00000000  00000-0  00000-0 0 00000
2 12309 097.7360 061.672  0000000 000.0000 331.4510 15.01914300000000
1 12309U          19327.58888889  .00000000  00000-0  00000-0 0 00000
2 12309 097.7360 061.999  0000000 000.0000 323.9510 15.01914300000000
1 12309U          19327.95208333  .00000000  00000-0  00000-0 0 00000
2 12309 097.7360 062.358  0000000 000.0000 125.2020 15.01914300000000
1 12309U          19328.23263889  .00000000  00000-0  00000-0 0 00000
2 12309 097.7360 062.634  0000000 000.0000 200.2020 15.01914300000000
1 12309U          19328.61805556  .00000000  00000-0  00000-0 0 00000
2 12309 097.7370 063.014  0000000 000.0000 121.4530 15.01914300000000
1 12309U          19328.91250000  .00000000  00000-0  00000-0 0 00000
2 12309 097.7370 063.304  0000000 000.0000 271.4530 15.01914300000000
1 12309U          19329.18472222  .00000000  00000-0  00000-0 0 00000
2 12309 097.7370 063.573  0000000 000.0000 301.4540 15.01914300000000
1 12309U          19329.60069444  .00000000  00000-0  00000-0 0 00000
2 12309 097.7380 063.983  0000000 000.0000 027.7050 15.01914300000000
1 12309U          19329.92500000  .00000000  00000-0  00000-0 0 00000
2 12309 097.7380 064.302  0000000 000.0000 338.9550 15.01914300000000
1 12309U          19330.29652778  .00000000  00000-0  00000-0 0 00000
2 12309 097.7380 064.669  0000000 000.0000 185.2060 15.01914300000000
1 12309U          19330.49236111  .00000000  00000-0  00000-0 0 00000
2 12309 097.7380 064.862  0000000 000.0000 162.7060 15.01914300000000
1 12309U          19330.89097222  .00000000  00000-0  00000-0 0 00000
2 12309 097.7390 065.255  0000000 000.0000 155.2070 15.01914300000000
1 12309U          19331.19236111  .00000000  00000-0  00000-0 0 00000
2 12309 097.7390 065.552  0000000 000.0000 342.7070 15.01914300000000
1 12309U          19331.49166667  .00000000  00000-0  00000-0 0 00000
2 12309 097.7390 065.847  0000000 000.0000 158.9580 15.01914300000000
1 12309U          19331.93055556  .00000000  00000-0  00000-0 0 00000
2 12309 097.7390 066.280  0000000 000.0000 008.9590 15.01914300000000
1 12309U          19332.29027778  .00000000  00000-0  00000-0 0 00000
2 12309 097.7400 066.634  0000000 000.0000 151.4590 15.01914300000000
1 12309U          19332.59583333  .00000000  00000-0  00000-0 0 00000
2 12309 097.7400 066.936  0000000 000.0000 001.4600 15.01914300000000
1 12309U          19332.86666667  .00000000  00000-0  00000-0 0 00000
2 12309 097.7400 067.203  0000000 000.0000 023.9600 15.01914300000000
