1 12605U          19281.94305556  .00000000  00000-0  00000-0 0 00000
2 12605 097.7140 42.7210 0000000 000.0000 199.8490 00.06258000000000
1 12605U          19282.27916667  .00000000  00000-0  00000-0 0 00000
2 12605 097.7140 43.0520 0000000 000.0000 214.8490 00.06258000000000
1 12605U          19282.60347222  .00000000  00000-0  00000-0 0 00000
2 12605 097.7150 43.3720 0000000 000.0000 166.1000 00.06258000000000
1 12605U          19283.00902778  .00000000  00000-0  00000-0 0 00000
2 12605 097.7150 43.7720 0000000 000.0000 196.1000 00.06258000000000
1 12605U          19283.32500000  .00000000  00000-0  00000-0 0 00000
2 12605 097.7160 44.0830 0000000 000.0000 102.3510 00.06258000000000
1 12605U          19283.72430556  .00000000  00000-0  00000-0 0 00000
2 12605 097.7160 44.4770 0000000 000.0000 098.6010 00.06258000000000
1 12605U          19283.94791667  .00000000  00000-0  00000-0 0 00000
2 12605 097.7170 44.6970 0000000 000.0000 226.1020 00.06258000000000
1 12605U          19284.33888889  .00000000  00000-0  00000-0 0 00000
2 12605 097.7170 45.0830 0000000 000.0000 177.3520 00.06258000000000
1 12605U          19284.63888889  .00000000  00000-0  00000-0 0 00000
2 12605 097.7180 45.3780 0000000 000.0000 357.3530 00.06258000000000
1 12605U          19285.03680556  .00000000  00000-0  00000-0 0 00000
2 12605 097.7180 45.7710 0000000 000.0000 346.1030 00.06258000000000
1 12605U          19285.34652778  .00000000  00000-0  00000-0 0 00000
2 12605 097.7180 46.0760 0000000 000.0000 218.6040 00.06258000000000
1 12605U          19285.67013889  .00000000  00000-0  00000-0 0 00000
2 12605 097.7190 46.3950 0000000 000.0000 166.1040 00.06258000000000
1 12605U          19285.95555556  .00000000  00000-0  00000-0 0 00000
2 12605 097.7190 46.6760 0000000 000.0000 267.3540 00.06258000000000
1 12605U          19286.37430556  .00000000  00000-0  00000-0 0 00000
2 12605 097.7200 47.0890 0000000 000.0000 008.6050 00.06258000000000
1 12605U          19286.71666667  .00000000  00000-0  00000-0 0 00000
2 12605 097.7200 47.4270 0000000 000.0000 057.3550 00.06258000000000
1 12605U          19287.03680556  .00000000  00000-0  00000-0 0 00000
2 12605 097.7210 47.7420 0000000 000.0000 346.1060 00.06258000000000
1 12605U          19287.26111111  .00000000  00000-0  00000-0 0 00000
2 12605 097.7210 47.9630 0000000 000.0000 117.3560 00.06258000000000
1 12605U          19287.71944444  .00000000  00000-0  00000-0 0 00000
2 12605 097.7210 48.4150 0000000 000.0000 072.3570 00.06258000000000
1 12605U          19288.07847222  .00000000  00000-0  00000-0 0 00000
2 12605 097.7220 48.7690 0000000 000.0000 211.1070 00.06258000000000
1 12605U          19288.30416667  .00000000  00000-0  00000-0 0 00000
2 12605 097.7220 48.9920 0000000 000.0000 349.8580 00.06258000000000
1 12605U          19288.71597222  .00000000  00000-0  00000-0 0 00000
2 12605 097.7230 49.3980 0000000 000.0000 053.6080 00.06258000000000
1 12605U          19288.97916667  .00000000  00000-0  00000-0 0 00000
2 12605 097.7230 49.6570 0000000 000.0000 034.8590 00.06258000000000
1 12605U          19289.26180556  .00000000  00000-0  00000-0 0 00000
2 12605 097.7230 49.9360 0000000 000.0000 121.1090 00.06258000000000
1 12605U          19289.61875000  .00000000  00000-0  00000-0 0 00000
2 12605 097.7240 50.2880 0000000 000.0000 248.6100 00.06258000000000
1 12605U          19289.95486111  .00000000  00000-0  00000-0 0 00000
2 12605 097.7240 50.6190 0000000 000.0000 263.6100 00.06258000000000
1 12605U          19290.38333333  .00000000  00000-0  00000-0 0 00000
2 12605 097.7250 51.0410 0000000 000.0000 057.3610 00.06258000000000
1 12605U          19290.63402778  .00000000  00000-0  00000-0 0 00000
2 12605 097.7250 51.2880 0000000 000.0000 331.1110 00.06258000000000
1 12605U          19291.05902778  .00000000  00000-0  00000-0 0 00000
2 12605 097.7250 51.7070 0000000 000.0000 106.1120 00.06258000000000
1 12605U          19291.33819444  .00000000  00000-0  00000-0 0 00000
2 12605 097.7260 51.9830 0000000 000.0000 173.6120 00.06258000000000
1 12605U          19291.60833333  .00000000  00000-0  00000-0 0 00000
2 12605 097.7260 52.2490 0000000 000.0000 192.3630 00.06258000000000
1 12605U          19292.04375000  .00000000  00000-0  00000-0 0 00000
2 12605 097.7270 52.6780 0000000 000.0000 023.6130 00.06258000000000
1 12605U          19292.29583333  .00000000  00000-0  00000-0 0 00000
2 12605 097.7270 52.9270 0000000 000.0000 304.8640 00.06258000000000
1 12605U          19292.66805556  .00000000  00000-0  00000-0 0 00000
2 12605 097.7270 53.2940 0000000 000.0000 154.8640 00.06258000000000
1 12605U          19292.96875000  .00000000  00000-0  00000-0 0 00000
2 12605 097.7280 53.5900 0000000 000.0000 338.6150 00.06258000000000
1 12605U          19293.32638889  .00000000  00000-0  00000-0 0 00000
2 12605 097.7280 53.9430 0000000 000.0000 109.8650 00.06258000000000
1 12605U          19293.63333333  .00000000  00000-0  00000-0 0 00000
2 12605 097.7280 54.2450 0000000 000.0000 327.3660 00.06258000000000
1 12605U          19294.06666667  .00000000  00000-0  00000-0 0 00000
2 12605 097.7290 54.6720 0000000 000.0000 147.3670 00.06258000000000
1 12605U          19294.36458333  .00000000  00000-0  00000-0 0 00000
2 12605 097.7290 54.9660 0000000 000.0000 316.1170 00.06258000000000
1 12605U          19294.72222222  .00000000  00000-0  00000-0 0 00000
2 12605 097.7290 55.3190 0000000 000.0000 087.3680 00.06258000000000
1 12605U          19294.91736111  .00000000  00000-0  00000-0 0 00000
2 12605 097.7300 55.5110 0000000 000.0000 061.1180 00.06258000000000
1 12605U          19295.33750000  .00000000  00000-0  00000-0 0 00000
2 12605 097.7300 55.9250 0000000 000.0000 169.8690 00.06258000000000
1 12605U          19295.71180556  .00000000  00000-0  00000-0 0 00000
2 12605 097.7300 56.2940 0000000 000.0000 031.1190 00.06258000000000
1 12605U          19295.95416667  .00000000  00000-0  00000-0 0 00000
2 12605 097.7310 56.5330 0000000 000.0000 259.8700 00.06258000000000
1 12605U          19296.40416667  .00000000  00000-0  00000-0 0 00000
2 12605 097.7310 56.9770 0000000 000.0000 169.8700 00.06258000000000
1 12605U          19296.61597222  .00000000  00000-0  00000-0 0 00000
2 12605 097.7310 57.1860 0000000 000.0000 233.6210 00.06258000000000
1 12605U          19296.95069444  .00000000  00000-0  00000-0 0 00000
2 12605 097.7320 57.5160 0000000 000.0000 241.1210 00.06258000000000
1 12605U          19297.30138889  .00000000  00000-0  00000-0 0 00000
2 12605 097.7320 57.8610 0000000 000.0000 334.8720 00.06258000000000
1 12605U          19297.58611111  .00000000  00000-0  00000-0 0 00000
2 12605 097.7320 58.1420 0000000 000.0000 072.3720 00.06258000000000
1 12605U          19298.01388889  .00000000  00000-0  00000-0 0 00000
2 12605 097.7330 58.5640 0000000 000.0000 222.3730 00.06258000000000
1 12605U          19298.38958333  .00000000  00000-0  00000-0 0 00000
2 12605 097.7330 58.9340 0000000 000.0000 091.1240 00.06258000000000
1 12605U          19298.68472222  .00000000  00000-0  00000-0 0 00000
2 12605 097.7330 59.2250 0000000 000.0000 244.8740 00.06258000000000
1 12605U          19298.92708333  .00000000  00000-0  00000-0 0 00000
2 12605 097.7340 59.4640 0000000 000.0000 113.6240 00.06258000000000
1 12605U          19299.40069444  .00000000  00000-0  00000-0 0 00000
2 12605 097.7340 59.9310 0000000 000.0000 151.1250 00.06258000000000
1 12605U          19299.68750000  .00000000  00000-0  00000-0 0 00000
2 12605 097.7340 60.2140 0000000 000.0000 259.8760 00.06258000000000
1 12605U          19300.00625000  .00000000  00000-0  00000-0 0 00000
2 12605 097.7350 60.5280 0000000 000.0000 181.1260 00.06258000000000
1 12605U          19300.32152778  .00000000  00000-0  00000-0 0 00000
2 12605 097.7350 60.8390 0000000 000.0000 083.6270 00.06258000000000
1 12605U          19300.64513889  .00000000  00000-0  00000-0 0 00000
2 12605 097.7350 61.1580 0000000 000.0000 031.1270 00.06258000000000
1 12605U          19300.96805556  .00000000  00000-0  00000-0 0 00000
2 12605 097.7350 61.4760 0000000 000.0000 334.8780 00.06258000000000
1 12605U          19301.32569444  .00000000  00000-0  00000-0 0 00000
2 12605 097.7360 61.8280 0000000 000.0000 106.1280 00.06258000000000
1 12605U          19301.73750000  .00000000  00000-0  00000-0 0 00000
2 12605 097.7360 62.2340 0000000 000.0000 169.8790 00.06258000000000
1 12605U          19301.92291667  .00000000  00000-0  00000-0 0 00000
2 12605 097.7360 62.4170 0000000 000.0000 091.1290 00.06258000000000
1 12605U          19302.40763889  .00000000  00000-0  00000-0 0 00000
2 12605 097.7370 62.8950 0000000 000.0000 188.6300 00.06258000000000
1 12605U          19302.62569444  .00000000  00000-0  00000-0 0 00000
2 12605 097.7370 63.1100 0000000 000.0000 286.1310 00.06258000000000
1 12605U          19302.99027778  .00000000  00000-0  00000-0 0 00000
2 12605 097.7370 63.4690 0000000 000.0000 094.8810 00.06258000000000
1 12605U          19303.41527778  .00000000  00000-0  00000-0 0 00000
2 12605 097.7380 63.8880 0000000 000.0000 229.8820 00.06258000000000
1 12605U          19303.74861111  .00000000  00000-0  00000-0 0 00000
2 12605 097.7380 64.2170 0000000 000.0000 229.8830 00.06258000000000
1 12605U          19303.94375000  .00000000  00000-0  00000-0 0 00000
2 12605 097.7380 64.4090 0000000 000.0000 203.6330 00.06258000000000
1 12605U          19304.28125000  .00000000  00000-0  00000-0 0 00000
2 12605 097.7380 64.7420 0000000 000.0000 226.1340 00.06258000000000
1 12605U          19304.60625000  .00000000  00000-0  00000-0 0 00000
2 12605 097.7380 65.0630 0000000 000.0000 181.1340 00.06258000000000
1 12605U          19304.98888889  .00000000  00000-0  00000-0 0 00000
2 12605 097.7390 65.4400 0000000 000.0000 087.3850 00.06258000000000
1 12605U          19305.39513889  .00000000  00000-0  00000-0 0 00000
2 12605 097.7390 65.8400 0000000 000.0000 121.1350 00.06258000000000
1 12605U          19305.68541667  .00000000  00000-0  00000-0 0 00000
2 12605 097.7390 66.1260 0000000 000.0000 248.6360 00.06258000000000
1 12605U          19306.01388889  .00000000  00000-0  00000-0 0 00000
2 12605 097.7400 66.4500 0000000 000.0000 222.3870 00.06258000000000
1 12605U          19306.41180556  .00000000  00000-0  00000-0 0 00000
2 12605 097.7400 66.8430 0000000 000.0000 211.1370 00.06258000000000
1 12605U          19306.60555556  .00000000  00000-0  00000-0 0 00000
2 12605 097.7400 67.0340 0000000 000.0000 177.3880 00.06258000000000
1 12605U          19307.03750000  .00000000  00000-0  00000-0 0 00000
2 12605 097.7400 67.4590 0000000 000.0000 349.8880 00.06258000000000
1 12605U          19307.32430556  .00000000  00000-0  00000-0 0 00000
2 12605 097.7400 67.7420 0000000 000.0000 098.6390 00.06258000000000
1 12605U          19307.74097222  .00000000  00000-0  00000-0 0 00000
2 12605 097.7410 68.1530 0000000 000.0000 188.6400 00.06258000000000
1 12605U          19307.99583333  .00000000  00000-0  00000-0 0 00000
2 12605 097.7410 68.4040 0000000 000.0000 124.8900 00.06258000000000
1 12605U          19308.30208333  .00000000  00000-0  00000-0 0 00000
2 12605 097.7410 68.7060 0000000 000.0000 338.6410 00.06258000000000
1 12605U          19308.72013889  .00000000  00000-0  00000-0 0 00000
2 12605 097.7410 69.1180 0000000 000.0000 076.1410 00.06258000000000
1 12605U          19308.95069444  .00000000  00000-0  00000-0 0 00000
2 12605 097.7420 69.3460 0000000 000.0000 241.1420 00.06258000000000
1 12605U          19309.40833333  .00000000  00000-0  00000-0 0 00000
2 12605 097.7420 69.7970 0000000 000.0000 192.3930 00.06258000000000
1 12605U          19309.70555556  .00000000  00000-0  00000-0 0 00000
2 12605 097.7420 70.0900 0000000 000.0000 357.3930 00.06258000000000
1 12605U          19310.07777778  .00000000  00000-0  00000-0 0 00000
2 12605 097.7420 70.4570 0000000 000.0000 207.3940 00.06258000000000
1 12605U          19310.30902778  .00000000  00000-0  00000-0 0 00000
2 12605 097.7420 70.6850 0000000 000.0000 016.1440 00.06258000000000
1 12605U          19310.58750000  .00000000  00000-0  00000-0 0 00000
2 12605 097.7430 70.9590 0000000 000.0000 079.8950 00.06258000000000
1 12605U          19311.06736111  .00000000  00000-0  00000-0 0 00000
2 12605 097.7430 71.4320 0000000 000.0000 151.1460 00.06258000000000
1 12605U          19311.29305556  .00000000  00000-0  00000-0 0 00000
2 12605 097.7430 71.6550 0000000 000.0000 289.8960 00.06258000000000
1 12605U          19311.67152778  .00000000  00000-0  00000-0 0 00000
2 12605 097.7430 72.0280 0000000 000.0000 173.6470 00.06258000000000
1 12605U          19311.89583333  .00000000  00000-0  00000-0 0 00000
2 12605 097.7430 72.2490 0000000 000.0000 304.8970 15.01914300000000
1 12605U          19312.21458333  .00000000  00000-0  00000-0 0 00000
2 12605 097.7430 72.5630 0000000 000.0000 226.1480 15.01914300000000
1 12605U          19312.51597222  .00000000  00000-0  00000-0 0 00000
2 12605 097.7440 72.8600 0000000 000.0000 053.6480 15.01914300000000
1 12605U          19312.97777778  .00000000  00000-0  00000-0 0 00000
2 12605 097.7440 73.3160 0000000 000.0000 027.3990 15.01914300000000
1 12605U          19313.23263889  .00000000  00000-0  00000-0 0 00000
2 12605 097.7440 73.5670 0000000 000.0000 323.6500 15.01914300000000
1 12605U          19313.63402778  .00000000  00000-0  00000-0 0 00000
2 12605 097.7440 73.9630 0000000 000.0000 331.1500 15.01914300000000
1 12605U          19313.88680556  .00000000  00000-0  00000-0 0 00000
2 12605 097.7440 74.2120 0000000 000.0000 256.1510 15.01914300000000
1 12605U          19314.29861111  .00000000  00000-0  00000-0 0 00000
2 12605 097.7450 74.6180 0000000 000.0000 319.9020 15.01914300000000
1 12605U          19314.59861111  .00000000  00000-0  00000-0 0 00000
2 12605 097.7450 74.9130 0000000 000.0000 139.9020 15.01914300000000
1 12605U          19314.92847222  .00000000  00000-0  00000-0 0 00000
2 12605 097.7450 75.2390 0000000 000.0000 121.1530 15.01914300000000
1 12605U          19315.16527778  .00000000  00000-0  00000-0 0 00000
2 12605 097.7450 75.4720 0000000 000.0000 319.9030 15.01914300000000
1 12605U          19315.55833333  .00000000  00000-0  00000-0 0 00000
2 12605 097.7450 75.8600 0000000 000.0000 282.4040 15.01914300000000
1 12605U          19315.84166667  .00000000  00000-0  00000-0 0 00000
2 12605 097.7450 76.1390 0000000 000.0000 012.4040 15.01914300000000
1 12605U          19316.15208333  .00000000  00000-0  00000-0 0 00000
2 12605 097.7450 76.4450 0000000 000.0000 248.6550 15.01914300000000
1 12605U          19316.50069444  .00000000  00000-0  00000-0 0 00000
2 12605 097.7460 76.7890 0000000 000.0000 331.1560 15.01914300000000
1 12605U          19316.92083333  .00000000  00000-0  00000-0 0 00000
2 12605 097.7460 77.2030 0000000 000.0000 079.9060 15.01914300000000
1 12605U          19317.19861111  .00000000  00000-0  00000-0 0 00000
2 12605 097.7460 77.4770 0000000 000.0000 139.9070 15.01914300000000
1 12605U          19317.49375000  .00000000  00000-0  00000-0 0 00000
2 12605 097.7460 77.7680 0000000 000.0000 293.6580 15.01914300000000
1 12605U          19317.82222222  .00000000  00000-0  00000-0 0 00000
2 12605 097.7460 78.0920 0000000 000.0000 267.4080 15.01914300000000
1 12605U          19318.28402778  .00000000  00000-0  00000-0 0 00000
2 12605 097.7460 78.5470 0000000 000.0000 241.1590 15.01914300000000
1 12605U          19318.61805556  .00000000  00000-0  00000-0 0 00000
2 12605 097.7460 78.8760 0000000 000.0000 244.9100 15.01914300000000
1 12605U          19318.89583333  .00000000  00000-0  00000-0 0 00000
2 12605 097.7460 79.1500 0000000 000.0000 304.9100 15.01914300000000
1 12605U          19318.89583333  .00000000  00000-0  00000-0 0 00000
2 12605 097.7460 79.1500 0000000 000.0000 304.9100 15.01914300000000
1 12605U          19319.22638889  .00000000  00000-0  00000-0 0 00000
2 12605 097.7470 79.3330 1997910 304.8540 301.4320 10.76177000000000
1 12605U          19319.62013889  .00000000  00000-0  00000-0 0 00000
2 12605 097.7440 79.5410 2000299 303.9790 026.2790 10.74386800000000
1 12605U          19319.87916667  .00000000  00000-0  00000-0 0 00000
2 12605 097.7470 79.6540 1995900 303.8220 309.1350 10.76744300000000
1 12605U          19320.15347222  .00000000  00000-0  00000-0 0 00000
2 12605 097.7470 79.7890 1998660 303.1680 291.5300 10.75460900000000
1 12605U          19320.55000000  .00000000  00000-0  00000-0 0 00000
2 12605 097.7440 79.9980 1999980 302.4050 027.0200 10.74431600000000
1 12605U          19320.85277778  .00000000  00000-0  00000-0 0 00000
2 12605 097.7490 80.1420 2000890 301.7020 119.7070 10.76863800000000
1 12605U          19321.25555556  .00000000  00000-0  00000-0 0 00000
2 12605 097.7440 80.3360 1994180 301.2340 239.1870 10.75147800000000
1 12605U          19321.52291667  .00000000  00000-0  00000-0 0 00000
2 12605 097.7480 80.4720 1999200 300.8550 194.4040 10.76030700000000
1 12605U          19321.96388889  .00000000  00000-0  00000-0 0 00000
2 12605 097.7490 80.6860 1997020 299.8180 102.3240 10.76655600000000
1 12605U          19322.17430556  .00000000  00000-0  00000-0 0 00000
2 12605 097.7480 80.7910 1998780 299.7540 196.8070 10.76019800000000
1 12605U          19322.55000000  .00000000  00000-0  00000-0 0 00000
2 12605 097.7470 80.9760 1996770 299.1200 211.6250 10.75745900000000
1 12605U          19322.83125000  .00000000  00000-0  00000-0 0 00000
2 12605 097.7440 81.1120 1995640 298.6280 220.7410 10.75574300000000
1 12605U          19323.19305556  .00000000  00000-0  00000-0 0 00000
2 12605 097.7480 81.2910 2001060 298.0000 181.7900 10.76331500000000
1 12605U          19323.64166667  .00000000  00000-0  00000-0 0 00000
2 12605 097.7500 81.5120 1999830 296.9930 119.2450 10.76800200000000
1 12605U          19323.89166667  .00000000  00000-0  00000-0 0 00000
2 12605 097.7470 81.6370 1987380 296.5860 007.2530 10.77179300000000
1 12605U          19324.23055556  .00000000  00000-0  00000-0 0 00000
2 12605 097.7440 81.7970 1993890 296.2170 239.3940 10.75248100000000
1 12605U          19324.49583333  .00000000  00000-0  00000-0 0 00000
2 12605 097.7480 81.9320 2000680 295.8130 186.5800 10.76304900000000
1 12605U          19324.94236111  .00000000  00000-0  00000-0 0 00000
2 12605 097.7490 82.1490 1998760 294.7880 115.9880 10.76715600000000
1 12605U          19325.15625000  .00000000  00000-0  00000-0 0 00000
2 12605 097.7460 82.2530 1995200 294.7020 223.9430 10.75620800000000
1 12605U          19325.58888889  .00000000  00000-0  00000-0 0 00000
2 12605 097.7480 82.4680 1995380 293.7260 099.5480 10.76389100000000
1 12605U          19325.87986111  .00000000  00000-0  00000-0 0 00000
2 12605 097.7490 82.6100 2002600 293.2910 146.2090 10.76776900000000
1 12605U          19325.89583333  .00000000  00000-0  00000-0 0 00000
2 12605 097.7460 82.6170 1997860 293.4680 207.8400 10.75991400000000
1 12605U          19326.17916667  .00000000  00000-0  00000-0 0 00000
2 12605 097.7460 82.7560 1995180 292.9740 225.0270 10.75647300000000
1 12605U          19326.64513889  .00000000  00000-0  00000-0 0 00000
2 12605 097.7470 82.9860 1994830 292.1800 229.4430 10.75575100000000
1 12605U          19326.90069444  .00000000  00000-0  00000-0 0 00000
2 12605 097.7500 83.1110 2001800 291.5330 139.2680 10.76785900000000
1 12605U          19327.16666667  .00000000  00000-0  00000-0 0 00000
2 12605 097.7470 83.2420 1993330 291.1200 089.1930 10.75950100000000
1 12605U          19327.62500000  .00000000  00000-0  00000-0 0 00000
2 12605 097.7450 83.4700 1994030 290.5240 063.8270 10.74805400000000
1 12605U          19327.87013889  .00000000  00000-0  00000-0 0 00000
2 12605 097.7440 83.5800 1997450 290.0360 293.1990 10.74964000000000
1 12605U          19328.24930556  .00000000  00000-0  00000-0 0 00000
2 12605 097.7490 83.7660 1992370 289.6770 321.2020 10.76974900000000
1 12605U          19328.62986111  .00000000  00000-0  00000-0 0 00000
2 12605 097.7530 83.9620 1978080 288.7600 355.0420 10.79044200000000
1 12605U          19328.90416667  .00000000  00000-0  00000-0 0 00000
2 12605 097.7520 84.0900 1982900 288.5790 337.0140 10.78587100000000
1 12605U          19329.18958333  .00000000  00000-0  00000-0 0 00000
2 12605 097.7520 84.2390 1980560 287.6820 002.5940 10.78492700000000
1 12605U          19329.63194444  .00000000  00000-0  00000-0 0 00000
2 12605 097.7460 84.4490 1994690 286.9970 275.5620 10.74761800000000
1 12605U          19329.92569444  .00000000  00000-0  00000-0 0 00000
2 12605 097.7520 84.5910 1986020 286.8700 332.7180 10.78074100000000
1 12605U          19330.20486111  .00000000  00000-0  00000-0 0 00000
2 12605 097.7530 84.7280 1985400 286.3950 333.7560 10.78145700000000
1 12605U          19330.50277778  .00000000  00000-0  00000-0 0 00000
2 12605 097.7460 84.8870 1997700 285.6520 047.5580 10.74372600000000
1 12605U          19330.96875000  .00000000  00000-0  00000-0 0 00000
2 12605 097.7460 85.1130 1996890 284.8730 051.9600 10.74393400000000
1 12605U          19331.26805556  .00000000  00000-0  00000-0 0 00000
2 12605 097.7520 85.2570 1999570 284.1230 131.2560 10.76647900000000
1 12605U          19331.53750000  .00000000  00000-0  00000-0 0 00000
2 12605 097.7500 85.3910 1993360 283.7400 094.5730 10.75834800000000
1 12605U          19331.89375000  .00000000  00000-0  00000-0 0 00000
2 12605 097.7470 85.5700 1997390 283.1440 034.0200 10.75042300000000
1 12605U          19332.20138889  .00000000  00000-0  00000-0 0 00000
2 12605 097.7530 85.7160 2001350 282.5800 145.4090 10.76722100000000
1 12605U          19332.53819444  .00000000  00000-0  00000-0 0 00000
2 12605 097.7530 85.8860 1982880 281.9430 009.6540 10.78131600000000
1 12605U          19332.84791667  .00000000  00000-0  00000-0 0 00000
2 12605 097.7510 86.0330 1998910 281.4450 129.0360 10.76557300000000
