1 15228U          19281.95625000  .00000000  00000-0  00000-0 0 00000
2 15228 097.6720 017.016  0000000 000.0000 243.6460 15.01920000000000
1 15228U          19282.25416667  .00000000  00000-0  00000-0 0 00000
2 15228 097.6730 017.310  0000000 000.0000 052.3960 15.01920000000000
1 15228U          19282.69444444  .00000000  00000-0  00000-0 0 00000
2 15228 097.6740 017.744  0000000 000.0000 269.8960 15.01920000000000
1 15228U          19282.96458333  .00000000  00000-0  00000-0 0 00000
2 15228 097.6740 018.010  0000000 000.0000 288.6470 15.01920000000000
1 15228U          19283.39791667  .00000000  00000-0  00000-0 0 00000
2 15228 097.6750 018.437  0000000 000.0000 108.6470 15.01920000000000
1 15228U          19283.70833333  .00000000  00000-0  00000-0 0 00000
2 15228 097.6760 018.743  0000000 000.0000 344.8970 15.01920000000000
1 15228U          19283.95555556  .00000000  00000-0  00000-0 0 00000
2 15228 097.6760 018.987  0000000 000.0000 239.8970 15.01920000000000
1 15228U          19284.34861111  .00000000  00000-0  00000-0 0 00000
2 15228 097.6770 019.375  0000000 000.0000 202.3970 15.01920000000000
1 15228U          19284.68819444  .00000000  00000-0  00000-0 0 00000
2 15228 097.6770 019.709  0000000 000.0000 236.1480 15.01920000000000
1 15228U          19284.96180556  .00000000  00000-0  00000-0 0 00000
2 15228 097.6780 019.979  0000000 000.0000 273.6480 15.01920000000000
1 15228U          19285.36805556  .00000000  00000-0  00000-0 0 00000
2 15228 097.6780 020.379  0000000 000.0000 307.3980 15.01920000000000
1 15228U          19285.66250000  .00000000  00000-0  00000-0 0 00000
2 15228 097.6790 020.670  0000000 000.0000 097.3980 15.01920000000000
1 15228U          19286.00486111  .00000000  00000-0  00000-0 0 00000
2 15228 097.6800 021.007  0000000 000.0000 146.1490 15.01920000000000
1 15228U          19286.32916667  .00000000  00000-0  00000-0 0 00000
2 15228 097.6800 021.327  0000000 000.0000 097.3990 15.01920000000000
1 15228U          19286.72361111  .00000000  00000-0  00000-0 0 00000
2 15228 097.6810 021.716  0000000 000.0000 067.3990 15.01920000000000
1 15228U          19287.07708333  .00000000  00000-0  00000-0 0 00000
2 15228 097.6810 022.064  0000000 000.0000 176.1490 15.01920000000000
1 15228U          19287.26875000  .00000000  00000-0  00000-0 0 00000
2 15228 097.6820 022.253  0000000 000.0000 131.1500 15.01920000000000
1 15228U          19287.61319444  .00000000  00000-0  00000-0 0 00000
2 15228 097.6820 022.592  0000000 000.0000 191.1500 15.01920000000000
1 15228U          19288.07361111  .00000000  00000-0  00000-0 0 00000
2 15228 097.6830 023.046  0000000 000.0000 157.4000 15.01920000000000
1 15228U          19288.34166667  .00000000  00000-0  00000-0 0 00000
2 15228 097.6840 023.311  0000000 000.0000 164.9000 15.01920000000000
1 15228U          19288.64305556  .00000000  00000-0  00000-0 0 00000
2 15228 097.6840 023.608  0000000 000.0000 352.4010 15.01920000000000
1 15228U          19289.04652778  .00000000  00000-0  00000-0 0 00000
2 15228 097.6850 024.005  0000000 000.0000 011.1510 15.01920000000000
1 15228U          19289.25208333  .00000000  00000-0  00000-0 0 00000
2 15228 097.6850 024.208  0000000 000.0000 041.1510 15.01920000000000
1 15228U          19289.68194444  .00000000  00000-0  00000-0 0 00000
2 15228 097.6860 024.632  0000000 000.0000 202.4010 15.01920000000000
1 15228U          19289.91736111  .00000000  00000-0  00000-0 0 00000
2 15228 097.6860 024.864  0000000 000.0000 033.6520 15.01920000000000
1 15228U          19290.30902778  .00000000  00000-0  00000-0 0 00000
2 15228 097.6870 025.250  0000000 000.0000 348.6520 15.01920000000000
1 15228U          19290.58472222  .00000000  00000-0  00000-0 0 00000
2 15228 097.6870 025.522  0000000 000.0000 037.4020 15.01920000000000
1 15228U          19290.95277778  .00000000  00000-0  00000-0 0 00000
2 15228 097.6880 025.884  0000000 000.0000 224.9030 15.01920000000000
1 15228U          19291.38333333  .00000000  00000-0  00000-0 0 00000
2 15228 097.6890 026.309  0000000 000.0000 029.9030 15.01920000000000
1 15228U          19291.67638889  .00000000  00000-0  00000-0 0 00000
2 15228 097.6890 026.598  0000000 000.0000 172.4030 15.01920000000000
1 15228U          19291.96805556  .00000000  00000-0  00000-0 0 00000
2 15228 097.6900 026.885  0000000 000.0000 307.4030 15.01920000000000
1 15228U          19292.35902778  .00000000  00000-0  00000-0 0 00000
2 15228 097.6900 027.270  0000000 000.0000 258.6540 15.01920000000000
1 15228U          19292.72500000  .00000000  00000-0  00000-0 0 00000
2 15228 097.6910 027.631  0000000 000.0000 074.9040 15.01920000000000
1 15228U          19292.96458333  .00000000  00000-0  00000-0 0 00000
2 15228 097.6910 027.867  0000000 000.0000 288.6540 15.01920000000000
1 15228U          19293.31944444  .00000000  00000-0  00000-0 0 00000
2 15228 097.6920 028.217  0000000 000.0000 044.9050 15.01920000000000
1 15228U          19293.69097222  .00000000  00000-0  00000-0 0 00000
2 15228 097.6920 028.583  0000000 000.0000 251.1550 15.01920000000000
1 15228U          19293.98194444  .00000000  00000-0  00000-0 0 00000
2 15228 097.6930 028.870  0000000 000.0000 022.4050 15.01920000000000
1 15228U          19294.30694444  .00000000  00000-0  00000-0 0 00000
2 15228 097.6930 029.191  0000000 000.0000 337.4060 15.01920000000000
1 15228U          19294.69513889  .00000000  00000-0  00000-0 0 00000
2 15228 097.6940 029.573  0000000 000.0000 273.6560 15.01920000000000
1 15228U          19295.07500000  .00000000  00000-0  00000-0 0 00000
2 15228 097.6950 029.948  0000000 000.0000 164.9060 15.01920000000000
1 15228U          19295.33194444  .00000000  00000-0  00000-0 0 00000
2 15228 097.6950 030.201  0000000 000.0000 112.4070 15.01920000000000
1 15228U          19295.59791667  .00000000  00000-0  00000-0 0 00000
2 15228 097.6960 030.463  0000000 000.0000 108.6570 15.01920000000000
1 15228U          19296.01736111  .00000000  00000-0  00000-0 0 00000
2 15228 097.6960 030.877  0000000 000.0000 213.6570 15.01920000000000
1 15228U          19296.38263889  .00000000  00000-0  00000-0 0 00000
2 15228 097.6970 031.237  0000000 000.0000 026.1580 15.01920000000000
1 15228U          19296.62638889  .00000000  00000-0  00000-0 0 00000
2 15228 097.6970 031.477  0000000 000.0000 262.4080 15.01920000000000
1 15228U          19297.04236111  .00000000  00000-0  00000-0 0 00000
2 15228 097.6980 031.887  0000000 000.0000 348.6580 15.01920000000000
1 15228U          19297.41458333  .00000000  00000-0  00000-0 0 00000
2 15228 097.6980 032.254  0000000 000.0000 198.6590 15.01920000000000
1 15228U          19297.64236111  .00000000  00000-0  00000-0 0 00000
2 15228 097.6990 032.478  0000000 000.0000 348.6590 15.01920000000000
1 15228U          19297.92569444  .00000000  00000-0  00000-0 0 00000
2 15228 097.6990 032.758  0000000 000.0000 078.6590 15.01920000000000
1 15228U          19298.35277778  .00000000  00000-0  00000-0 0 00000
2 15228 097.7000 033.179  0000000 000.0000 224.9100 15.01920000000000
1 15228U          19298.60902778  .00000000  00000-0  00000-0 0 00000
2 15228 097.7000 033.431  0000000 000.0000 168.6600 15.01920000000000
1 15228U          19299.04791667  .00000000  00000-0  00000-0 0 00000
2 15228 097.7010 033.864  0000000 000.0000 018.6600 15.01920000000000
1 15228U          19299.33611111  .00000000  00000-0  00000-0 0 00000
2 15228 097.7010 034.148  0000000 000.0000 134.9110 15.01920000000000
1 15228U          19299.65277778  .00000000  00000-0  00000-0 0 00000
2 15228 097.7020 034.460  0000000 000.0000 044.9110 15.01920000000000
1 15228U          19300.04930556  .00000000  00000-0  00000-0 0 00000
2 15228 097.7020 034.851  0000000 000.0000 026.1620 15.01920000000000
1 15228U          19300.34583333  .00000000  00000-0  00000-0 0 00000
2 15228 097.7030 035.143  0000000 000.0000 187.4120 15.01920000000000
1 15228U          19300.66111111  .00000000  00000-0  00000-0 0 00000
2 15228 097.7030 035.454  0000000 000.0000 089.9120 15.01920000000000
1 15228U          19301.03680556  .00000000  00000-0  00000-0 0 00000
2 15228 097.7040 035.825  0000000 000.0000 318.6630 15.01920000000000
1 15228U          19301.30763889  .00000000  00000-0  00000-0 0 00000
2 15228 097.7040 036.092  0000000 000.0000 341.1630 15.01920000000000
1 15228U          19301.64722222  .00000000  00000-0  00000-0 0 00000
2 15228 097.7050 036.426  0000000 000.0000 014.9130 15.01920000000000
1 15228U          19302.06875000  .00000000  00000-0  00000-0 0 00000
2 15228 097.7060 036.842  0000000 000.0000 131.1640 15.01920000000000
1 15228U          19302.34097222  .00000000  00000-0  00000-0 0 00000
2 15228 097.7060 037.110  0000000 000.0000 161.1640 15.01920000000000
1 15228U          19302.71736111  .00000000  00000-0  00000-0 0 00000
2 15228 097.7060 037.481  0000000 000.0000 033.6650 15.01920000000000
1 15228U          19303.04444444  .00000000  00000-0  00000-0 0 00000
2 15228 097.7070 037.804  0000000 000.0000 359.9150 15.01920000000000
1 15228U          19303.30208333  .00000000  00000-0  00000-0 0 00000
2 15228 097.7070 038.058  0000000 000.0000 311.1650 15.01920000000000
1 15228U          19303.60416667  .00000000  00000-0  00000-0 0 00000
2 15228 097.7080 038.355  0000000 000.0000 142.4160 15.01920000000000
1 15228U          19304.04722222  .00000000  00000-0  00000-0 0 00000
2 15228 097.7080 038.792  0000000 000.0000 014.9160 15.01920000000000
1 15228U          19304.36875000  .00000000  00000-0  00000-0 0 00000
2 15228 097.7090 039.109  0000000 000.0000 311.1670 15.01920000000000
1 15228U          19304.58819444  .00000000  00000-0  00000-0 0 00000
2 15228 097.7090 039.325  0000000 000.0000 056.1670 15.01920000000000
1 15228U          19305.06111111  .00000000  00000-0  00000-0 0 00000
2 15228 097.7100 039.792  0000000 000.0000 089.9180 15.01920000000000
1 15228U          19305.29027778  .00000000  00000-0  00000-0 0 00000
2 15228 097.7100 040.017  0000000 000.0000 247.4180 15.01920000000000
1 15228U          19305.67291667  .00000000  00000-0  00000-0 0 00000
2 15228 097.7110 040.395  0000000 000.0000 153.6680 15.01920000000000
1 15228U          19306.05000000  .00000000  00000-0  00000-0 0 00000
2 15228 097.7110 040.766  0000000 000.0000 029.9190 15.01920000000000
1 15228U          19306.36388889  .00000000  00000-0  00000-0 0 00000
2 15228 097.7120 041.076  0000000 000.0000 284.9190 15.01920000000000
1 15228U          19306.64027778  .00000000  00000-0  00000-0 0 00000
2 15228 097.7120 041.348  0000000 000.0000 337.4200 15.01920000000000
1 15228U          19307.05416667  .00000000  00000-0  00000-0 0 00000
2 15228 097.7130 041.756  0000000 000.0000 052.4200 15.01920000000000
1 15228U          19307.30347222  .00000000  00000-0  00000-0 0 00000
2 15228 097.7130 042.002  0000000 000.0000 318.6700 15.01920000000000
1 15228U          19307.71597222  .00000000  00000-0  00000-0 0 00000
2 15228 097.7140 042.409  0000000 000.0000 026.1710 15.01920000000000
1 15228U          19307.99097222  .00000000  00000-0  00000-0 0 00000
2 15228 097.7140 042.680  0000000 000.0000 071.1710 15.01920000000000
1 15228U          19308.37222222  .00000000  00000-0  00000-0 0 00000
2 15228 097.7140 043.056  0000000 000.0000 329.9220 15.01920000000000
1 15228U          19308.63680556  .00000000  00000-0  00000-0 0 00000
2 15228 097.7150 043.316  0000000 000.0000 318.6720 15.01920000000000
1 15228U          19308.97708333  .00000000  00000-0  00000-0 0 00000
2 15228 097.7150 043.652  0000000 000.0000 356.1730 15.01920000000000
1 15228U          19309.40972222  .00000000  00000-0  00000-0 0 00000
2 15228 097.7160 044.078  0000000 000.0000 172.4230 15.01920000000000
1 15228U          19309.71805556  .00000000  00000-0  00000-0 0 00000
2 15228 097.7160 044.382  0000000 000.0000 037.4240 15.01920000000000
1 15228U          19309.99583333  .00000000  00000-0  00000-0 0 00000
2 15228 097.7170 044.656  0000000 000.0000 097.4240 15.01920000000000
1 15228U          19310.36805556  .00000000  00000-0  00000-0 0 00000
2 15228 097.7170 045.023  0000000 000.0000 307.4240 15.01920000000000
1 15228U          19310.65416667  .00000000  00000-0  00000-0 0 00000
2 15228 097.7170 045.305  0000000 000.0000 052.4250 15.01920000000000
1 15228U          19310.92222222  .00000000  00000-0  00000-0 0 00000
2 15228 097.7180 045.569  0000000 000.0000 059.9250 15.01920000000000
1 15228U          19311.31597222  .00000000  00000-0  00000-0 0 00000
2 15228 097.7180 045.957  0000000 000.0000 026.1760 15.01920000000000
1 15228U          19311.61319444  .00000000  00000-0  00000-0 0 00000
2 15228 097.7190 046.250  0000000 000.0000 191.1760 15.01920000000000
1 15228U          19311.92708333  .00000000  00000-0  00000-0 0 00000
2 15228 097.7190 046.560  0000000 000.0000 086.1770 15.01914300000000
1 15228U          19312.17152778  .00000000  00000-0  00000-0 0 00000
2 15228 097.7190 046.801  0000000 000.0000 326.1770 15.01914300000000
1 15228U          19312.56458333  .00000000  00000-0  00000-0 0 00000
2 15228 097.7200 047.188  0000000 000.0000 288.6780 15.01914300000000
1 15228U          19312.82500000  .00000000  00000-0  00000-0 0 00000
2 15228 097.7200 047.445  0000000 000.0000 254.9280 15.01914300000000
1 15228U          19313.20486111  .00000000  00000-0  00000-0 0 00000
2 15228 097.7210 047.820  0000000 000.0000 146.1780 15.01914300000000
1 15228U          19313.53819444  .00000000  00000-0  00000-0 0 00000
2 15228 097.7210 048.148  0000000 000.0000 146.1790 15.01914300000000
1 15228U          19313.83263889  .00000000  00000-0  00000-0 0 00000
2 15228 097.7210 048.438  0000000 000.0000 296.1790 15.01914300000000
1 15228U          19314.28750000  .00000000  00000-0  00000-0 0 00000
2 15228 097.7220 048.887  0000000 000.0000 232.4300 15.01914300000000
1 15228U          19314.60972222  .00000000  00000-0  00000-0 0 00000
2 15228 097.7220 049.204  0000000 000.0000 172.4310 15.01914300000000
1 15228U          19314.82777778  .00000000  00000-0  00000-0 0 00000
2 15228 097.7230 049.419  0000000 000.0000 269.9310 15.01914300000000
1 15228U          19315.24097222  .00000000  00000-0  00000-0 0 00000
2 15228 097.7230 049.827  0000000 000.0000 341.1810 15.01914300000000
1 15228U          19315.49861111  .00000000  00000-0  00000-0 0 00000
2 15228 097.7230 050.081  0000000 000.0000 292.4320 15.01914300000000
1 15228U          19315.85138889  .00000000  00000-0  00000-0 0 00000
2 15228 097.7240 050.428  0000000 000.0000 037.4320 15.01914300000000
1 15228U          19316.24513889  .00000000  00000-0  00000-0 0 00000
2 15228 097.7240 050.817  0000000 000.0000 003.6830 15.01914300000000
1 15228U          19316.59166667  .00000000  00000-0  00000-0 0 00000
2 15228 097.7250 051.158  0000000 000.0000 074.9330 15.01914300000000
1 15228U          19316.96180556  .00000000  00000-0  00000-0 0 00000
2 15228 097.7250 051.523  0000000 000.0000 273.6840 15.01914300000000
1 15228U          19317.27569444  .00000000  00000-0  00000-0 0 00000
2 15228 097.7260 051.833  0000000 000.0000 168.6850 15.01914300000000
1 15228U          19317.57222222  .00000000  00000-0  00000-0 0 00000
2 15228 097.7260 052.125  0000000 000.0000 329.9350 15.01914300000000
1 15228U          19317.96527778  .00000000  00000-0  00000-0 0 00000
2 15228 097.7260 052.512  0000000 000.0000 292.4360 15.01914300000000
1 15228U          19318.29097222  .00000000  00000-0  00000-0 0 00000
2 15228 097.7270 052.833  0000000 000.0000 251.1860 15.01914300000000
1 15228U          19318.61597222  .00000000  00000-0  00000-0 0 00000
2 15228 097.7270 053.154  0000000 000.0000 206.1870 15.01914300000000
1 15228U          19318.85416667  .00000000  00000-0  00000-0 0 00000
2 15228 097.7270 053.389  0000000 000.0000 052.4370 15.01914300000000
1 15228U          19318.89583333  .00000000  00000-0  00000-0 0 00000
2 15228 097.7270 053.430  0000000 000.0000 277.4370 15.01914300000000
1 15228U          19319.29583333  .00000000  00000-0  00000-0 0 00000
2 15228 097.7280 053.824  0000000 000.0000 277.4380 15.01914300000000
1 15228U          19319.57708333  .00000000  00000-0  00000-0 0 00000
2 15228 097.7280 054.101  0000000 000.0000 356.1880 15.01914300000000
1 15228U          19319.96597222  .00000000  00000-0  00000-0 0 00000
2 15228 097.7290 054.485  0000000 000.0000 296.1890 15.01914300000000
1 15228U          19320.23263889  .00000000  00000-0  00000-0 0 00000
2 15228 097.7290 054.748  0000000 000.0000 296.1890 15.01914300000000
1 15228U          19320.49791667  .00000000  00000-0  00000-0 0 00000
2 15228 097.7290 055.009  0000000 000.0000 288.6900 15.01914300000000
1 15228U          19320.92291667  .00000000  00000-0  00000-0 0 00000
2 15228 097.7300 055.428  0000000 000.0000 063.6900 15.01914300000000
1 15228U          19321.30486111  .00000000  00000-0  00000-0 0 00000
2 15228 097.7300 055.805  0000000 000.0000 326.1910 15.01914300000000
1 15228U          19321.63819444  .00000000  00000-0  00000-0 0 00000
2 15228 097.7300 056.133  0000000 000.0000 326.1910 15.01914300000000
1 15228U          19321.88680556  .00000000  00000-0  00000-0 0 00000
2 15228 097.7310 056.378  0000000 000.0000 228.6920 15.01914300000000
1 15228U          19322.22569444  .00000000  00000-0  00000-0 0 00000
2 15228 097.7310 056.712  0000000 000.0000 258.6920 15.01914300000000
1 15228U          19322.55972222  .00000000  00000-0  00000-0 0 00000
2 15228 097.7310 057.042  0000000 000.0000 262.4430 15.01914300000000
1 15228U          19322.93125000  .00000000  00000-0  00000-0 0 00000
2 15228 097.7320 057.408  0000000 000.0000 108.6930 15.01914300000000
1 15228U          19323.16180556  .00000000  00000-0  00000-0 0 00000
2 15228 097.7320 057.635  0000000 000.0000 273.6940 15.01914300000000
1 15228U          19323.63958333  .00000000  00000-0  00000-0 0 00000
2 15228 097.7320 058.106  0000000 000.0000 333.6950 15.01914300000000
1 15228U          19323.91041667  .00000000  00000-0  00000-0 0 00000
2 15228 097.7330 058.373  0000000 000.0000 356.1950 15.01914300000000
1 15228U          19324.19861111  .00000000  00000-0  00000-0 0 00000
2 15228 097.7330 058.657  0000000 000.0000 112.4450 15.01914300000000
1 15228U          19324.53472222  .00000000  00000-0  00000-0 0 00000
2 15228 097.7330 058.989  0000000 000.0000 127.4460 15.01914300000000
1 15228U          19324.83263889  .00000000  00000-0  00000-0 0 00000
2 15228 097.7330 059.282  0000000 000.0000 296.1970 15.01914300000000
1 15228U          19325.28541667  .00000000  00000-0  00000-0 0 00000
2 15228 097.7340 059.729  0000000 000.0000 221.1970 15.01914300000000
1 15228U          19325.55347222  .00000000  00000-0  00000-0 0 00000
2 15228 097.7340 059.993  0000000 000.0000 228.6980 15.01914300000000
1 15228U          19325.89583333  .00000000  00000-0  00000-0 0 00000
2 15228 097.7340 060.330  0000000 000.0000 277.4480 15.01914300000000
1 15228U          19325.94305556  .00000000  00000-0  00000-0 0 00000
2 15228 097.7340 060.377  0000000 000.0000 172.4480 15.01914300000000
1 15228U          19326.26319444  .00000000  00000-0  00000-0 0 00000
2 15228 097.7350 060.693  0000000 000.0000 101.1990 15.01914300000000
1 15228U          19326.53958333  .00000000  00000-0  00000-0 0 00000
2 15228 097.7350 060.965  0000000 000.0000 153.6990 15.01914300000000
1 15228U          19326.94583333  .00000000  00000-0  00000-0 0 00000
2 15228 097.7350 061.366  0000000 000.0000 187.4500 15.01914300000000
1 15228U          19327.21875000  .00000000  00000-0  00000-0 0 00000
2 15228 097.7360 061.635  0000000 000.0000 221.2010 15.01914300000000
1 15228U          19327.64097222  .00000000  00000-0  00000-0 0 00000
2 15228 097.7360 062.051  0000000 000.0000 341.2010 15.01914300000000
1 15228U          19327.84166667  .00000000  00000-0  00000-0 0 00000
2 15228 097.7360 062.249  0000000 000.0000 344.9520 15.01914300000000
1 15228U          19328.20347222  .00000000  00000-0  00000-0 0 00000
2 15228 097.7360 062.605  0000000 000.0000 138.7020 15.01914300000000
1 15228U          19328.50208333  .00000000  00000-0  00000-0 0 00000
2 15228 097.7370 062.900  0000000 000.0000 311.2030 15.01914300000000
1 15228U          19328.87430556  .00000000  00000-0  00000-0 0 00000
2 15228 097.7370 063.267  0000000 000.0000 161.2030 15.01914300000000
1 15228U          19329.18194444  .00000000  00000-0  00000-0 0 00000
2 15228 097.7370 063.570  0000000 000.0000 022.4540 15.01914300000000
1 15228U          19329.59305556  .00000000  00000-0  00000-0 0 00000
2 15228 097.7380 063.975  0000000 000.0000 082.4550 15.01914300000000
1 15228U          19329.89583333  .00000000  00000-0  00000-0 0 00000
2 15228 097.7380 064.274  0000000 000.0000 277.4550 15.01914300000000
1 15228U          19330.16597222  .00000000  00000-0  00000-0 0 00000
2 15228 097.7380 064.540  0000000 000.0000 296.2060 15.01914300000000
1 15228U          19330.51458333  .00000000  00000-0  00000-0 0 00000
2 15228 097.7380 064.884  0000000 000.0000 018.7060 15.01914300000000
1 15228U          19330.94583333  .00000000  00000-0  00000-0 0 00000
2 15228 097.7390 065.309  0000000 000.0000 187.4570 15.01914300000000
1 15228U          19331.25555556  .00000000  00000-0  00000-0 0 00000
2 15228 097.7390 065.614  0000000 000.0000 059.9570 15.01914300000000
1 15228U          19331.49583333  .00000000  00000-0  00000-0 0 00000
2 15228 097.7390 065.851  0000000 000.0000 277.4580 15.01914300000000
1 15228U          19331.89375000  .00000000  00000-0  00000-0 0 00000
2 15228 097.7390 066.243  0000000 000.0000 266.2090 15.01914300000000
1 15228U          19332.26388889  .00000000  00000-0  00000-0 0 00000
2 15228 097.7400 066.608  0000000 000.0000 104.9590 15.01914300000000
1 15228U          19332.51111111  .00000000  00000-0  00000-0 0 00000
2 15228 097.7400 066.852  0000000 000.0000 359.9600 15.01914300000000
1 15228U          19332.86875000  .00000000  00000-0  00000-0 0 00000
2 15228 097.7400 067.205  0000000 000.0000 131.2100 15.01914300000000
