1 15632U          19282.04166667  .00000000  00000-0  00000-0 0 00000
2 15632 097.7010 145.698  0000000 000.0000 146.2330 15.01920000000000
1 15632U          19282.39027778  .00000000  00000-0  00000-0 0 00000
2 15632 097.7000 146.042  0000000 000.0000 228.7340 15.01920000000000
1 15632U          19282.65902778  .00000000  00000-0  00000-0 0 00000
2 15632 097.7000 146.307  0000000 000.0000 239.9840 15.01920000000000
1 15632U          19282.96111111  .00000000  00000-0  00000-0 0 00000
2 15632 097.6990 146.604  0000000 000.0000 071.2340 15.01920000000000
1 15632U          19283.40625000  .00000000  00000-0  00000-0 0 00000
2 15632 097.6980 147.043  0000000 000.0000 314.9850 15.01920000000000
1 15632U          19283.64861111  .00000000  00000-0  00000-0 0 00000
2 15632 097.6980 147.282  0000000 000.0000 183.7350 15.01920000000000
1 15632U          19284.07916667  .00000000  00000-0  00000-0 0 00000
2 15632 097.6970 147.706  0000000 000.0000 348.7360 15.01920000000000
1 15632U          19284.35138889  .00000000  00000-0  00000-0 0 00000
2 15632 097.6970 147.975  0000000 000.0000 018.7360 15.01920000000000
1 15632U          19284.62152778  .00000000  00000-0  00000-0 0 00000
2 15632 097.6970 148.241  0000000 000.0000 037.4860 15.01920000000000
1 15632U          19284.97291667  .00000000  00000-0  00000-0 0 00000
2 15632 097.6960 148.587  0000000 000.0000 134.9860 15.01920000000000
1 15632U          19285.25833333  .00000000  00000-0  00000-0 0 00000
2 15632 097.6960 148.869  0000000 000.0000 236.2370 15.01920000000000
1 15632U          19285.65000000  .00000000  00000-0  00000-0 0 00000
2 15632 097.6950 149.255  0000000 000.0000 191.2370 15.01920000000000
1 15632U          19285.96319444  .00000000  00000-0  00000-0 0 00000
2 15632 097.6940 149.564  0000000 000.0000 082.4870 15.01920000000000
1 15632U          19286.38958333  .00000000  00000-0  00000-0 0 00000
2 15632 097.6940 149.984  0000000 000.0000 224.9880 15.01920000000000
1 15632U          19286.73472222  .00000000  00000-0  00000-0 0 00000
2 15632 097.6930 150.324  0000000 000.0000 288.7380 15.01920000000000
1 15632U          19286.93888889  .00000000  00000-0  00000-0 0 00000
2 15632 097.6930 150.525  0000000 000.0000 311.2380 15.01920000000000
1 15632U          19287.32361111  .00000000  00000-0  00000-0 0 00000
2 15632 097.6920 150.905  0000000 000.0000 228.7390 15.01920000000000
1 15632U          19287.60138889  .00000000  00000-0  00000-0 0 00000
2 15632 097.6920 151.178  0000000 000.0000 288.7390 15.01920000000000
1 15632U          19287.92916667  .00000000  00000-0  00000-0 0 00000
2 15632 097.6910 151.502  0000000 000.0000 258.7390 15.01920000000000
1 15632U          19288.38888889  .00000000  00000-0  00000-0 0 00000
2 15632 097.6900 151.955  0000000 000.0000 221.2400 15.01920000000000
1 15632U          19288.68680556  .00000000  00000-0  00000-0 0 00000
2 15632 097.6900 152.248  0000000 000.0000 029.9900 15.01920000000000
1 15632U          19288.94513889  .00000000  00000-0  00000-0 0 00000
2 15632 097.6900 152.503  0000000 000.0000 344.9900 15.01920000000000
1 15632U          19289.39166667  .00000000  00000-0  00000-0 0 00000
2 15632 097.6890 152.943  0000000 000.0000 236.2410 15.01920000000000
1 15632U          19289.73263889  .00000000  00000-0  00000-0 0 00000
2 15632 097.6880 153.279  0000000 000.0000 277.4910 15.01920000000000
1 15632U          19290.03541667  .00000000  00000-0  00000-0 0 00000
2 15632 097.6880 153.578  0000000 000.0000 112.4910 15.01920000000000
1 15632U          19290.31458333  .00000000  00000-0  00000-0 0 00000
2 15632 097.6870 153.853  0000000 000.0000 179.9910 15.01920000000000
1 15632U          19290.66666667  .00000000  00000-0  00000-0 0 00000
2 15632 097.6870 154.200  0000000 000.0000 281.2420 15.01920000000000
1 15632U          19290.97569444  .00000000  00000-0  00000-0 0 00000
2 15632 097.6860 154.505  0000000 000.0000 149.9920 15.01920000000000
1 15632U          19291.38750000  .00000000  00000-0  00000-0 0 00000
2 15632 097.6850 154.910  0000000 000.0000 213.7420 15.01920000000000
1 15632U          19291.73611111  .00000000  00000-0  00000-0 0 00000
2 15632 097.6850 155.254  0000000 000.0000 296.2430 15.01920000000000
1 15632U          19292.02430556  .00000000  00000-0  00000-0 0 00000
2 15632 097.6840 155.538  0000000 000.0000 052.4930 15.01920000000000
1 15632U          19292.36319444  .00000000  00000-0  00000-0 0 00000
2 15632 097.6840 155.872  0000000 000.0000 082.4930 15.01920000000000
1 15632U          19292.66180556  .00000000  00000-0  00000-0 0 00000
2 15632 097.6830 156.167  0000000 000.0000 254.9930 15.01920000000000
1 15632U          19292.93472222  .00000000  00000-0  00000-0 0 00000
2 15632 097.6830 156.436  0000000 000.0000 288.7440 15.01920000000000
1 15632U          19293.30138889  .00000000  00000-0  00000-0 0 00000
2 15632 097.6820 156.797  0000000 000.0000 108.7440 15.01920000000000
1 15632U          19293.61250000  .00000000  00000-0  00000-0 0 00000
2 15632 097.6820 157.104  0000000 000.0000 348.7440 15.01920000000000
1 15632U          19294.05347222  .00000000  00000-0  00000-0 0 00000
2 15632 097.6810 157.538  0000000 000.0000 209.9940 15.01920000000000
1 15632U          19294.32291667  .00000000  00000-0  00000-0 0 00000
2 15632 097.6800 157.804  0000000 000.0000 224.9950 15.01920000000000
1 15632U          19294.59652778  .00000000  00000-0  00000-0 0 00000
2 15632 097.6800 158.074  0000000 000.0000 262.4950 15.01920000000000
1 15632U          19295.05902778  .00000000  00000-0  00000-0 0 00000
2 15632 097.6790 158.530  0000000 000.0000 239.9950 15.01920000000000
1 15632U          19295.25486111  .00000000  00000-0  00000-0 0 00000
2 15632 097.6790 158.723  0000000 000.0000 217.4950 15.01920000000000
1 15632U          19295.72777778  .00000000  00000-0  00000-0 0 00000
2 15632 097.6780 159.189  0000000 000.0000 251.2460 15.01920000000000
1 15632U          19296.02847222  .00000000  00000-0  00000-0 0 00000
2 15632 097.6770 159.485  0000000 000.0000 074.9960 15.01920000000000
1 15632U          19296.26875000  .00000000  00000-0  00000-0 0 00000
2 15632 097.6770 159.722  0000000 000.0000 292.4960 15.01920000000000
1 15632U          19296.67847222  .00000000  00000-0  00000-0 0 00000
2 15632 097.6760 160.126  0000000 000.0000 344.9960 15.01920000000000
1 15632U          19296.98263889  .00000000  00000-0  00000-0 0 00000
2 15632 097.6760 160.426  0000000 000.0000 187.4960 15.01920000000000
1 15632U          19297.26597222  .00000000  00000-0  00000-0 0 00000
2 15632 097.6750 160.705  0000000 000.0000 277.4970 15.01920000000000
1 15632U          19297.66041667  .00000000  00000-0  00000-0 0 00000
2 15632 097.6750 161.094  0000000 000.0000 247.4970 15.01920000000000
1 15632U          19297.97986111  .00000000  00000-0  00000-0 0 00000
2 15632 097.6740 161.409  0000000 000.0000 172.4970 15.01920000000000
1 15632U          19298.38611111  .00000000  00000-0  00000-0 0 00000
2 15632 097.6730 161.809  0000000 000.0000 206.2470 15.01920000000000
1 15632U          19298.74166667  .00000000  00000-0  00000-0 0 00000
2 15632 097.6730 162.159  0000000 000.0000 326.2480 15.01920000000000
1 15632U          19298.97083333  .00000000  00000-0  00000-0 0 00000
2 15632 097.6720 162.385  0000000 000.0000 123.7480 15.01920000000000
1 15632U          19299.28680556  .00000000  00000-0  00000-0 0 00000
2 15632 097.6720 162.697  0000000 000.0000 029.9980 15.01920000000000
1 15632U          19299.62222222  .00000000  00000-0  00000-0 0 00000
2 15632 097.6710 163.027  0000000 000.0000 041.2480 15.01920000000000
1 15632U          19300.07083333  .00000000  00000-0  00000-0 0 00000
2 15632 097.6700 163.470  0000000 000.0000 303.7480 15.01920000000000
1 15632U          19300.40208333  .00000000  00000-0  00000-0 0 00000
2 15632 097.6700 163.796  0000000 000.0000 292.4990 15.01920000000000
1 15632U          19300.66666667  .00000000  00000-0  00000-0 0 00000
2 15632 097.6690 164.057  0000000 000.0000 281.2490 15.01920000000000
1 15632U          19300.98472222  .00000000  00000-0  00000-0 0 00000
2 15632 097.6690 164.370  0000000 000.0000 198.7490 15.01920000000000
1 15632U          19301.41388889  .00000000  00000-0  00000-0 0 00000
2 15632 097.6680 164.793  0000000 000.0000 356.2490 15.01920000000000
1 15632U          19301.71458333  .00000000  00000-0  00000-0 0 00000
2 15632 097.6670 165.090  0000000 000.0000 179.9990 15.01920000000000
1 15632U          19302.01458333  .00000000  00000-0  00000-0 0 00000
2 15632 097.6670 165.385  0000000 000.0000 359.9990 15.01920000000000
1 15632U          19302.39930556  .00000000  00000-0  00000-0 0 00000
2 15632 097.6660 165.765  0000000 000.0000 277.5000 15.01920000000000
1 15632U          19302.65069444  .00000000  00000-0  00000-0 0 00000
2 15632 097.6660 166.012  0000000 000.0000 195.0000 15.01920000000000
1 15632U          19302.92986111  .00000000  00000-0  00000-0 0 00000
2 15632 097.6650 166.288  0000000 000.0000 262.5000 15.01920000000000
1 15632U          19303.31944444  .00000000  00000-0  00000-0 0 00000
2 15632 097.6640 166.672  0000000 000.0000 206.2500 15.01920000000000
1 15632U          19303.60833333  .00000000  00000-0  00000-0 0 00000
2 15632 097.6640 166.956  0000000 000.0000 326.2500 15.01920000000000
1 15632U          19304.05833333  .00000000  00000-0  00000-0 0 00000
2 15632 097.6630 167.400  0000000 000.0000 236.2500 15.01920000000000
1 15632U          19304.28263889  .00000000  00000-0  00000-0 0 00000
2 15632 097.6630 167.621  0000000 000.0000 007.5000 15.01920000000000
1 15632U          19304.70347222  .00000000  00000-0  00000-0 0 00000
2 15632 097.6620 168.036  0000000 000.0000 120.0010 15.01920000000000
1 15632U          19305.02291667  .00000000  00000-0  00000-0 0 00000
2 15632 097.6610 168.351  0000000 000.0000 045.0010 15.01920000000000
1 15632U          19305.38125000  .00000000  00000-0  00000-0 0 00000
2 15632 097.6610 168.704  0000000 000.0000 180.0010 15.01920000000000
1 15632U          19305.70486111  .00000000  00000-0  00000-0 0 00000
2 15632 097.6600 169.023  0000000 000.0000 127.5010 15.01920000000000
1 15632U          19306.04652778  .00000000  00000-0  00000-0 0 00000
2 15632 097.6590 169.360  0000000 000.0000 172.5010 15.01920000000000
1 15632U          19306.25069444  .00000000  00000-0  00000-0 0 00000
2 15632 097.6590 169.561  0000000 000.0000 195.0010 15.01920000000000
1 15632U          19306.66041667  .00000000  00000-0  00000-0 0 00000
2 15632 097.6580 169.965  0000000 000.0000 247.5010 15.01920000000000
1 15632U          19307.04236111  .00000000  00000-0  00000-0 0 00000
2 15632 097.6580 170.341  0000000 000.0000 150.0010 15.01920000000000
1 15632U          19307.31319444  .00000000  00000-0  00000-0 0 00000
2 15632 097.6570 170.608  0000000 000.0000 172.5020 15.01920000000000
1 15632U          19307.71666667  .00000000  00000-0  00000-0 0 00000
2 15632 097.6560 171.006  0000000 000.0000 191.2520 15.01920000000000
1 15632U          19307.93888889  .00000000  00000-0  00000-0 0 00000
2 15632 097.6560 171.225  0000000 000.0000 311.2520 15.01920000000000
1 15632U          19308.36944444  .00000000  00000-0  00000-0 0 00000
2 15632 097.6550 171.649  0000000 000.0000 116.2520 15.01920000000000
1 15632U          19308.72291667  .00000000  00000-0  00000-0 0 00000
2 15632 097.6550 171.998  0000000 000.0000 225.0020 15.01920000000000
1 15632U          19308.96180556  .00000000  00000-0  00000-0 0 00000
2 15632 097.6540 172.233  0000000 000.0000 075.0020 15.01920000000000
1 15632U          19309.33194444  .00000000  00000-0  00000-0 0 00000
2 15632 097.6530 172.598  0000000 000.0000 273.7520 15.01920000000000
1 15632U          19309.65277778  .00000000  00000-0  00000-0 0 00000
2 15632 097.6530 172.914  0000000 000.0000 206.2520 15.01920000000000
1 15632U          19309.95625000  .00000000  00000-0  00000-0 0 00000
2 15632 097.6520 173.213  0000000 000.0000 045.0020 15.01920000000000
1 15632U          19310.29444444  .00000000  00000-0  00000-0 0 00000
2 15632 097.6520 173.547  0000000 000.0000 071.2520 15.01920000000000
1 15632U          19310.71111111  .00000000  00000-0  00000-0 0 00000
2 15632 097.6510 173.957  0000000 000.0000 161.2530 15.01920000000000
1 15632U          19310.97152778  .00000000  00000-0  00000-0 0 00000
2 15632 097.6500 174.214  0000000 000.0000 127.5030 15.01920000000000
1 15632U          19311.25625000  .00000000  00000-0  00000-0 0 00000
2 15632 097.6500 174.495  0000000 000.0000 225.0030 15.01920000000000
1 15632U          19311.70416667  .00000000  00000-0  00000-0 0 00000
2 15632 097.6490 174.936  0000000 000.0000 123.7530 15.01920000000000
1 15632U          19311.89583333  .00000000  00000-0  00000-0 0 00000
2 15632 097.6490 175.125  0000000 000.0000 078.7530 15.01914300000000
1 15632U          19312.20416667  .00000000  00000-0  00000-0 0 00000
2 15632 097.6480 175.429  0000000 000.0000 303.7530 15.01914300000000
1 15632U          19312.48750000  .00000000  00000-0  00000-0 0 00000
2 15632 097.6480 175.708  0000000 000.0000 033.7530 15.01914300000000
1 15632U          19312.91180556  .00000000  00000-0  00000-0 0 00000
2 15632 097.6470 176.126  0000000 000.0000 165.0030 15.01914300000000
1 15632U          19313.19583333  .00000000  00000-0  00000-0 0 00000
2 15632 097.6460 176.406  0000000 000.0000 258.7530 15.01914300000000
1 15632U          19313.55416667  .00000000  00000-0  00000-0 0 00000
2 15632 097.6460 176.759  0000000 000.0000 033.7530 15.01914300000000
1 15632U          19313.88611111  .00000000  00000-0  00000-0 0 00000
2 15632 097.6450 177.087  0000000 000.0000 026.2530 15.01914300000000
1 15632U          19314.15069444  .00000000  00000-0  00000-0 0 00000
2 15632 097.6450 177.347  0000000 000.0000 015.0030 15.01914300000000
1 15632U          19314.57222222  .00000000  00000-0  00000-0 0 00000
2 15632 097.6440 177.763  0000000 000.0000 131.2530 15.01914300000000
1 15632U          19314.95833333  .00000000  00000-0  00000-0 0 00000
2 15632 097.6430 178.143  0000000 000.0000 056.2530 15.01914300000000
1 15632U          19315.20277778  .00000000  00000-0  00000-0 0 00000
2 15632 097.6430 178.384  0000000 000.0000 296.2530 15.01914300000000
1 15632U          19315.48680556  .00000000  00000-0  00000-0 0 00000
2 15632 097.6420 178.664  0000000 000.0000 030.0030 15.01914300000000
1 15632U          19315.93611111  .00000000  00000-0  00000-0 0 00000
2 15632 097.6410 179.107  0000000 000.0000 296.2530 15.01914300000000
1 15632U          19316.27291667  .00000000  00000-0  00000-0 0 00000
2 15632 097.6410 179.439  0000000 000.0000 315.0030 15.01914300000000
1 15632U          19316.50625000  .00000000  00000-0  00000-0 0 00000
2 15632 097.6400 179.669  0000000 000.0000 135.0030 15.01914300000000
1 15632U          19316.92569444  .00000000  00000-0  00000-0 0 00000
2 15632 097.6390 180.082  0000000 000.0000 240.0030 15.01914300000000
1 15632U          19317.15972222  .00000000  00000-0  00000-0 0 00000
2 15632 097.6390 180.313  0000000 000.0000 063.7530 15.01914300000000
1 15632U          19317.62083333  .00000000  00000-0  00000-0 0 00000
2 15632 097.6380 180.768  0000000 000.0000 033.7530 15.01914300000000
1 15632U          19317.82083333  .00000000  00000-0  00000-0 0 00000
2 15632 097.6380 180.965  0000000 000.0000 033.7530 15.01914300000000
1 15632U          19318.27569444  .00000000  00000-0  00000-0 0 00000
2 15632 097.6370 181.413  0000000 000.0000 330.0030 15.01914300000000
1 15632U          19318.53263889  .00000000  00000-0  00000-0 0 00000
2 15632 097.6360 181.666  0000000 000.0000 277.5030 15.01914300000000
1 15632U          19318.89583333  .00000000  00000-0  00000-0 0 00000
2 15632 097.6360 182.024  0000000 000.0000 078.7530 15.01914300000000
1 15632U          19318.89583333  .00000000  00000-0  00000-0 0 00000
2 15632 097.6360 182.024  0000000 000.0000 078.7530 15.01914300000000
1 15632U          19319.19097222  .00000000  00000-0  00000-0 0 00000
2 15632 097.6350 182.315  0000000 000.0000 232.5030 15.01914300000000
1 15632U          19319.50347222  .00000000  00000-0  00000-0 0 00000
2 15632 097.6350 182.623  0000000 000.0000 120.0030 15.01914300000000
1 15632U          19319.85763889  .00000000  00000-0  00000-0 0 00000
2 15632 097.6340 182.972  0000000 000.0000 232.5030 15.01914300000000
1 15632U          19320.14861111  .00000000  00000-0  00000-0 0 00000
2 15632 097.6330 183.259  0000000 000.0000 003.7530 15.01914300000000
1 15632U          19320.51597222  .00000000  00000-0  00000-0 0 00000
2 15632 097.6330 183.621  0000000 000.0000 187.5030 15.01914300000000
1 15632U          19320.87569444  .00000000  00000-0  00000-0 0 00000
2 15632 097.6320 183.976  0000000 000.0000 330.0030 15.01914300000000
1 15632U          19321.30000000  .00000000  00000-0  00000-0 0 00000
2 15632 097.6310 184.394  0000000 000.0000 101.2530 15.01914300000000
1 15632U          19321.54930556  .00000000  00000-0  00000-0 0 00000
2 15632 097.6310 184.639  0000000 000.0000 007.5030 15.01914300000000
1 15632U          19321.92500000  .00000000  00000-0  00000-0 0 00000
2 15632 097.6300 185.010  0000000 000.0000 236.2530 15.01914300000000
1 15632U          19322.30694444  .00000000  00000-0  00000-0 0 00000
2 15632 097.6290 185.386  0000000 000.0000 138.7530 15.01914300000000
1 15632U          19322.51944444  .00000000  00000-0  00000-0 0 00000
2 15632 097.6290 185.596  0000000 000.0000 206.2530 15.01914300000000
1 15632U          19322.89791667  .00000000  00000-0  00000-0 0 00000
2 15632 097.6280 185.969  0000000 000.0000 090.0030 15.01914300000000
1 15632U          19323.27361111  .00000000  00000-0  00000-0 0 00000
2 15632 097.6280 186.339  0000000 000.0000 318.7530 15.01914300000000
1 15632U          19323.53055556  .00000000  00000-0  00000-0 0 00000
2 15632 097.6270 186.592  0000000 000.0000 266.2530 15.01914300000000
1 15632U          19323.84791667  .00000000  00000-0  00000-0 0 00000
2 15632 097.6270 186.905  0000000 000.0000 180.0030 15.01914300000000
1 15632U          19324.20277778  .00000000  00000-0  00000-0 0 00000
2 15632 097.6260 187.255  0000000 000.0000 296.2530 15.01914300000000
1 15632U          19324.55972222  .00000000  00000-0  00000-0 0 00000
2 15632 097.6250 187.606  0000000 000.0000 063.7530 15.01914300000000
1 15632U          19324.85000000  .00000000  00000-0  00000-0 0 00000
2 15632 097.6250 187.893  0000000 000.0000 191.2520 15.01914300000000
1 15632U          19325.18055556  .00000000  00000-0  00000-0 0 00000
2 15632 097.6240 188.218  0000000 000.0000 176.2520 15.01914300000000
1 15632U          19325.57361111  .00000000  00000-0  00000-0 0 00000
2 15632 097.6230 188.606  0000000 000.0000 138.7520 15.01914300000000
1 15632U          19325.86527778  .00000000  00000-0  00000-0 0 00000
2 15632 097.6230 188.893  0000000 000.0000 273.7520 15.01914300000000
1 15632U          19325.90694444  .00000000  00000-0  00000-0 0 00000
2 15632 097.6230 188.934  0000000 000.0000 138.7520 15.01914300000000
1 15632U          19326.18819444  .00000000  00000-0  00000-0 0 00000
2 15632 097.6220 189.211  0000000 000.0000 217.5020 15.01914300000000
1 15632U          19326.62777778  .00000000  00000-0  00000-0 0 00000
2 15632 097.6210 189.645  0000000 000.0000 071.2520 15.01914300000000
1 15632U          19326.89722222  .00000000  00000-0  00000-0 0 00000
2 15632 097.6210 189.910  0000000 000.0000 086.2520 15.01914300000000
1 15632U          19327.30972222  .00000000  00000-0  00000-0 0 00000
2 15632 097.6200 190.317  0000000 000.0000 153.7520 15.01914300000000
1 15632U          19327.52013889  .00000000  00000-0  00000-0 0 00000
2 15632 097.6200 190.524  0000000 000.0000 210.0020 15.01914300000000
1 15632U          19327.81944444  .00000000  00000-0  00000-0 0 00000
2 15632 097.6190 190.819  0000000 000.0000 026.2520 15.01914300000000
1 15632U          19328.20000000  .00000000  00000-0  00000-0 0 00000
2 15632 097.6190 191.194  0000000 000.0000 281.2520 15.01914300000000
1 15632U          19328.52638889  .00000000  00000-0  00000-0 0 00000
2 15632 097.6180 191.516  0000000 000.0000 243.7510 15.01914300000000
1 15632U          19328.88958333  .00000000  00000-0  00000-0 0 00000
2 15632 097.6170 191.874  0000000 000.0000 045.0010 15.01914300000000
1 15632U          19329.20972222  .00000000  00000-0  00000-0 0 00000
2 15632 097.6170 192.189  0000000 000.0000 333.7510 15.01914300000000
1 15632U          19329.50555556  .00000000  00000-0  00000-0 0 00000
2 15632 097.6160 192.481  0000000 000.0000 131.2510 15.01914300000000
1 15632U          19329.85347222  .00000000  00000-0  00000-0 0 00000
2 15632 097.6160 192.824  0000000 000.0000 210.0010 15.01914300000000
1 15632U          19330.21805556  .00000000  00000-0  00000-0 0 00000
2 15632 097.6150 193.183  0000000 000.0000 018.7510 15.01914300000000
1 15632U          19330.54375000  .00000000  00000-0  00000-0 0 00000
2 15632 097.6140 193.504  0000000 000.0000 337.5010 15.01914300000000
1 15632U          19330.90138889  .00000000  00000-0  00000-0 0 00000
2 15632 097.6140 193.857  0000000 000.0000 108.7510 15.01914300000000
1 15632U          19331.14861111  .00000000  00000-0  00000-0 0 00000
2 15632 097.6130 194.100  0000000 000.0000 003.7500 15.01914300000000
1 15632U          19331.50625000  .00000000  00000-0  00000-0 0 00000
2 15632 097.6130 194.453  0000000 000.0000 135.0000 15.01914300000000
1 15632U          19331.82083333  .00000000  00000-0  00000-0 0 00000
2 15632 097.6120 194.763  0000000 000.0000 033.7500 15.01914300000000
1 15632U          19332.14722222  .00000000  00000-0  00000-0 0 00000
2 15632 097.6110 195.084  0000000 000.0000 356.2500 15.01914300000000
1 15632U          19332.52569444  .00000000  00000-0  00000-0 0 00000
2 15632 097.6110 195.457  0000000 000.0000 240.0000 15.01914300000000
1 15632U          19332.81666667  .00000000  00000-0  00000-0 0 00000
2 15632 097.6100 195.744  0000000 000.0000 011.2500 15.01914300000000
