1 15956U          19282.01805556  .00000000  00000-0  00000-0 0 00000
2 15956 097.7480 094.235  0000000 000.0000 131.7940 15.01920000000000
1 15956U          19282.30902778  .00000000  00000-0  00000-0 0 00000
2 15956 097.7480 094.522  0000000 000.0000 263.0450 15.01920000000000
1 15956U          19282.67361111  .00000000  00000-0  00000-0 0 00000
2 15956 097.7480 094.882  0000000 000.0000 071.7960 15.01920000000000
1 15956U          19283.02986111  .00000000  00000-0  00000-0 0 00000
2 15956 097.7480 095.233  0000000 000.0000 195.5460 15.01920000000000
1 15956U          19283.25208333  .00000000  00000-0  00000-0 0 00000
2 15956 097.7480 095.452  0000000 000.0000 315.5470 15.01920000000000
1 15956U          19283.69583333  .00000000  00000-0  00000-0 0 00000
2 15956 097.7480 095.889  0000000 000.0000 191.7980 15.01920000000000
1 15956U          19284.07430556  .00000000  00000-0  00000-0 0 00000
2 15956 097.7480 096.262  0000000 000.0000 075.5480 15.01920000000000
1 15956U          19284.39166667  .00000000  00000-0  00000-0 0 00000
2 15956 097.7470 096.575  0000000 000.0000 349.2990 15.01920000000000
1 15956U          19284.60069444  .00000000  00000-0  00000-0 0 00000
2 15956 097.7470 096.781  0000000 000.0000 038.0490 15.01920000000000
1 15956U          19284.99305556  .00000000  00000-0  00000-0 0 00000
2 15956 097.7470 097.168  0000000 000.0000 356.8000 15.01920000000000
1 15956U          19285.34097222  .00000000  00000-0  00000-0 0 00000
2 15956 097.7470 097.511  0000000 000.0000 075.5510 15.01920000000000
1 15956U          19285.59305556  .00000000  00000-0  00000-0 0 00000
2 15956 097.7470 097.760  0000000 000.0000 356.8010 15.01920000000000
1 15956U          19286.03958333  .00000000  00000-0  00000-0 0 00000
2 15956 097.7470 098.200  0000000 000.0000 248.0520 15.01920000000000
1 15956U          19286.30833333  .00000000  00000-0  00000-0 0 00000
2 15956 097.7470 098.465  0000000 000.0000 259.3030 15.01920000000000
1 15956U          19286.68958333  .00000000  00000-0  00000-0 0 00000
2 15956 097.7470 098.841  0000000 000.0000 158.0530 15.01920000000000
1 15956U          19287.02500000  .00000000  00000-0  00000-0 0 00000
2 15956 097.7470 099.171  0000000 000.0000 169.3040 15.01920000000000
1 15956U          19287.38194444  .00000000  00000-0  00000-0 0 00000
2 15956 097.7470 099.523  0000000 000.0000 296.8050 15.01920000000000
1 15956U          19287.64861111  .00000000  00000-0  00000-0 0 00000
2 15956 097.7470 099.786  0000000 000.0000 296.8050 15.01920000000000
1 15956U          19287.93750000  .00000000  00000-0  00000-0 0 00000
2 15956 097.7460 100.071  0000000 000.0000 056.8060 15.01920000000000
1 15956U          19288.35555556  .00000000  00000-0  00000-0 0 00000
2 15956 097.7460 100.483  0000000 000.0000 154.3060 15.01920000000000
1 15956U          19288.66111111  .00000000  00000-0  00000-0 0 00000
2 15956 097.7460 100.784  0000000 000.0000 004.3070 15.01920000000000
1 15956U          19288.99097222  .00000000  00000-0  00000-0 0 00000
2 15956 097.7460 101.110  0000000 000.0000 345.5580 15.01920000000000
1 15956U          19289.29375000  .00000000  00000-0  00000-0 0 00000
2 15956 097.7460 101.408  0000000 000.0000 180.5580 15.01920000000000
1 15956U          19289.71250000  .00000000  00000-0  00000-0 0 00000
2 15956 097.7460 101.821  0000000 000.0000 281.8090 15.01920000000000
1 15956U          19289.93194444  .00000000  00000-0  00000-0 0 00000
2 15956 097.7460 102.037  0000000 000.0000 026.8090 15.01920000000000
1 15956U          19290.40972222  .00000000  00000-0  00000-0 0 00000
2 15956 097.7460 102.508  0000000 000.0000 086.8100 15.01920000000000
1 15956U          19290.61597222  .00000000  00000-0  00000-0 0 00000
2 15956 097.7450 102.712  0000000 000.0000 120.5610 15.01920000000000
1 15956U          19291.00138889  .00000000  00000-0  00000-0 0 00000
2 15956 097.7450 103.092  0000000 000.0000 041.8110 15.01920000000000
1 15956U          19291.39444444  .00000000  00000-0  00000-0 0 00000
2 15956 097.7450 103.479  0000000 000.0000 004.3120 15.01920000000000
1 15956U          19291.62013889  .00000000  00000-0  00000-0 0 00000
2 15956 097.7450 103.702  0000000 000.0000 143.0630 15.01920000000000
1 15956U          19291.96527778  .00000000  00000-0  00000-0 0 00000
2 15956 097.7450 104.042  0000000 000.0000 206.8130 15.01920000000000
1 15956U          19292.35208333  .00000000  00000-0  00000-0 0 00000
2 15956 097.7450 104.423  0000000 000.0000 135.5640 15.01920000000000
1 15956U          19292.67638889  .00000000  00000-0  00000-0 0 00000
2 15956 097.7450 104.743  0000000 000.0000 086.8150 15.01920000000000
1 15956U          19292.96666667  .00000000  00000-0  00000-0 0 00000
2 15956 097.7440 105.029  0000000 000.0000 214.3150 15.01920000000000
1 15956U          19293.40902778  .00000000  00000-0  00000-0 0 00000
2 15956 097.7440 105.465  0000000 000.0000 083.0660 15.01920000000000
1 15956U          19293.64722222  .00000000  00000-0  00000-0 0 00000
2 15956 097.7440 105.700  0000000 000.0000 289.3160 15.01920000000000
1 15956U          19294.05416667  .00000000  00000-0  00000-0 0 00000
2 15956 097.7440 106.101  0000000 000.0000 326.8170 15.01920000000000
1 15956U          19294.27638889  .00000000  00000-0  00000-0 0 00000
2 15956 097.7440 106.320  0000000 000.0000 086.8180 15.01920000000000
1 15956U          19294.72500000  .00000000  00000-0  00000-0 0 00000
2 15956 097.7430 106.762  0000000 000.0000 349.3180 15.01920000000000
1 15956U          19295.01597222  .00000000  00000-0  00000-0 0 00000
2 15956 097.7430 107.049  0000000 000.0000 120.5690 15.01920000000000
1 15956U          19295.26805556  .00000000  00000-0  00000-0 0 00000
2 15956 097.7430 107.298  0000000 000.0000 041.8190 15.01920000000000
1 15956U          19295.70277778  .00000000  00000-0  00000-0 0 00000
2 15956 097.7430 107.726  0000000 000.0000 229.3200 15.01920000000000
1 15956U          19295.97083333  .00000000  00000-0  00000-0 0 00000
2 15956 097.7430 107.991  0000000 000.0000 236.8210 15.01920000000000
1 15956U          19296.33125000  .00000000  00000-0  00000-0 0 00000
2 15956 097.7430 108.346  0000000 000.0000 023.0710 15.01920000000000
1 15956U          19296.64166667  .00000000  00000-0  00000-0 0 00000
2 15956 097.7420 108.652  0000000 000.0000 259.3220 15.01920000000000
1 15956U          19297.03125000  .00000000  00000-0  00000-0 0 00000
2 15956 097.7420 109.036  0000000 000.0000 203.0730 15.01920000000000
1 15956U          19297.27083333  .00000000  00000-0  00000-0 0 00000
2 15956 097.7420 109.272  0000000 000.0000 056.8230 15.01920000000000
1 15956U          19297.62916667  .00000000  00000-0  00000-0 0 00000
2 15956 097.7420 109.626  0000000 000.0000 191.8240 15.01920000000000
1 15956U          19298.05555556  .00000000  00000-0  00000-0 0 00000
2 15956 097.7410 110.046  0000000 000.0000 334.3240 15.01920000000000
1 15956U          19298.34375000  .00000000  00000-0  00000-0 0 00000
2 15956 097.7410 110.330  0000000 000.0000 090.5750 15.01920000000000
1 15956U          19298.63611111  .00000000  00000-0  00000-0 0 00000
2 15956 097.7410 110.618  0000000 000.0000 229.3250 15.01920000000000
1 15956U          19298.97430556  .00000000  00000-0  00000-0 0 00000
2 15956 097.7410 110.952  0000000 000.0000 255.5760 15.01920000000000
1 15956U          19299.27152778  .00000000  00000-0  00000-0 0 00000
2 15956 097.7410 111.245  0000000 000.0000 060.5770 15.01920000000000
1 15956U          19299.70833333  .00000000  00000-0  00000-0 0 00000
2 15956 097.7400 111.675  0000000 000.0000 259.3270 15.01920000000000
1 15956U          19300.05000000  .00000000  00000-0  00000-0 0 00000
2 15956 097.7400 112.012  0000000 000.0000 304.3280 15.01920000000000
1 15956U          19300.30138889  .00000000  00000-0  00000-0 0 00000
2 15956 097.7400 112.260  0000000 000.0000 221.8280 15.01920000000000
1 15956U          19300.70138889  .00000000  00000-0  00000-0 0 00000
2 15956 097.7400 112.654  0000000 000.0000 221.8290 15.01920000000000
1 15956U          19301.05486111  .00000000  00000-0  00000-0 0 00000
2 15956 097.7390 113.003  0000000 000.0000 330.5800 15.01920000000000
1 15956U          19301.25694444  .00000000  00000-0  00000-0 0 00000
2 15956 097.7390 113.202  0000000 000.0000 341.8300 15.01920000000000
1 15956U          19301.59861111  .00000000  00000-0  00000-0 0 00000
2 15956 097.7390 113.539  0000000 000.0000 026.8310 15.01920000000000
1 15956U          19302.02847222  .00000000  00000-0  00000-0 0 00000
2 15956 097.7390 113.963  0000000 000.0000 188.0810 15.01920000000000
1 15956U          19302.28750000  .00000000  00000-0  00000-0 0 00000
2 15956 097.7380 114.218  0000000 000.0000 146.8320 15.01920000000000
1 15956U          19302.65763889  .00000000  00000-0  00000-0 0 00000
2 15956 097.7380 114.583  0000000 000.0000 345.5830 15.01920000000000
1 15956U          19303.00208333  .00000000  00000-0  00000-0 0 00000
2 15956 097.7380 114.922  0000000 000.0000 045.5830 15.01920000000000
1 15956U          19303.25069444  .00000000  00000-0  00000-0 0 00000
2 15956 097.7380 115.167  0000000 000.0000 308.0840 15.01920000000000
1 15956U          19303.71041667  .00000000  00000-0  00000-0 0 00000
2 15956 097.7370 115.621  0000000 000.0000 270.5840 15.01920000000000
1 15956U          19303.98611111  .00000000  00000-0  00000-0 0 00000
2 15956 097.7370 115.892  0000000 000.0000 319.3350 15.01920000000000
1 15956U          19304.31736111  .00000000  00000-0  00000-0 0 00000
2 15956 097.7370 116.219  0000000 000.0000 308.0850 15.01920000000000
1 15956U          19304.65138889  .00000000  00000-0  00000-0 0 00000
2 15956 097.7370 116.548  0000000 000.0000 311.8360 15.01920000000000
1 15956U          19304.94930556  .00000000  00000-0  00000-0 0 00000
2 15956 097.7360 116.842  0000000 000.0000 120.5860 15.01920000000000
1 15956U          19305.29722222  .00000000  00000-0  00000-0 0 00000
2 15956 097.7360 117.185  0000000 000.0000 199.3370 15.01920000000000
1 15956U          19305.67291667  .00000000  00000-0  00000-0 0 00000
2 15956 097.7360 117.555  0000000 000.0000 068.0880 15.01920000000000
1 15956U          19305.92083333  .00000000  00000-0  00000-0 0 00000
2 15956 097.7350 117.800  0000000 000.0000 326.8380 15.01920000000000
1 15956U          19306.39444444  .00000000  00000-0  00000-0 0 00000
2 15956 097.7350 118.267  0000000 000.0000 004.3390 15.01920000000000
1 15956U          19306.73402778  .00000000  00000-0  00000-0 0 00000
2 15956 097.7350 118.601  0000000 000.0000 038.0890 15.01920000000000
1 15956U          19307.02361111  .00000000  00000-0  00000-0 0 00000
2 15956 097.7350 118.887  0000000 000.0000 161.8400 15.01920000000000
1 15956U          19307.32638889  .00000000  00000-0  00000-0 0 00000
2 15956 097.7340 119.185  0000000 000.0000 356.8400 15.01920000000000
1 15956U          19307.63958333  .00000000  00000-0  00000-0 0 00000
2 15956 097.7340 119.494  0000000 000.0000 248.0910 15.01920000000000
1 15956U          19308.03472222  .00000000  00000-0  00000-0 0 00000
2 15956 097.7340 119.884  0000000 000.0000 221.8420 15.01920000000000
1 15956U          19308.26666667  .00000000  00000-0  00000-0 0 00000
2 15956 097.7330 120.112  0000000 000.0000 034.3420 15.01920000000000
1 15956U          19308.60138889  .00000000  00000-0  00000-0 0 00000
2 15956 097.7330 120.442  0000000 000.0000 041.8430 15.01920000000000
1 15956U          19308.93958333  .00000000  00000-0  00000-0 0 00000
2 15956 097.7330 120.776  0000000 000.0000 068.0930 15.01920000000000
1 15956U          19309.25555556  .00000000  00000-0  00000-0 0 00000
2 15956 097.7320 121.087  0000000 000.0000 334.3440 15.01920000000000
1 15956U          19309.67569444  .00000000  00000-0  00000-0 0 00000
2 15956 097.7320 121.501  0000000 000.0000 083.0940 15.01920000000000
1 15956U          19309.99652778  .00000000  00000-0  00000-0 0 00000
2 15956 097.7320 121.818  0000000 000.0000 015.5950 15.01920000000000
1 15956U          19310.36944444  .00000000  00000-0  00000-0 0 00000
2 15956 097.7310 122.185  0000000 000.0000 229.3450 15.01920000000000
1 15956U          19310.75000000  .00000000  00000-0  00000-0 0 00000
2 15956 097.7310 122.560  0000000 000.0000 124.3460 15.01920000000000
1 15956U          19311.07847222  .00000000  00000-0  00000-0 0 00000
2 15956 097.7310 122.884  0000000 000.0000 098.0970 15.01920000000000
1 15956U          19311.41041667  .00000000  00000-0  00000-0 0 00000
2 15956 097.7300 123.212  0000000 000.0000 090.5970 15.01920000000000
1 15956U          19311.72291667  .00000000  00000-0  00000-0 0 00000
2 15956 097.7300 123.520  0000000 000.0000 338.0980 15.01920000000000
1 15956U          19311.90208333  .00000000  00000-0  00000-0 0 00000
2 15956 097.7300 123.696  0000000 000.0000 225.5980 15.01914300000000
1 15956U          19312.15972222  .00000000  00000-0  00000-0 0 00000
2 15956 097.7290 123.950  0000000 000.0000 176.8480 15.01914300000000
1 15956U          19312.51527778  .00000000  00000-0  00000-0 0 00000
2 15956 097.7290 124.301  0000000 000.0000 296.8490 15.01914300000000
1 15956U          19312.95555556  .00000000  00000-0  00000-0 0 00000
2 15956 097.7290 124.735  0000000 000.0000 154.3500 15.01914300000000
1 15956U          19313.21875000  .00000000  00000-0  00000-0 0 00000
2 15956 097.7280 124.994  0000000 000.0000 135.6000 15.01914300000000
1 15956U          19313.48472222  .00000000  00000-0  00000-0 0 00000
2 15956 097.7280 125.256  0000000 000.0000 131.8500 15.01914300000000
1 15956U          19313.96111111  .00000000  00000-0  00000-0 0 00000
2 15956 097.7280 125.726  0000000 000.0000 184.3510 15.01914300000000
1 15956U          19314.20555556  .00000000  00000-0  00000-0 0 00000
2 15956 097.7270 125.967  0000000 000.0000 064.3520 15.01914300000000
1 15956U          19314.49375000  .00000000  00000-0  00000-0 0 00000
2 15956 097.7270 126.251  0000000 000.0000 180.6020 15.01914300000000
1 15956U          19314.97916667  .00000000  00000-0  00000-0 0 00000
2 15956 097.7260 126.730  0000000 000.0000 281.8530 15.01914300000000
1 15956U          19315.29513889  .00000000  00000-0  00000-0 0 00000
2 15956 097.7260 127.041  0000000 000.0000 188.1030 15.01914300000000
1 15956U          19315.52986111  .00000000  00000-0  00000-0 0 00000
2 15956 097.7260 127.273  0000000 000.0000 015.6040 15.01914300000000
1 15956U          19315.88680556  .00000000  00000-0  00000-0 0 00000
2 15956 097.7250 127.624  0000000 000.0000 143.1040 15.01914300000000
1 15956U          19316.21666667  .00000000  00000-0  00000-0 0 00000
2 15956 097.7250 127.950  0000000 000.0000 124.3550 15.01914300000000
1 15956U          19316.58263889  .00000000  00000-0  00000-0 0 00000
2 15956 097.7250 128.310  0000000 000.0000 300.6050 15.01914300000000
1 15956U          19316.88472222  .00000000  00000-0  00000-0 0 00000
2 15956 097.7240 128.608  0000000 000.0000 131.8560 15.01914300000000
1 15956U          19317.21875000  .00000000  00000-0  00000-0 0 00000
2 15956 097.7240 128.937  0000000 000.0000 135.6060 15.01914300000000
1 15956U          19317.49236111  .00000000  00000-0  00000-0 0 00000
2 15956 097.7240 129.207  0000000 000.0000 173.1070 15.01914300000000
1 15956U          19317.96805556  .00000000  00000-0  00000-0 0 00000
2 15956 097.7230 129.676  0000000 000.0000 221.8570 15.01914300000000
1 15956U          19318.18263889  .00000000  00000-0  00000-0 0 00000
2 15956 097.7230 129.888  0000000 000.0000 300.6080 15.01914300000000
1 15956U          19318.55138889  .00000000  00000-0  00000-0 0 00000
2 15956 097.7220 130.251  0000000 000.0000 131.8580 15.01914300000000
1 15956U          19318.89583333  .00000000  00000-0  00000-0 0 00000
2 15956 097.7220 130.591  0000000 000.0000 191.8590 15.01914300000000
1 15956U          19318.89583333  .00000000  00000-0  00000-0 0 00000
2 15956 097.7220 130.591  0000000 000.0000 191.8590 15.01914300000000
1 15956U          19319.28611111  .00000000  00000-0  00000-0 0 00000
2 15956 097.7210 130.975  0000000 000.0000 139.3590 15.01914300000000
1 15956U          19319.56666667  .00000000  00000-0  00000-0 0 00000
2 15956 097.7210 131.252  0000000 000.0000 214.3600 15.01914300000000
1 15956U          19319.92569444  .00000000  00000-0  00000-0 0 00000
2 15956 097.7210 131.606  0000000 000.0000 353.1100 15.01914300000000
1 15956U          19320.28680556  .00000000  00000-0  00000-0 0 00000
2 15956 097.7200 131.962  0000000 000.0000 143.1110 15.01914300000000
1 15956U          19320.58888889  .00000000  00000-0  00000-0 0 00000
2 15956 097.7200 132.260  0000000 000.0000 334.3610 15.01914300000000
1 15956U          19320.87083333  .00000000  00000-0  00000-0 0 00000
2 15956 097.7190 132.538  0000000 000.0000 056.8610 15.01914300000000
1 15956U          19321.30902778  .00000000  00000-0  00000-0 0 00000
2 15956 097.7190 132.970  0000000 000.0000 263.1120 15.01914300000000
1 15956U          19321.62777778  .00000000  00000-0  00000-0 0 00000
2 15956 097.7180 133.284  0000000 000.0000 184.3630 15.01914300000000
1 15956U          19321.89791667  .00000000  00000-0  00000-0 0 00000
2 15956 097.7180 133.550  0000000 000.0000 203.1130 15.01914300000000
1 15956U          19322.24027778  .00000000  00000-0  00000-0 0 00000
2 15956 097.7180 133.888  0000000 000.0000 251.8630 15.01914300000000
1 15956U          19322.56111111  .00000000  00000-0  00000-0 0 00000
2 15956 097.7170 134.204  0000000 000.0000 184.3640 15.01914300000000
1 15956U          19322.85138889  .00000000  00000-0  00000-0 0 00000
2 15956 097.7170 134.490  0000000 000.0000 311.8640 15.01914300000000
1 15956U          19323.22708333  .00000000  00000-0  00000-0 0 00000
2 15956 097.7160 134.860  0000000 000.0000 180.6150 15.01914300000000
1 15956U          19323.61180556  .00000000  00000-0  00000-0 0 00000
2 15956 097.7160 135.240  0000000 000.0000 098.1150 15.01914300000000
1 15956U          19323.88472222  .00000000  00000-0  00000-0 0 00000
2 15956 097.7150 135.509  0000000 000.0000 131.8660 15.01914300000000
1 15956U          19324.23819444  .00000000  00000-0  00000-0 0 00000
2 15956 097.7150 135.857  0000000 000.0000 240.6160 15.01914300000000
1 15956U          19324.53194444  .00000000  00000-0  00000-0 0 00000
2 15956 097.7150 136.147  0000000 000.0000 026.8660 15.01914300000000
1 15956U          19324.90416667  .00000000  00000-0  00000-0 0 00000
2 15956 097.7140 136.514  0000000 000.0000 236.8670 15.01914300000000
1 15956U          19325.29930556  .00000000  00000-0  00000-0 0 00000
2 15956 097.7140 136.903  0000000 000.0000 210.6180 15.01914300000000
1 15956U          19325.48194444  .00000000  00000-0  00000-0 0 00000
2 15956 097.7130 137.083  0000000 000.0000 116.8680 15.01914300000000
1 15956U          19325.89583333  .00000000  00000-0  00000-0 0 00000
2 15956 097.7130 137.491  0000000 000.0000 191.8680 15.01914300000000
1 15956U          19325.89583333  .00000000  00000-0  00000-0 0 00000
2 15956 097.7130 137.491  0000000 000.0000 191.8680 15.01914300000000
1 15956U          19326.22430556  .00000000  00000-0  00000-0 0 00000
2 15956 097.7120 137.815  0000000 000.0000 165.6190 15.01914300000000
1 15956U          19326.52986111  .00000000  00000-0  00000-0 0 00000
2 15956 097.7120 138.116  0000000 000.0000 015.6190 15.01914300000000
1 15956U          19326.93611111  .00000000  00000-0  00000-0 0 00000
2 15956 097.7110 138.517  0000000 000.0000 049.3700 15.01914300000000
1 15956U          19327.24097222  .00000000  00000-0  00000-0 0 00000
2 15956 097.7110 138.817  0000000 000.0000 255.6200 15.01914300000000
1 15956U          19327.64305556  .00000000  00000-0  00000-0 0 00000
2 15956 097.7100 139.214  0000000 000.0000 266.8710 15.01914300000000
1 15956U          19327.92916667  .00000000  00000-0  00000-0 0 00000
2 15956 097.7100 139.496  0000000 000.0000 011.8710 15.01914300000000
1 15956U          19328.16250000  .00000000  00000-0  00000-0 0 00000
2 15956 097.7100 139.726  0000000 000.0000 191.8710 15.01914300000000
1 15956U          19328.57222222  .00000000  00000-0  00000-0 0 00000
2 15956 097.7090 140.130  0000000 000.0000 244.3720 15.01914300000000
1 15956U          19328.92916667  .00000000  00000-0  00000-0 0 00000
2 15956 097.7080 140.481  0000000 000.0000 011.8720 15.01914300000000
1 15956U          19329.15069444  .00000000  00000-0  00000-0 0 00000
2 15956 097.7080 140.700  0000000 000.0000 128.1220 15.01914300000000
1 15956U          19329.55208333  .00000000  00000-0  00000-0 0 00000
2 15956 097.7080 141.095  0000000 000.0000 135.6230 15.01914300000000
1 15956U          19329.83611111  .00000000  00000-0  00000-0 0 00000
2 15956 097.7070 141.375  0000000 000.0000 229.3730 15.01914300000000
1 15956U          19330.27291667  .00000000  00000-0  00000-0 0 00000
2 15956 097.7070 141.806  0000000 000.0000 068.1240 15.01914300000000
1 15956U          19330.64027778  .00000000  00000-0  00000-0 0 00000
2 15956 097.7060 142.168  0000000 000.0000 251.8740 15.01914300000000
1 15956U          19330.91319444  .00000000  00000-0  00000-0 0 00000
2 15956 097.7060 142.437  0000000 000.0000 285.6240 15.01914300000000
1 15956U          19331.20763889  .00000000  00000-0  00000-0 0 00000
2 15956 097.7050 142.727  0000000 000.0000 075.6250 15.01914300000000
1 15956U          19331.56944444  .00000000  00000-0  00000-0 0 00000
2 15956 097.7050 143.084  0000000 000.0000 229.3750 15.01914300000000
1 15956U          19331.88958333  .00000000  00000-0  00000-0 0 00000
2 15956 097.7040 143.400  0000000 000.0000 158.1260 15.01914300000000
1 15956U          19332.27083333  .00000000  00000-0  00000-0 0 00000
2 15956 097.7040 143.775  0000000 000.0000 056.8760 15.01914300000000
1 15956U          19332.55347222  .00000000  00000-0  00000-0 0 00000
2 15956 097.7030 144.054  0000000 000.0000 143.1260 15.01914300000000
1 15956U          19332.89583333  .00000000  00000-0  00000-0 0 00000
2 15956 097.7030 144.392  0000000 000.0000 191.8770 15.01914300000000
