1 16204U          19281.93194444  .00000000  00000-0  00000-0 0 00000
2 16204 097.7140 042.710  0000000 000.0000 091.8490 15.01920000000000
1 16204U          19282.31319444  .00000000  00000-0  00000-0 0 00000
2 16204 097.7140 043.086  0000000 000.0000 350.5990 15.01920000000000
1 16204U          19282.66319444  .00000000  00000-0  00000-0 0 00000
2 16204 097.7150 043.431  0000000 000.0000 080.6000 15.01920000000000
1 16204U          19282.95694444  .00000000  00000-0  00000-0 0 00000
2 16204 097.7150 043.720  0000000 000.0000 226.8500 15.01920000000000
1 16204U          19283.33055556  .00000000  00000-0  00000-0 0 00000
2 16204 097.7160 044.089  0000000 000.0000 084.3510 15.01920000000000
1 16204U          19283.71180556  .00000000  00000-0  00000-0 0 00000
2 16204 097.7160 044.465  0000000 000.0000 343.1010 15.01920000000000
1 16204U          19283.97916667  .00000000  00000-0  00000-0 0 00000
2 16204 097.7170 044.728  0000000 000.0000 346.8520 15.01920000000000
1 16204U          19284.37013889  .00000000  00000-0  00000-0 0 00000
2 16204 097.7170 045.114  0000000 000.0000 298.1020 15.01920000000000
1 16204U          19284.74861111  .00000000  00000-0  00000-0 0 00000
2 16204 097.7180 045.487  0000000 000.0000 181.8530 15.01920000000000
1 16204U          19285.00763889  .00000000  00000-0  00000-0 0 00000
2 16204 097.7180 045.742  0000000 000.0000 140.6030 15.01920000000000
1 16204U          19285.38472222  .00000000  00000-0  00000-0 0 00000
2 16204 097.7190 046.114  0000000 000.0000 016.8540 15.01920000000000
1 16204U          19285.69027778  .00000000  00000-0  00000-0 0 00000
2 16204 097.7190 046.415  0000000 000.0000 226.8540 15.01920000000000
1 16204U          19285.95555556  .00000000  00000-0  00000-0 0 00000
2 16204 097.7190 046.676  0000000 000.0000 219.3540 15.01920000000000
1 16204U          19286.26111111  .00000000  00000-0  00000-0 0 00000
2 16204 097.7200 046.978  0000000 000.0000 069.3550 15.01920000000000
1 16204U          19286.60833333  .00000000  00000-0  00000-0 0 00000
2 16204 097.7200 047.320  0000000 000.0000 144.3550 15.01920000000000
1 16204U          19286.95486111  .00000000  00000-0  00000-0 0 00000
2 16204 097.7210 047.662  0000000 000.0000 215.6060 15.01920000000000
1 16204U          19287.29097222  .00000000  00000-0  00000-0 0 00000
2 16204 097.7210 047.993  0000000 000.0000 230.6060 15.01920000000000
1 16204U          19287.67708333  .00000000  00000-0  00000-0 0 00000
2 16204 097.7210 048.373  0000000 000.0000 155.6070 15.01920000000000
1 16204U          19288.00416667  .00000000  00000-0  00000-0 0 00000
2 16204 097.7220 048.696  0000000 000.0000 121.8570 15.01920000000000
1 16204U          19288.26319444  .00000000  00000-0  00000-0 0 00000
2 16204 097.7220 048.951  0000000 000.0000 080.6080 15.01920000000000
1 16204U          19288.70416667  .00000000  00000-0  00000-0 0 00000
2 16204 097.7230 049.386  0000000 000.0000 301.8580 15.01920000000000
1 16204U          19288.92847222  .00000000  00000-0  00000-0 0 00000
2 16204 097.7230 049.607  0000000 000.0000 073.1090 15.01920000000000
1 16204U          19289.33402778  .00000000  00000-0  00000-0 0 00000
2 16204 097.7230 050.007  0000000 000.0000 103.1090 15.01920000000000
1 16204U          19289.65625000  .00000000  00000-0  00000-0 0 00000
2 16204 097.7240 050.325  0000000 000.0000 043.1100 15.01920000000000
1 16204U          19290.04444444  .00000000  00000-0  00000-0 0 00000
2 16204 097.7240 050.707  0000000 000.0000 339.3600 15.01920000000000
1 16204U          19290.30000000  .00000000  00000-0  00000-0 0 00000
2 16204 097.7250 050.959  0000000 000.0000 279.3610 15.01920000000000
1 16204U          19290.61805556  .00000000  00000-0  00000-0 0 00000
2 16204 097.7250 051.273  0000000 000.0000 196.8610 15.01920000000000
1 16204U          19290.99305556  .00000000  00000-0  00000-0 0 00000
2 16204 097.7250 051.642  0000000 000.0000 061.8620 15.01920000000000
1 16204U          19291.31319444  .00000000  00000-0  00000-0 0 00000
2 16204 097.7260 051.958  0000000 000.0000 350.6120 15.01920000000000
1 16204U          19291.71041667  .00000000  00000-0  00000-0 0 00000
2 16204 097.7260 052.350  0000000 000.0000 335.6130 15.01920000000000
1 16204U          19292.01388889  .00000000  00000-0  00000-0 0 00000
2 16204 097.7260 052.649  0000000 000.0000 174.3630 15.01920000000000
1 16204U          19292.31527778  .00000000  00000-0  00000-0 0 00000
2 16204 097.7270 052.946  0000000 000.0000 001.8640 15.01920000000000
1 16204U          19292.66180556  .00000000  00000-0  00000-0 0 00000
2 16204 097.7270 053.287  0000000 000.0000 073.1140 15.01920000000000
1 16204U          19293.03125000  .00000000  00000-0  00000-0 0 00000
2 16204 097.7280 053.652  0000000 000.0000 268.1150 15.01920000000000
1 16204U          19293.30000000  .00000000  00000-0  00000-0 0 00000
2 16204 097.7280 053.917  0000000 000.0000 279.3650 15.01920000000000
1 16204U          19293.74583333  .00000000  00000-0  00000-0 0 00000
2 16204 097.7280 054.356  0000000 000.0000 166.8660 15.01920000000000
1 16204U          19293.94583333  .00000000  00000-0  00000-0 0 00000
2 16204 097.7290 054.553  0000000 000.0000 166.8660 15.01920000000000
1 16204U          19294.34583333  .00000000  00000-0  00000-0 0 00000
2 16204 097.7290 054.948  0000000 000.0000 166.8670 15.01920000000000
1 16204U          19294.65000000  .00000000  00000-0  00000-0 0 00000
2 16204 097.7290 055.247  0000000 000.0000 009.3670 15.01920000000000
1 16204U          19295.03541667  .00000000  00000-0  00000-0 0 00000
2 16204 097.7300 055.627  0000000 000.0000 290.6180 15.01920000000000
1 16204U          19295.25277778  .00000000  00000-0  00000-0 0 00000
2 16204 097.7300 055.842  0000000 000.0000 024.3680 15.01920000000000
1 16204U          19295.61597222  .00000000  00000-0  00000-0 0 00000
2 16204 097.7300 056.200  0000000 000.0000 185.6190 15.01920000000000
1 16204U          19296.02291667  .00000000  00000-0  00000-0 0 00000
2 16204 097.7310 056.601  0000000 000.0000 223.1200 15.01920000000000
1 16204U          19296.36180556  .00000000  00000-0  00000-0 0 00000
2 16204 097.7310 056.935  0000000 000.0000 253.1200 15.01920000000000
1 16204U          19296.74305556  .00000000  00000-0  00000-0 0 00000
2 16204 097.7310 057.311  0000000 000.0000 151.8710 15.01920000000000
1 16204U          19297.02569444  .00000000  00000-0  00000-0 0 00000
2 16204 097.7320 057.589  0000000 000.0000 238.1210 15.01920000000000
1 16204U          19297.26875000  .00000000  00000-0  00000-0 0 00000
2 16204 097.7320 057.829  0000000 000.0000 110.6220 15.01920000000000
1 16204U          19297.70902778  .00000000  00000-0  00000-0 0 00000
2 16204 097.7320 058.263  0000000 000.0000 328.1220 15.01920000000000
1 16204U          19298.07291667  .00000000  00000-0  00000-0 0 00000
2 16204 097.7330 058.622  0000000 000.0000 133.1230 15.01920000000000
1 16204U          19298.27291667  .00000000  00000-0  00000-0 0 00000
2 16204 097.7330 058.819  0000000 000.0000 133.1230 15.01920000000000
1 16204U          19298.69027778  .00000000  00000-0  00000-0 0 00000
2 16204 097.7330 059.230  0000000 000.0000 226.8740 15.01920000000000
1 16204U          19299.05347222  .00000000  00000-0  00000-0 0 00000
2 16204 097.7340 059.588  0000000 000.0000 028.1250 15.01920000000000
1 16204U          19299.35902778  .00000000  00000-0  00000-0 0 00000
2 16204 097.7340 059.890  0000000 000.0000 238.1250 15.01920000000000
1 16204U          19299.70208333  .00000000  00000-0  00000-0 0 00000
2 16204 097.7340 060.228  0000000 000.0000 290.6260 15.01920000000000
1 16204U          19300.02361111  .00000000  00000-0  00000-0 0 00000
2 16204 097.7350 060.545  0000000 000.0000 226.8760 15.01920000000000
1 16204U          19300.38472222  .00000000  00000-0  00000-0 0 00000
2 16204 097.7350 060.901  0000000 000.0000 016.8770 15.01920000000000
1 16204U          19300.65833333  .00000000  00000-0  00000-0 0 00000
2 16204 097.7350 061.171  0000000 000.0000 054.3770 15.01920000000000
1 16204U          19300.91736111  .00000000  00000-0  00000-0 0 00000
2 16204 097.7350 061.426  0000000 000.0000 013.1280 15.01920000000000
1 16204U          19301.30486111  .00000000  00000-0  00000-0 0 00000
2 16204 097.7360 061.808  0000000 000.0000 305.6280 15.01920000000000
1 16204U          19301.62361111  .00000000  00000-0  00000-0 0 00000
2 16204 097.7360 062.122  0000000 000.0000 226.8790 15.01920000000000
1 16204U          19302.04722222  .00000000  00000-0  00000-0 0 00000
2 16204 097.7360 062.540  0000000 000.0000 354.3800 15.01920000000000
1 16204U          19302.32291667  .00000000  00000-0  00000-0 0 00000
2 16204 097.7370 062.812  0000000 000.0000 043.1300 15.01920000000000
1 16204U          19302.65555556  .00000000  00000-0  00000-0 0 00000
2 16204 097.7370 063.140  0000000 000.0000 039.3810 15.01920000000000
1 16204U          19302.98263889  .00000000  00000-0  00000-0 0 00000
2 16204 097.7370 063.462  0000000 000.0000 005.6310 15.01920000000000
1 16204U          19303.35416667  .00000000  00000-0  00000-0 0 00000
2 16204 097.7370 063.828  0000000 000.0000 211.8820 15.01920000000000
1 16204U          19303.73611111  .00000000  00000-0  00000-0 0 00000
2 16204 097.7380 064.205  0000000 000.0000 114.3830 15.01920000000000
1 16204U          19303.95694444  .00000000  00000-0  00000-0 0 00000
2 16204 097.7380 064.422  0000000 000.0000 226.8830 15.01920000000000
1 16204U          19304.40555556  .00000000  00000-0  00000-0 0 00000
2 16204 097.7380 064.865  0000000 000.0000 129.3840 15.01920000000000
1 16204U          19304.68819444  .00000000  00000-0  00000-0 0 00000
2 16204 097.7390 065.143  0000000 000.0000 215.6340 15.01920000000000
1 16204U          19304.96597222  .00000000  00000-0  00000-0 0 00000
2 16204 097.7390 065.417  0000000 000.0000 275.6350 15.01920000000000
1 16204U          19305.27083333  .00000000  00000-0  00000-0 0 00000
2 16204 097.7390 065.718  0000000 000.0000 121.8850 15.01920000000000
1 16204U          19305.63194444  .00000000  00000-0  00000-0 0 00000
2 16204 097.7390 066.074  0000000 000.0000 271.8860 15.01920000000000
1 16204U          19305.97847222  .00000000  00000-0  00000-0 0 00000
2 16204 097.7390 066.415  0000000 000.0000 343.1360 15.01920000000000
1 16204U          19306.33611111  .00000000  00000-0  00000-0 0 00000
2 16204 097.7400 066.768  0000000 000.0000 114.3870 15.01920000000000
1 16204U          19306.64583333  .00000000  00000-0  00000-0 0 00000
2 16204 097.7400 067.073  0000000 000.0000 346.8880 15.01920000000000
1 16204U          19306.91944444  .00000000  00000-0  00000-0 0 00000
2 16204 097.7400 067.343  0000000 000.0000 024.3880 15.01920000000000
1 16204U          19307.38680556  .00000000  00000-0  00000-0 0 00000
2 16204 097.7410 067.804  0000000 000.0000 028.1390 15.01920000000000
1 16204U          19307.67430556  .00000000  00000-0  00000-0 0 00000
2 16204 097.7410 068.087  0000000 000.0000 140.6390 15.01920000000000
1 16204U          19307.96111111  .00000000  00000-0  00000-0 0 00000
2 16204 097.7410 068.370  0000000 000.0000 249.3900 15.01920000000000
1 16204U          19308.27708333  .00000000  00000-0  00000-0 0 00000
2 16204 097.7410 068.681  0000000 000.0000 155.6410 15.01920000000000
1 16204U          19308.63680556  .00000000  00000-0  00000-0 0 00000
2 16204 097.7410 069.036  0000000 000.0000 298.1410 15.01920000000000
1 16204U          19309.04722222  .00000000  00000-0  00000-0 0 00000
2 16204 097.7420 069.441  0000000 000.0000 354.3920 15.01920000000000
1 16204U          19309.39791667  .00000000  00000-0  00000-0 0 00000
2 16204 097.7420 069.786  0000000 000.0000 088.1430 15.01920000000000
1 16204U          19309.69583333  .00000000  00000-0  00000-0 0 00000
2 16204 097.7420 070.080  0000000 000.0000 256.8930 15.01920000000000
1 16204U          19310.03680556  .00000000  00000-0  00000-0 0 00000
2 16204 097.7420 070.416  0000000 000.0000 298.1440 15.01920000000000
1 16204U          19310.41388889  .00000000  00000-0  00000-0 0 00000
2 16204 097.7420 070.788  0000000 000.0000 174.3940 15.01920000000000
1 16204U          19310.65347222  .00000000  00000-0  00000-0 0 00000
2 16204 097.7430 071.024  0000000 000.0000 028.1450 15.01920000000000
1 16204U          19311.05972222  .00000000  00000-0  00000-0 0 00000
2 16204 097.7430 071.425  0000000 000.0000 061.8960 15.01920000000000
1 16204U          19311.34930556  .00000000  00000-0  00000-0 0 00000
2 16204 097.7430 071.710  0000000 000.0000 185.6460 15.01920000000000
1 16204U          19311.65833333  .00000000  00000-0  00000-0 0 00000
2 16204 097.7430 072.015  0000000 000.0000 054.3970 15.01920000000000
1 16204U          19311.89583333  .00000000  00000-0  00000-0 0 00000
2 16204 097.7430 072.249  0000000 000.0000 256.8970 15.01914300000000
1 16204U          19312.15902778  .00000000  00000-0  00000-0 0 00000
2 16204 097.7430 072.508  0000000 000.0000 238.1480 15.01914300000000
1 16204U          19312.52777778  .00000000  00000-0  00000-0 0 00000
2 16204 097.7440 072.872  0000000 000.0000 069.3980 15.01914300000000
1 16204U          19312.97638889  .00000000  00000-0  00000-0 0 00000
2 16204 097.7440 073.314  0000000 000.0000 331.8990 15.01914300000000
1 16204U          19313.27777778  .00000000  00000-0  00000-0 0 00000
2 16204 097.7440 073.611  0000000 000.0000 159.4000 15.01914300000000
1 16204U          19313.58819444  .00000000  00000-0  00000-0 0 00000
2 16204 097.7440 073.917  0000000 000.0000 035.6500 15.01914300000000
1 16204U          19313.88263889  .00000000  00000-0  00000-0 0 00000
2 16204 097.7440 074.208  0000000 000.0000 185.6510 15.01914300000000
1 16204U          19314.25902778  .00000000  00000-0  00000-0 0 00000
2 16204 097.7450 074.579  0000000 000.0000 058.1510 15.01914300000000
1 16204U          19314.49305556  .00000000  00000-0  00000-0 0 00000
2 16204 097.7450 074.809  0000000 000.0000 241.9020 15.01914300000000
1 16204U          19314.87430556  .00000000  00000-0  00000-0 0 00000
2 16204 097.7450 075.185  0000000 000.0000 140.6530 15.01914300000000
1 16204U          19315.29027778  .00000000  00000-0  00000-0 0 00000
2 16204 097.7450 075.595  0000000 000.0000 226.9030 15.01914300000000
1 16204U          19315.49166667  .00000000  00000-0  00000-0 0 00000
2 16204 097.7450 075.794  0000000 000.0000 234.4040 15.01914300000000
1 16204U          19315.97430556  .00000000  00000-0  00000-0 0 00000
2 16204 097.7450 076.270  0000000 000.0000 320.6550 15.01914300000000
1 16204U          19316.30416667  .00000000  00000-0  00000-0 0 00000
2 16204 097.7450 076.595  0000000 000.0000 301.9050 15.01914300000000
1 16204U          19316.54513889  .00000000  00000-0  00000-0 0 00000
2 16204 097.7460 076.832  0000000 000.0000 163.1560 15.01914300000000
1 16204U          19316.88402778  .00000000  00000-0  00000-0 0 00000
2 16204 097.7460 077.167  0000000 000.0000 193.1560 15.01914300000000
1 16204U          19317.27152778  .00000000  00000-0  00000-0 0 00000
2 16204 097.7460 077.549  0000000 000.0000 125.6570 15.01914300000000
1 16204U          19317.51666667  .00000000  00000-0  00000-0 0 00000
2 16204 097.7460 077.790  0000000 000.0000 009.4080 15.01914300000000
1 16204U          19317.90694444  .00000000  00000-0  00000-0 0 00000
2 16204 097.7460 078.175  0000000 000.0000 316.9080 15.01914300000000
1 16204U          19318.21597222  .00000000  00000-0  00000-0 0 00000
2 16204 097.7460 078.480  0000000 000.0000 185.6590 15.01914300000000
1 16204U          19318.49027778  .00000000  00000-0  00000-0 0 00000
2 16204 097.7460 078.750  0000000 000.0000 226.9090 15.01914300000000
1 16204U          19318.89583333  .00000000  00000-0  00000-0 0 00000
2 16204 097.7460 079.150  0000000 000.0000 256.9100 15.01914300000000
1 16204U          19318.89583333  .00000000  00000-0  00000-0 0 00000
2 16204 097.7460 079.150  0000000 000.0000 256.9100 15.01914300000000
1 16204U          19319.21666667  .00000000  00000-0  00000-0 0 00000
2 16204 097.7470 079.466  0000000 000.0000 189.4110 15.01914300000000
1 16204U          19319.60138889  .00000000  00000-0  00000-0 0 00000
2 16204 097.7470 079.846  0000000 000.0000 106.9110 15.01914300000000
1 16204U          19319.85763889  .00000000  00000-0  00000-0 0 00000
2 16204 097.7470 080.098  0000000 000.0000 050.6620 15.01914300000000
1 16204U          19320.22569444  .00000000  00000-0  00000-0 0 00000
2 16204 097.7470 080.461  0000000 000.0000 238.1630 15.01914300000000
1 16204U          19320.55972222  .00000000  00000-0  00000-0 0 00000
2 16204 097.7470 080.790  0000000 000.0000 241.9130 15.01914300000000
1 16204U          19320.92500000  .00000000  00000-0  00000-0 0 00000
2 16204 097.7470 081.150  0000000 000.0000 054.4140 15.01914300000000
1 16204U          19321.16736111  .00000000  00000-0  00000-0 0 00000
2 16204 097.7470 081.389  0000000 000.0000 283.1640 15.01914300000000
1 16204U          19321.49583333  .00000000  00000-0  00000-0 0 00000
2 16204 097.7470 081.713  0000000 000.0000 256.9150 15.01914300000000
1 16204U          19321.89722222  .00000000  00000-0  00000-0 0 00000
2 16204 097.7470 082.109  0000000 000.0000 264.4160 15.01914300000000
1 16204U          19322.27777778  .00000000  00000-0  00000-0 0 00000
2 16204 097.7470 082.484  0000000 000.0000 159.4170 15.01914300000000
1 16204U          19322.62083333  .00000000  00000-0  00000-0 0 00000
2 16204 097.7470 082.822  0000000 000.0000 211.9170 15.01914300000000
1 16204U          19322.89027778  .00000000  00000-0  00000-0 0 00000
2 16204 097.7480 083.088  0000000 000.0000 226.9180 15.01914300000000
1 16204U          19323.26458333  .00000000  00000-0  00000-0 0 00000
2 16204 097.7480 083.457  0000000 000.0000 088.1680 15.01914300000000
1 16204U          19323.54097222  .00000000  00000-0  00000-0 0 00000
2 16204 097.7480 083.729  0000000 000.0000 140.6690 15.01914300000000
1 16204U          19323.97152778  .00000000  00000-0  00000-0 0 00000
2 16204 097.7480 084.154  0000000 000.0000 305.6700 15.01914300000000
1 16204U          19324.18888889  .00000000  00000-0  00000-0 0 00000
2 16204 097.7480 084.368  0000000 000.0000 039.4200 15.01914300000000
1 16204U          19324.57500000  .00000000  00000-0  00000-0 0 00000
2 16204 097.7480 084.749  0000000 000.0000 324.4210 15.01914300000000
1 16204U          19324.85902778  .00000000  00000-0  00000-0 0 00000
2 16204 097.7480 085.029  0000000 000.0000 058.1710 15.01914300000000
1 16204U          19325.18958333  .00000000  00000-0  00000-0 0 00000
2 16204 097.7480 085.355  0000000 000.0000 043.1720 15.01914300000000
1 16204U          19325.55000000  .00000000  00000-0  00000-0 0 00000
2 16204 097.7480 085.710  0000000 000.0000 189.4230 15.01914300000000
1 16204U          19325.85763889  .00000000  00000-0  00000-0 0 00000
2 16204 097.7480 086.013  0000000 000.0000 050.6730 15.01914300000000
1 16204U          19325.96250000  .00000000  00000-0  00000-0 0 00000
2 16204 097.7480 086.117  0000000 000.0000 256.9240 15.01914300000000
1 16204U          19326.30902778  .00000000  00000-0  00000-0 0 00000
2 16204 097.7480 086.458  0000000 000.0000 328.1740 15.01914300000000
1 16204U          19326.48680556  .00000000  00000-0  00000-0 0 00000
2 16204 097.7480 086.634  0000000 000.0000 208.1750 15.01914300000000
1 16204U          19326.94305556  .00000000  00000-0  00000-0 0 00000
2 16204 097.7480 087.083  0000000 000.0000 151.9250 15.01914300000000
1 16204U          19327.25625000  .00000000  00000-0  00000-0 0 00000
2 16204 097.7480 087.392  0000000 000.0000 043.1760 15.01914300000000
1 16204U          19327.55694444  .00000000  00000-0  00000-0 0 00000
2 16204 097.7480 087.689  0000000 000.0000 226.9270 15.01914300000000
1 16204U          19327.89236111  .00000000  00000-0  00000-0 0 00000
2 16204 097.7480 088.019  0000000 000.0000 238.1770 15.01914300000000
1 16204U          19328.15138889  .00000000  00000-0  00000-0 0 00000
2 16204 097.7480 088.275  0000000 000.0000 196.9280 15.01914300000000
1 16204U          19328.56041667  .00000000  00000-0  00000-0 0 00000
2 16204 097.7480 088.678  0000000 000.0000 245.6790 15.01914300000000
1 16204U          19328.97222222  .00000000  00000-0  00000-0 0 00000
2 16204 097.7480 089.084  0000000 000.0000 309.4290 15.01914300000000
1 16204U          19329.21111111  .00000000  00000-0  00000-0 0 00000
2 16204 097.7480 089.319  0000000 000.0000 159.4300 15.01914300000000
1 16204U          19329.59305556  .00000000  00000-0  00000-0 0 00000
2 16204 097.7480 089.696  0000000 000.0000 061.9310 15.01914300000000
1 16204U          19329.94305556  .00000000  00000-0  00000-0 0 00000
2 16204 097.7480 090.041  0000000 000.0000 151.9310 15.01914300000000
1 16204U          19330.27013889  .00000000  00000-0  00000-0 0 00000
2 16204 097.7480 090.363  0000000 000.0000 118.1820 15.01914300000000
1 16204U          19330.50763889  .00000000  00000-0  00000-0 0 00000
2 16204 097.7480 090.598  0000000 000.0000 320.6820 15.01914300000000
1 16204U          19330.95625000  .00000000  00000-0  00000-0 0 00000
2 16204 097.7480 091.040  0000000 000.0000 223.1830 15.01914300000000
1 16204U          19331.24930556  .00000000  00000-0  00000-0 0 00000
2 16204 097.7480 091.329  0000000 000.0000 005.6840 15.01914300000000
1 16204U          19331.59166667  .00000000  00000-0  00000-0 0 00000
2 16204 097.7480 091.666  0000000 000.0000 054.4340 15.01914300000000
1 16204U          19331.91250000  .00000000  00000-0  00000-0 0 00000
2 16204 097.7480 091.983  0000000 000.0000 346.9350 15.01914300000000
1 16204U          19332.20694444  .00000000  00000-0  00000-0 0 00000
2 16204 097.7480 092.273  0000000 000.0000 136.9360 15.01914300000000
1 16204U          19332.49375000  .00000000  00000-0  00000-0 0 00000
2 16204 097.7480 092.556  0000000 000.0000 245.6860 15.01914300000000
1 16204U          19332.89583333  .00000000  00000-0  00000-0 0 00000
2 16204 097.7480 092.952  0000000 000.0000 256.9370 15.01914300000000
