1 16224U          19281.92569444  .00000000  00000-0  00000-0 0 00000
2 16224 097.6720 16.9860 0000000 000.0000 294.6460 15.01920000000000
1 16224U          19282.40555556  .00000000  00000-0  00000-0 0 00000
2 16224 097.6730 17.4590 0000000 000.0000 005.8960 15.01920000000000
1 16224U          19282.70138889  .00000000  00000-0  00000-0 0 00000
2 16224 097.6740 17.7510 0000000 000.0000 163.3960 15.01920000000000
1 16224U          19282.95763889  .00000000  00000-0  00000-0 0 00000
2 16224 097.6740 18.0040 0000000 000.0000 107.1470 15.01920000000000
1 16224U          19283.39027778  .00000000  00000-0  00000-0 0 00000
2 16224 097.6750 18.4300 0000000 000.0000 283.3970 15.01920000000000
1 16224U          19283.70833333  .00000000  00000-0  00000-0 0 00000
2 16224 097.6760 18.7430 0000000 000.0000 200.8970 15.01920000000000
1 16224U          19283.99722222  .00000000  00000-0  00000-0 0 00000
2 16224 097.6760 19.0280 0000000 000.0000 320.8970 15.01920000000000
1 16224U          19284.30625000  .00000000  00000-0  00000-0 0 00000
2 16224 097.6770 19.3330 0000000 000.0000 189.6470 15.01920000000000
1 16224U          19284.69236111  .00000000  00000-0  00000-0 0 00000
2 16224 097.6770 19.7130 0000000 000.0000 114.6480 15.01920000000000
1 16224U          19285.07013889  .00000000  00000-0  00000-0 0 00000
2 16224 097.6780 20.0860 0000000 000.0000 354.6480 15.01920000000000
1 16224U          19285.38125000  .00000000  00000-0  00000-0 0 00000
2 16224 097.6780 20.3920 0000000 000.0000 234.6480 15.01920000000000
1 16224U          19285.73611111  .00000000  00000-0  00000-0 0 00000
2 16224 097.6790 20.7420 0000000 000.0000 350.8980 15.01920000000000
1 16224U          19286.08333333  .00000000  00000-0  00000-0 0 00000
2 16224 097.6800 21.0840 0000000 000.0000 065.8990 15.01920000000000
1 16224U          19286.35277778  .00000000  00000-0  00000-0 0 00000
2 16224 097.6800 21.3500 0000000 000.0000 080.8990 15.01920000000000
1 16224U          19286.61458333  .00000000  00000-0  00000-0 0 00000
2 16224 097.6810 21.6080 0000000 000.0000 054.6490 15.01920000000000
1 16224U          19286.95277778  .00000000  00000-0  00000-0 0 00000
2 16224 097.6810 21.9410 0000000 000.0000 080.8990 15.01920000000000
1 16224U          19287.39444444  .00000000  00000-0  00000-0 0 00000
2 16224 097.6820 22.3770 0000000 000.0000 305.9000 15.01920000000000
1 16224U          19287.71388889  .00000000  00000-0  00000-0 0 00000
2 16224 097.6820 22.6920 0000000 000.0000 230.9000 15.01920000000000
1 16224U          19288.07777778  .00000000  00000-0  00000-0 0 00000
2 16224 097.6830 23.0500 0000000 000.0000 035.9000 15.01920000000000
1 16224U          19288.33750000  .00000000  00000-0  00000-0 0 00000
2 16224 097.6840 23.3060 0000000 000.0000 358.4000 15.01920000000000
1 16224U          19288.73055556  .00000000  00000-0  00000-0 0 00000
2 16224 097.6840 23.6940 0000000 000.0000 320.9010 15.01920000000000
1 16224U          19289.06388889  .00000000  00000-0  00000-0 0 00000
2 16224 097.6850 24.0220 0000000 000.0000 320.9010 15.01920000000000
1 16224U          19289.27083333  .00000000  00000-0  00000-0 0 00000
2 16224 097.6850 24.2260 0000000 000.0000 358.4010 15.01920000000000
1 16224U          19289.73541667  .00000000  00000-0  00000-0 0 00000
2 16224 097.6860 24.6840 0000000 000.0000 347.1520 15.01920000000000
1 16224U          19289.92013889  .00000000  00000-0  00000-0 0 00000
2 16224 097.6860 24.8660 0000000 000.0000 264.6520 15.01920000000000
1 16224U          19290.32569444  .00000000  00000-0  00000-0 0 00000
2 16224 097.6870 25.2660 0000000 000.0000 294.6520 15.01920000000000
1 16224U          19290.59583333  .00000000  00000-0  00000-0 0 00000
2 16224 097.6870 25.5320 0000000 000.0000 313.4020 15.01920000000000
1 16224U          19290.95833333  .00000000  00000-0  00000-0 0 00000
2 16224 097.6880 25.8900 0000000 000.0000 110.9030 15.01920000000000
1 16224U          19291.39444444  .00000000  00000-0  00000-0 0 00000
2 16224 097.6890 26.3200 0000000 000.0000 305.9030 15.01920000000000
1 16224U          19291.69097222  .00000000  00000-0  00000-0 0 00000
2 16224 097.6890 26.6120 0000000 000.0000 107.1530 15.01920000000000
1 16224U          19291.99583333  .00000000  00000-0  00000-0 0 00000
2 16224 097.6900 26.9120 0000000 000.0000 313.4030 15.01920000000000
1 16224U          19292.29791667  .00000000  00000-0  00000-0 0 00000
2 16224 097.6900 27.2100 0000000 000.0000 144.6540 15.01920000000000
1 16224U          19292.66041667  .00000000  00000-0  00000-0 0 00000
2 16224 097.6910 27.5680 0000000 000.0000 302.1540 15.01920000000000
1 16224U          19292.92152778  .00000000  00000-0  00000-0 0 00000
2 16224 097.6910 27.8250 0000000 000.0000 272.1540 15.01920000000000
1 16224U          19293.36666667  .00000000  00000-0  00000-0 0 00000
2 16224 097.6920 28.2640 0000000 000.0000 155.9050 15.01920000000000
1 16224U          19293.66319444  .00000000  00000-0  00000-0 0 00000
2 16224 097.6920 28.5560 0000000 000.0000 317.1550 15.01920000000000
1 16224U          19293.92569444  .00000000  00000-0  00000-0 0 00000
2 16224 097.6930 28.8150 0000000 000.0000 294.6550 15.01920000000000
1 16224U          19294.28680556  .00000000  00000-0  00000-0 0 00000
2 16224 097.6930 29.1710 0000000 000.0000 084.6560 15.01920000000000
1 16224U          19294.67013889  .00000000  00000-0  00000-0 0 00000
2 16224 097.6940 29.5490 0000000 000.0000 354.6560 15.01920000000000
1 16224U          19294.93888889  .00000000  00000-0  00000-0 0 00000
2 16224 097.6940 29.8140 0000000 000.0000 005.9060 15.01920000000000
1 16224U          19295.32500000  .00000000  00000-0  00000-0 0 00000
2 16224 097.6950 30.1940 0000000 000.0000 290.9070 15.01920000000000
1 16224U          19295.58958333  .00000000  00000-0  00000-0 0 00000
2 16224 097.6960 30.4550 0000000 000.0000 279.6570 15.01920000000000
1 16224U          19295.91944444  .00000000  00000-0  00000-0 0 00000
2 16224 097.6960 30.7800 0000000 000.0000 260.9070 15.01920000000000
1 16224U          19296.29166667  .00000000  00000-0  00000-0 0 00000
2 16224 097.6970 31.1470 0000000 000.0000 110.9080 15.01920000000000
1 16224U          19296.74791667  .00000000  00000-0  00000-0 0 00000
2 16224 097.6970 31.5970 0000000 000.0000 054.6580 15.01920000000000
1 16224U          19296.99930556  .00000000  00000-0  00000-0 0 00000
2 16224 097.6980 31.8450 0000000 000.0000 332.1580 15.01920000000000
1 16224U          19297.35763889  .00000000  00000-0  00000-0 0 00000
2 16224 097.6980 32.1980 0000000 000.0000 107.1590 15.01920000000000
1 16224U          19297.58888889  .00000000  00000-0  00000-0 0 00000
2 16224 097.6990 32.4260 0000000 000.0000 275.9090 15.01920000000000
1 16224U          19297.95208333  .00000000  00000-0  00000-0 0 00000
2 16224 097.6990 32.7840 0000000 000.0000 077.1590 15.01920000000000
1 16224U          19298.39236111  .00000000  00000-0  00000-0 0 00000
2 16224 097.7000 33.2180 0000000 000.0000 294.6600 15.01920000000000
1 16224U          19298.66111111  .00000000  00000-0  00000-0 0 00000
2 16224 097.7000 33.4830 0000000 000.0000 305.9100 15.01920000000000
1 16224U          19298.96944444  .00000000  00000-0  00000-0 0 00000
2 16224 097.7010 33.7870 0000000 000.0000 170.9100 15.01920000000000
1 16224U          19299.29027778  .00000000  00000-0  00000-0 0 00000
2 16224 097.7010 34.1030 0000000 000.0000 103.4110 15.01920000000000
1 16224U          19299.70694444  .00000000  00000-0  00000-0 0 00000
2 16224 097.7020 34.5140 0000000 000.0000 193.4110 15.01920000000000
1 16224U          19299.96527778  .00000000  00000-0  00000-0 0 00000
2 16224 097.7020 34.7680 0000000 000.0000 148.4120 15.01920000000000
1 16224U          19300.36250000  .00000000  00000-0  00000-0 0 00000
2 16224 097.7030 35.1600 0000000 000.0000 133.4120 15.01920000000000
1 16224U          19300.73750000  .00000000  00000-0  00000-0 0 00000
2 16224 097.7040 35.5290 0000000 000.0000 358.4120 15.01920000000000
1 16224U          19301.05972222  .00000000  00000-0  00000-0 0 00000
2 16224 097.7040 35.8470 0000000 000.0000 298.4130 15.01920000000000
1 16224U          19301.25625000  .00000000  00000-0  00000-0 0 00000
2 16224 097.7040 36.0410 0000000 000.0000 279.6630 15.01920000000000
1 16224U          19301.68819444  .00000000  00000-0  00000-0 0 00000
2 16224 097.7050 36.4670 0000000 000.0000 092.1630 15.01920000000000
1 16224U          19301.96458333  .00000000  00000-0  00000-0 0 00000
2 16224 097.7050 36.7390 0000000 000.0000 144.6640 15.01920000000000
1 16224U          19302.37291667  .00000000  00000-0  00000-0 0 00000
2 16224 097.7060 37.1420 0000000 000.0000 189.6640 15.01920000000000
1 16224U          19302.68263889  .00000000  00000-0  00000-0 0 00000
2 16224 097.7060 37.4470 0000000 000.0000 062.1650 15.01920000000000
1 16224U          19303.05416667  .00000000  00000-0  00000-0 0 00000
2 16224 097.7070 37.8130 0000000 000.0000 268.4150 15.01920000000000
1 16224U          19303.38125000  .00000000  00000-0  00000-0 0 00000
2 16224 097.7070 38.1360 0000000 000.0000 234.6650 15.01920000000000
1 16224U          19303.69166667  .00000000  00000-0  00000-0 0 00000
2 16224 097.7080 38.4420 0000000 000.0000 110.9160 15.01920000000000
1 16224U          19303.92847222  .00000000  00000-0  00000-0 0 00000
2 16224 097.7080 38.6750 0000000 000.0000 309.6660 15.01920000000000
1 16224U          19304.40000000  .00000000  00000-0  00000-0 0 00000
2 16224 097.7090 39.1400 0000000 000.0000 335.9170 15.01920000000000
1 16224U          19304.58888889  .00000000  00000-0  00000-0 0 00000
2 16224 097.7090 39.3260 0000000 000.0000 275.9170 15.01920000000000
1 16224U          19305.00833333  .00000000  00000-0  00000-0 0 00000
2 16224 097.7100 39.7400 0000000 000.0000 020.9170 15.01920000000000
1 16224U          19305.40763889  .00000000  00000-0  00000-0 0 00000
2 16224 097.7100 40.1330 0000000 000.0000 017.1680 15.01920000000000
1 16224U          19305.72638889  .00000000  00000-0  00000-0 0 00000
2 16224 097.7110 40.4470 0000000 000.0000 298.4180 15.01920000000000
1 16224U          19306.03888889  .00000000  00000-0  00000-0 0 00000
2 16224 097.7110 40.7550 0000000 000.0000 185.9190 15.01920000000000
1 16224U          19306.32708333  .00000000  00000-0  00000-0 0 00000
2 16224 097.7120 41.0390 0000000 000.0000 302.1690 15.01920000000000
1 16224U          19306.70555556  .00000000  00000-0  00000-0 0 00000
2 16224 097.7120 41.4130 0000000 000.0000 185.9200 15.01920000000000
1 16224U          19306.98958333  .00000000  00000-0  00000-0 0 00000
2 16224 097.7130 41.6930 0000000 000.0000 279.6700 15.01920000000000
1 16224U          19307.35347222  .00000000  00000-0  00000-0 0 00000
2 16224 097.7130 42.0510 0000000 000.0000 084.6700 15.01920000000000
1 16224U          19307.67708333  .00000000  00000-0  00000-0 0 00000
2 16224 097.7140 42.3700 0000000 000.0000 032.1710 15.01920000000000
1 16224U          19307.93958333  .00000000  00000-0  00000-0 0 00000
2 16224 097.7140 42.6290 0000000 000.0000 009.6710 15.01920000000000
1 16224U          19308.28611111  .00000000  00000-0  00000-0 0 00000
2 16224 097.7140 42.9710 0000000 000.0000 080.9220 15.01920000000000
1 16224U          19308.69861111  .00000000  00000-0  00000-0 0 00000
2 16224 097.7150 43.3770 0000000 000.0000 148.4220 15.01920000000000
1 16224U          19308.93333333  .00000000  00000-0  00000-0 0 00000
2 16224 097.7150 43.6090 0000000 000.0000 335.9230 15.01920000000000
1 16224U          19309.36041667  .00000000  00000-0  00000-0 0 00000
2 16224 097.7160 44.0300 0000000 000.0000 122.1730 15.01920000000000
1 16224U          19309.61388889  .00000000  00000-0  00000-0 0 00000
2 16224 097.7160 44.2800 0000000 000.0000 050.9230 15.01920000000000
1 16224U          19310.02013889  .00000000  00000-0  00000-0 0 00000
2 16224 097.7170 44.6800 0000000 000.0000 084.6740 15.01920000000000
1 16224U          19310.31597222  .00000000  00000-0  00000-0 0 00000
2 16224 097.7170 44.9720 0000000 000.0000 242.1740 15.01920000000000
1 16224U          19310.62013889  .00000000  00000-0  00000-0 0 00000
2 16224 097.7170 45.2720 0000000 000.0000 084.6750 15.01920000000000
1 16224U          19310.93472222  .00000000  00000-0  00000-0 0 00000
2 16224 097.7180 45.5820 0000000 000.0000 343.4250 15.01920000000000
1 16224U          19311.41250000  .00000000  00000-0  00000-0 0 00000
2 16224 097.7180 46.0530 0000000 000.0000 043.4260 15.01920000000000
1 16224U          19311.58819444  .00000000  00000-0  00000-0 0 00000
2 16224 097.7190 46.2260 0000000 000.0000 272.1760 15.01920000000000
1 16224U          19311.97361111  .00000000  00000-0  00000-0 0 00000
2 16224 097.7190 46.6060 0000000 000.0000 193.4270 15.01914300000000
1 16224U          19312.20416667  .00000000  00000-0  00000-0 0 00000
2 16224 097.7190 46.8330 0000000 000.0000 358.4270 15.01914300000000
1 16224U          19312.62083333  .00000000  00000-0  00000-0 0 00000
2 16224 097.7200 47.2440 0000000 000.0000 088.4280 15.01914300000000
1 16224U          19312.96319444  .00000000  00000-0  00000-0 0 00000
2 16224 097.7200 47.5810 0000000 000.0000 137.1780 15.01914300000000
1 16224U          19313.26180556  .00000000  00000-0  00000-0 0 00000
2 16224 097.7210 47.8760 0000000 000.0000 309.6790 15.01914300000000
1 16224U          19313.60347222  .00000000  00000-0  00000-0 0 00000
2 16224 097.7210 48.2120 0000000 000.0000 354.6790 15.01914300000000
1 16224U          19313.93194444  .00000000  00000-0  00000-0 0 00000
2 16224 097.7220 48.5360 0000000 000.0000 328.4300 15.01914300000000
1 16224U          19314.15833333  .00000000  00000-0  00000-0 0 00000
2 16224 097.7220 48.7590 0000000 000.0000 110.9300 15.01914300000000
1 16224U          19314.60347222  .00000000  00000-0  00000-0 0 00000
2 16224 097.7220 49.1980 0000000 000.0000 354.6810 15.01914300000000
1 16224U          19314.94930556  .00000000  00000-0  00000-0 0 00000
2 16224 097.7230 49.5390 0000000 000.0000 062.1810 15.01914300000000
1 16224U          19315.21666667  .00000000  00000-0  00000-0 0 00000
2 16224 097.7230 49.8030 0000000 000.0000 065.9310 15.01914300000000
1 16224U          19315.53611111  .00000000  00000-0  00000-0 0 00000
2 16224 097.7240 50.1180 0000000 000.0000 350.9320 15.01914300000000
1 16224U          19315.91944444  .00000000  00000-0  00000-0 0 00000
2 16224 097.7240 50.4960 0000000 000.0000 260.9320 15.01914300000000
1 16224U          19316.21458333  .00000000  00000-0  00000-0 0 00000
2 16224 097.7240 50.7860 0000000 000.0000 054.6830 15.01914300000000
1 16224U          19316.51319444  .00000000  00000-0  00000-0 0 00000
2 16224 097.7250 51.0810 0000000 000.0000 227.1830 15.01914300000000
1 16224U          19316.82777778  .00000000  00000-0  00000-0 0 00000
2 16224 097.7250 51.3910 0000000 000.0000 125.9340 15.01914300000000
1 16224U          19317.16597222  .00000000  00000-0  00000-0 0 00000
2 16224 097.7250 51.7240 0000000 000.0000 152.1840 15.01914300000000
1 16224U          19317.61666667  .00000000  00000-0  00000-0 0 00000
2 16224 097.7260 52.1690 0000000 000.0000 065.9350 15.01914300000000
1 16224U          19317.85277778  .00000000  00000-0  00000-0 0 00000
2 16224 097.7260 52.4010 0000000 000.0000 260.9350 15.01914300000000
1 16224U          19318.26319444  .00000000  00000-0  00000-0 0 00000
2 16224 097.7270 52.8060 0000000 000.0000 317.1860 15.01914300000000
1 16224U          19318.52916667  .00000000  00000-0  00000-0 0 00000
2 16224 097.7270 53.0680 0000000 000.0000 313.4360 15.01914300000000
1 16224U          19318.88402778  .00000000  00000-0  00000-0 0 00000
2 16224 097.7270 53.4180 0000000 000.0000 069.6870 15.01914300000000
1 16224U          19318.89583333  .00000000  00000-0  00000-0 0 00000
2 16224 097.7270 53.4300 0000000 000.0000 133.4370 15.01914300000000
1 16224U          19319.20763889  .00000000  00000-0  00000-0 0 00000
2 16224 097.7280 53.7370 0000000 000.0000 017.1870 15.01914300000000
1 16224U          19319.50486111  .00000000  00000-0  00000-0 0 00000
2 16224 097.7280 54.0300 0000000 000.0000 182.1880 15.01914300000000
1 16224U          19319.87638889  .00000000  00000-0  00000-0 0 00000
2 16224 097.7280 54.3960 0000000 000.0000 028.4390 15.01914300000000
1 16224U          19320.17361111  .00000000  00000-0  00000-0 0 00000
2 16224 097.7290 54.6890 0000000 000.0000 193.4390 15.01914300000000
1 16224U          19320.48541667  .00000000  00000-0  00000-0 0 00000
2 16224 097.7290 54.9970 0000000 000.0000 077.1890 15.01914300000000
1 16224U          19320.97152778  .00000000  00000-0  00000-0 0 00000
2 16224 097.7300 55.4760 0000000 000.0000 182.1900 15.01914300000000
1 16224U          19321.27013889  .00000000  00000-0  00000-0 0 00000
2 16224 097.7300 55.7700 0000000 000.0000 354.6910 15.01914300000000
1 16224U          19321.63541667  .00000000  00000-0  00000-0 0 00000
2 16224 097.7300 56.1300 0000000 000.0000 167.1910 15.01914300000000
1 16224U          19321.86597222  .00000000  00000-0  00000-0 0 00000
2 16224 097.7310 56.3580 0000000 000.0000 332.1920 15.01914300000000
1 16224U          19322.17916667  .00000000  00000-0  00000-0 0 00000
2 16224 097.7310 56.6660 0000000 000.0000 223.4420 15.01914300000000
1 16224U          19322.61388889  .00000000  00000-0  00000-0 0 00000
2 16224 097.7310 57.0950 0000000 000.0000 050.9430 15.01914300000000
1 16224U          19322.88819444  .00000000  00000-0  00000-0 0 00000
2 16224 097.7320 57.3650 0000000 000.0000 092.1930 15.01914300000000
1 16224U          19323.27013889  .00000000  00000-0  00000-0 0 00000
2 16224 097.7320 57.7420 0000000 000.0000 354.6940 15.01914300000000
1 16224U          19323.47986111  .00000000  00000-0  00000-0 0 00000
2 16224 097.7320 57.9490 0000000 000.0000 047.1940 15.01914300000000
1 16224U          19323.82013889  .00000000  00000-0  00000-0 0 00000
2 16224 097.7320 58.2840 0000000 000.0000 084.6950 15.01914300000000
1 16224U          19324.17708333  .00000000  00000-0  00000-0 0 00000
2 16224 097.7330 58.6360 0000000 000.0000 212.1950 15.01914300000000
1 16224U          19324.59861111  .00000000  00000-0  00000-0 0 00000
2 16224 097.7330 59.0520 0000000 000.0000 328.4460 15.01914300000000
1 16224U          19324.89583333  .00000000  00000-0  00000-0 0 00000
2 16224 097.7330 59.3450 0000000 000.0000 133.4470 15.01914300000000
1 16224U          19325.26944444  .00000000  00000-0  00000-0 0 00000
2 16224 097.7340 59.7130 0000000 000.0000 350.9470 15.01914300000000
1 16224U          19325.63750000  .00000000  00000-0  00000-0 0 00000
2 16224 097.7340 60.0760 0000000 000.0000 178.4480 15.01914300000000
1 16224U          19325.89583333  .00000000  00000-0  00000-0 0 00000
2 16224 097.7340 60.3300 0000000 000.0000 133.4480 15.01914300000000
1 16224U          19325.90902778  .00000000  00000-0  00000-0 0 00000
2 16224 097.7340 60.3430 0000000 000.0000 204.6980 15.01914300000000
1 16224U          19326.20486111  .00000000  00000-0  00000-0 0 00000
2 16224 097.7350 60.6350 0000000 000.0000 002.1990 15.01914300000000
1 16224U          19326.59097222  .00000000  00000-0  00000-0 0 00000
2 16224 097.7350 61.0160 0000000 000.0000 287.1990 15.01914300000000
1 16224U          19326.92152778  .00000000  00000-0  00000-0 0 00000
2 16224 097.7350 61.3420 0000000 000.0000 272.2000 15.01914300000000
1 16224U          19327.22152778  .00000000  00000-0  00000-0 0 00000
2 16224 097.7360 61.6370 0000000 000.0000 092.2010 15.01914300000000
1 16224U          19327.57777778  .00000000  00000-0  00000-0 0 00000
2 16224 097.7360 61.9890 0000000 000.0000 215.9510 15.01914300000000
1 16224U          19327.84236111  .00000000  00000-0  00000-0 0 00000
2 16224 097.7360 62.2490 0000000 000.0000 204.7020 15.01914300000000
1 16224U          19328.30902778  .00000000  00000-0  00000-0 0 00000
2 16224 097.7370 62.7090 0000000 000.0000 204.7020 15.01914300000000
1 16224U          19328.57847222  .00000000  00000-0  00000-0 0 00000
2 16224 097.7370 62.9750 0000000 000.0000 219.7030 15.01914300000000
1 16224U          19328.97777778  .00000000  00000-0  00000-0 0 00000
2 16224 097.7370 63.3690 0000000 000.0000 215.9540 15.01914300000000
1 16224U          19329.20694444  .00000000  00000-0  00000-0 0 00000
2 16224 097.7370 63.5950 0000000 000.0000 013.4540 15.01914300000000
1 16224U          19329.62083333  .00000000  00000-0  00000-0 0 00000
2 16224 097.7380 64.0030 0000000 000.0000 088.4550 15.01914300000000
1 16224U          19329.91527778  .00000000  00000-0  00000-0 0 00000
2 16224 097.7380 64.2930 0000000 000.0000 238.4550 15.01914300000000
1 16224U          19330.29444444  .00000000  00000-0  00000-0 0 00000
2 16224 097.7380 64.6670 0000000 000.0000 125.9560 15.01914300000000
1 16224U          19330.62430556  .00000000  00000-0  00000-0 0 00000
2 16224 097.7380 64.9920 0000000 000.0000 107.2060 15.01914300000000
1 16224U          19330.91666667  .00000000  00000-0  00000-0 0 00000
2 16224 097.7390 65.2800 0000000 000.0000 245.9570 15.01914300000000
1 16224U          19331.21319444  .00000000  00000-0  00000-0 0 00000
2 16224 097.7390 65.5720 0000000 000.0000 047.2070 15.01914300000000
1 16224U          19331.61527778  .00000000  00000-0  00000-0 0 00000
2 16224 097.7390 65.9690 0000000 000.0000 058.4580 15.01914300000000
1 16224U          19331.81250000  .00000000  00000-0  00000-0 0 00000
2 16224 097.7390 66.1630 0000000 000.0000 043.4580 15.01914300000000
1 16224U          19332.15208333  .00000000  00000-0  00000-0 0 00000
2 16224 097.7400 66.4980 0000000 000.0000 077.2090 15.01914300000000
1 16224U          19332.61180556  .00000000  00000-0  00000-0 0 00000
2 16224 097.7400 66.9510 0000000 000.0000 039.7100 15.01914300000000
1 16224U          19332.81319444  .00000000  00000-0  00000-0 0 00000
2 16224 097.7400 67.1500 0000000 000.0000 047.2100 15.01914300000000
