1 16314U          19281.94375000  .00000000  00000-0  00000-0 0 00000
2 16314 097.7340 119.8820 0000000 000.0000 286.0190 15.01920000000000
1 16314U          19282.32291667  .00000000  00000-0  00000-0 0 00000
2 16314 097.7330 120.2560 0000000 000.0000 173.5200 15.01920000000000
1 16314U          19282.69166667  .00000000  00000-0  00000-0 0 00000
2 16314 097.7330 120.6200 0000000 000.0000 004.7700 15.01920000000000
1 16314U          19282.92361111  .00000000  00000-0  00000-0 0 00000
2 16314 097.7330 120.8480 0000000 000.0000 177.2710 15.01920000000000
1 16314U          19283.26666667  .00000000  00000-0  00000-0 0 00000
2 16314 097.7320 121.1870 0000000 000.0000 229.7710 15.01920000000000
1 16314U          19283.72500000  .00000000  00000-0  00000-0 0 00000
2 16314 097.7320 121.6380 0000000 000.0000 184.7720 15.01920000000000
1 16314U          19284.00694444  .00000000  00000-0  00000-0 0 00000
2 16314 097.7320 121.9160 0000000 000.0000 267.2730 15.01920000000000
1 16314U          19284.30277778  .00000000  00000-0  00000-0 0 00000
2 16314 097.7310 122.2080 0000000 000.0000 064.7730 15.01920000000000
1 16314U          19284.60000000  .00000000  00000-0  00000-0 0 00000
2 16314 097.7310 122.5010 0000000 000.0000 229.7740 15.01920000000000
1 16314U          19285.05347222  .00000000  00000-0  00000-0 0 00000
2 16314 097.7310 122.9480 0000000 000.0000 158.5240 15.01920000000000
1 16314U          19285.31180556  .00000000  00000-0  00000-0 0 00000
2 16314 097.7300 123.2030 0000000 000.0000 113.5250 15.01920000000000
1 16314U          19285.69583333  .00000000  00000-0  00000-0 0 00000
2 16314 097.7300 123.5810 0000000 000.0000 027.2750 15.01920000000000
1 16314U          19285.98611111  .00000000  00000-0  00000-0 0 00000
2 16314 097.7300 123.8680 0000000 000.0000 154.7760 15.01920000000000
1 16314U          19286.39375000  .00000000  00000-0  00000-0 0 00000
2 16314 097.7290 124.2690 0000000 000.0000 196.0260 15.01920000000000
1 16314U          19286.65833333  .00000000  00000-0  00000-0 0 00000
2 16314 097.7290 124.5300 0000000 000.0000 184.7770 15.01920000000000
1 16314U          19286.93750000  .00000000  00000-0  00000-0 0 00000
2 16314 097.7290 124.8050 0000000 000.0000 252.2770 15.01920000000000
1 16314U          19287.30486111  .00000000  00000-0  00000-0 0 00000
2 16314 097.7280 125.1680 0000000 000.0000 076.0280 15.01920000000000
1 16314U          19287.67708333  .00000000  00000-0  00000-0 0 00000
2 16314 097.7280 125.5350 0000000 000.0000 286.0280 15.01920000000000
1 16314U          19287.97569444  .00000000  00000-0  00000-0 0 00000
2 16314 097.7270 125.8290 0000000 000.0000 098.5290 15.01920000000000
1 16314U          19288.32500000  .00000000  00000-0  00000-0 0 00000
2 16314 097.7270 126.1730 0000000 000.0000 184.7790 15.01920000000000
1 16314U          19288.64166667  .00000000  00000-0  00000-0 0 00000
2 16314 097.7270 126.4850 0000000 000.0000 094.7800 15.01920000000000
1 16314U          19289.02916667  .00000000  00000-0  00000-0 0 00000
2 16314 097.7260 126.8670 0000000 000.0000 027.2810 15.01920000000000
1 16314U          19289.29166667  .00000000  00000-0  00000-0 0 00000
2 16314 097.7260 127.1260 0000000 000.0000 004.7810 15.01920000000000
1 16314U          19289.74027778  .00000000  00000-0  00000-0 0 00000
2 16314 097.7250 127.5680 0000000 000.0000 267.2820 15.01920000000000
1 16314U          19289.98750000  .00000000  00000-0  00000-0 0 00000
2 16314 097.7250 127.8120 0000000 000.0000 162.2820 15.01920000000000
1 16314U          19290.26527778  .00000000  00000-0  00000-0 0 00000
2 16314 097.7250 128.0860 0000000 000.0000 222.2820 15.01920000000000
1 16314U          19290.60069444  .00000000  00000-0  00000-0 0 00000
2 16314 097.7240 128.4170 0000000 000.0000 233.5330 15.01920000000000
1 16314U          19291.04722222  .00000000  00000-0  00000-0 0 00000
2 16314 097.7240 128.8570 0000000 000.0000 124.7840 15.01920000000000
1 16314U          19291.25833333  .00000000  00000-0  00000-0 0 00000
2 16314 097.7240 129.0650 0000000 000.0000 184.7840 15.01920000000000
1 16314U          19291.70277778  .00000000  00000-0  00000-0 0 00000
2 16314 097.7230 129.5030 0000000 000.0000 064.7850 15.01920000000000
1 16314U          19292.06180556  .00000000  00000-0  00000-0 0 00000
2 16314 097.7230 129.8570 0000000 000.0000 203.5350 15.01920000000000
1 16314U          19292.37916667  .00000000  00000-0  00000-0 0 00000
2 16314 097.7220 130.1700 0000000 000.0000 117.2860 15.01920000000000
1 16314U          19292.65416667  .00000000  00000-0  00000-0 0 00000
2 16314 097.7220 130.4410 0000000 000.0000 162.2860 15.01920000000000
1 16314U          19292.95625000  .00000000  00000-0  00000-0 0 00000
2 16314 097.7220 130.7390 0000000 000.0000 353.5360 15.01920000000000
1 16314U          19293.27291667  .00000000  00000-0  00000-0 0 00000
2 16314 097.7210 131.0510 0000000 000.0000 263.5370 15.01920000000000
1 16314U          19293.68194444  .00000000  00000-0  00000-0 0 00000
2 16314 097.7210 131.4540 0000000 000.0000 312.2870 15.01920000000000
1 16314U          19293.95555556  .00000000  00000-0  00000-0 0 00000
2 16314 097.7200 131.7240 0000000 000.0000 349.7880 15.01920000000000
1 16314U          19294.30833333  .00000000  00000-0  00000-0 0 00000
2 16314 097.7200 132.0720 0000000 000.0000 094.7880 15.01920000000000
1 16314U          19294.66944444  .00000000  00000-0  00000-0 0 00000
2 16314 097.7200 132.4280 0000000 000.0000 244.7890 15.01920000000000
1 16314U          19294.95208333  .00000000  00000-0  00000-0 0 00000
2 16314 097.7190 132.7060 0000000 000.0000 331.0390 15.01920000000000
1 16314U          19295.28888889  .00000000  00000-0  00000-0 0 00000
2 16314 097.7190 133.0380 0000000 000.0000 349.7900 15.01920000000000
1 16314U          19295.64027778  .00000000  00000-0  00000-0 0 00000
2 16314 097.7180 133.3850 0000000 000.0000 087.2900 15.01920000000000
1 16314U          19295.98680556  .00000000  00000-0  00000-0 0 00000
2 16314 097.7180 133.7260 0000000 000.0000 158.5410 15.01920000000000
1 16314U          19296.38680556  .00000000  00000-0  00000-0 0 00000
2 16314 097.7170 134.1210 0000000 000.0000 158.5410 15.01920000000000
1 16314U          19296.61041667  .00000000  00000-0  00000-0 0 00000
2 16314 097.7170 134.3410 0000000 000.0000 286.0420 15.01920000000000
1 16314U          19296.99722222  .00000000  00000-0  00000-0 0 00000
2 16314 097.7170 134.7220 0000000 000.0000 214.7920 15.01920000000000
1 16314U          19297.30625000  .00000000  00000-0  00000-0 0 00000
2 16314 097.7160 135.0270 0000000 000.0000 083.5430 15.01920000000000
1 16314U          19297.60833333  .00000000  00000-0  00000-0 0 00000
2 16314 097.7160 135.3250 0000000 000.0000 274.7930 15.01920000000000
1 16314U          19298.07291667  .00000000  00000-0  00000-0 0 00000
2 16314 097.7150 135.7830 0000000 000.0000 263.5440 15.01920000000000
1 16314U          19298.26041667  .00000000  00000-0  00000-0 0 00000
2 16314 097.7150 135.9680 0000000 000.0000 196.0440 15.01920000000000
1 16314U          19298.73541667  .00000000  00000-0  00000-0 0 00000
2 16314 097.7140 136.4360 0000000 000.0000 241.0440 15.01920000000000
1 16314U          19298.94513889  .00000000  00000-0  00000-0 0 00000
2 16314 097.7140 136.6430 0000000 000.0000 293.5450 15.01920000000000
1 16314U          19299.29236111  .00000000  00000-0  00000-0 0 00000
2 16314 097.7130 136.9850 0000000 000.0000 008.5450 15.01920000000000
1 16314U          19299.70208333  .00000000  00000-0  00000-0 0 00000
2 16314 097.7130 137.3890 0000000 000.0000 061.0460 15.01920000000000
1 16314U          19299.93888889  .00000000  00000-0  00000-0 0 00000
2 16314 097.7130 137.6220 0000000 000.0000 259.7960 15.01920000000000
1 16314U          19300.36875000  .00000000  00000-0  00000-0 0 00000
2 16314 097.7120 138.0460 0000000 000.0000 061.0470 15.01920000000000
1 16314U          19300.70138889  .00000000  00000-0  00000-0 0 00000
2 16314 097.7110 138.3740 0000000 000.0000 057.2970 15.01920000000000
1 16314U          19301.08194444  .00000000  00000-0  00000-0 0 00000
2 16314 097.7110 138.7490 0000000 000.0000 312.2970 15.01920000000000
1 16314U          19301.35486111  .00000000  00000-0  00000-0 0 00000
2 16314 097.7110 139.0180 0000000 000.0000 346.0480 15.01920000000000
1 16314U          19301.70694444  .00000000  00000-0  00000-0 0 00000
2 16314 097.7100 139.3650 0000000 000.0000 087.2980 15.01920000000000
1 16314U          19301.95138889  .00000000  00000-0  00000-0 0 00000
2 16314 097.7100 139.6060 0000000 000.0000 327.2990 15.01920000000000
1 16314U          19302.27777778  .00000000  00000-0  00000-0 0 00000
2 16314 097.7090 139.9280 0000000 000.0000 289.7990 15.01920000000000
1 16314U          19302.71805556  .00000000  00000-0  00000-0 0 00000
2 16314 097.7090 140.3620 0000000 000.0000 147.3000 15.01920000000000
1 16314U          19303.04930556  .00000000  00000-0  00000-0 0 00000
2 16314 097.7080 140.6880 0000000 000.0000 136.0500 15.01920000000000
1 16314U          19303.38125000  .00000000  00000-0  00000-0 0 00000
2 16314 097.7080 141.0160 0000000 000.0000 128.5500 15.01920000000000
1 16314U          19303.59652778  .00000000  00000-0  00000-0 0 00000
2 16314 097.7070 141.2280 0000000 000.0000 211.0510 15.01920000000000
1 16314U          19304.02291667  .00000000  00000-0  00000-0 0 00000
2 16314 097.7070 141.6480 0000000 000.0000 353.5510 15.01920000000000
1 16314U          19304.38750000  .00000000  00000-0  00000-0 0 00000
2 16314 097.7060 142.0070 0000000 000.0000 162.3020 15.01920000000000
1 16314U          19304.71111111  .00000000  00000-0  00000-0 0 00000
2 16314 097.7060 142.3260 0000000 000.0000 109.8020 15.01920000000000
1 16314U          19305.06250000  .00000000  00000-0  00000-0 0 00000
2 16314 097.7050 142.6730 0000000 000.0000 207.3020 15.01920000000000
1 16314U          19305.28680556  .00000000  00000-0  00000-0 0 00000
2 16314 097.7050 142.8940 0000000 000.0000 338.5530 15.01920000000000
1 16314U          19305.69652778  .00000000  00000-0  00000-0 0 00000
2 16314 097.7040 143.2980 0000000 000.0000 031.0530 15.01920000000000
1 16314U          19305.97500000  .00000000  00000-0  00000-0 0 00000
2 16314 097.7040 143.5720 0000000 000.0000 094.8030 15.01920000000000
1 16314U          19306.37222222  .00000000  00000-0  00000-0 0 00000
2 16314 097.7030 143.9640 0000000 000.0000 079.8040 15.01920000000000
1 16314U          19306.71180556  .00000000  00000-0  00000-0 0 00000
2 16314 097.7030 144.2990 0000000 000.0000 113.5540 15.01920000000000
1 16314U          19307.02361111  .00000000  00000-0  00000-0 0 00000
2 16314 097.7020 144.6060 0000000 000.0000 357.3050 15.01920000000000
1 16314U          19307.39027778  .00000000  00000-0  00000-0 0 00000
2 16314 097.7020 144.9670 0000000 000.0000 177.3050 15.01920000000000
1 16314U          19307.64444444  .00000000  00000-0  00000-0 0 00000
2 16314 097.7010 145.2180 0000000 000.0000 109.8050 15.01920000000000
1 16314U          19307.93819444  .00000000  00000-0  00000-0 0 00000
2 16314 097.7010 145.5080 0000000 000.0000 256.0560 15.01920000000000
1 16314U          19308.26805556  .00000000  00000-0  00000-0 0 00000
2 16314 097.7000 145.8330 0000000 000.0000 237.3060 15.01920000000000
1 16314U          19308.58611111  .00000000  00000-0  00000-0 0 00000
2 16314 097.7000 146.1460 0000000 000.0000 154.8060 15.01920000000000
1 16314U          19309.01250000  .00000000  00000-0  00000-0 0 00000
2 16314 097.6990 146.5670 0000000 000.0000 297.3070 15.01920000000000
1 16314U          19309.30972222  .00000000  00000-0  00000-0 0 00000
2 16314 097.6990 146.8600 0000000 000.0000 102.3070 15.01920000000000
1 16314U          19309.66111111  .00000000  00000-0  00000-0 0 00000
2 16314 097.6980 147.2060 0000000 000.0000 199.8070 15.01920000000000
1 16314U          19309.98125000  .00000000  00000-0  00000-0 0 00000
2 16314 097.6980 147.5210 0000000 000.0000 128.5580 15.01920000000000
1 16314U          19310.30069444  .00000000  00000-0  00000-0 0 00000
2 16314 097.6970 147.8360 0000000 000.0000 053.5580 15.01920000000000
1 16314U          19310.64791667  .00000000  00000-0  00000-0 0 00000
2 16314 097.6970 148.1790 0000000 000.0000 128.5580 15.01920000000000
1 16314U          19311.07638889  .00000000  00000-0  00000-0 0 00000
2 16314 097.6960 148.6010 0000000 000.0000 282.3090 15.01920000000000
1 16314U          19311.25347222  .00000000  00000-0  00000-0 0 00000
2 16314 097.6960 148.7760 0000000 000.0000 158.5590 15.01920000000000
1 16314U          19311.64861111  .00000000  00000-0  00000-0 0 00000
2 16314 097.6950 149.1650 0000000 000.0000 132.3090 15.01920000000000
1 16314U          19311.89583333  .00000000  00000-0  00000-0 0 00000
2 16314 097.6950 149.4090 0000000 000.0000 027.3100 15.01914300000000
1 16314U          19312.17430556  .00000000  00000-0  00000-0 0 00000
2 16314 097.6940 149.6830 0000000 000.0000 091.0600 15.01914300000000
1 16314U          19312.52013889  .00000000  00000-0  00000-0 0 00000
2 16314 097.6940 150.0240 0000000 000.0000 158.5600 15.01914300000000
1 16314U          19312.90486111  .00000000  00000-0  00000-0 0 00000
2 16314 097.6930 150.4030 0000000 000.0000 076.0610 15.01914300000000
1 16314U          19313.14722222  .00000000  00000-0  00000-0 0 00000
2 16314 097.6930 150.6420 0000000 000.0000 304.8110 15.01914300000000
1 16314U          19313.51736111  .00000000  00000-0  00000-0 0 00000
2 16314 097.6920 151.0070 0000000 000.0000 143.5610 15.01914300000000
1 16314U          19313.86597222  .00000000  00000-0  00000-0 0 00000
2 16314 097.6910 151.3510 0000000 000.0000 226.0620 15.01914300000000
1 16314U          19314.21875000  .00000000  00000-0  00000-0 0 00000
2 16314 097.6910 151.6990 0000000 000.0000 331.0620 15.01914300000000
1 16314U          19314.51944444  .00000000  00000-0  00000-0 0 00000
2 16314 097.6900 151.9950 0000000 000.0000 154.8120 15.01914300000000
1 16314U          19314.91597222  .00000000  00000-0  00000-0 0 00000
2 16314 097.6900 152.3860 0000000 000.0000 136.0630 15.01914300000000
1 16314U          19315.28611111  .00000000  00000-0  00000-0 0 00000
2 16314 097.6890 152.7510 0000000 000.0000 334.8130 15.01914300000000
1 16314U          19315.55277778  .00000000  00000-0  00000-0 0 00000
2 16314 097.6890 153.0140 0000000 000.0000 334.8130 15.01914300000000
1 16314U          19315.93611111  .00000000  00000-0  00000-0 0 00000
2 16314 097.6880 153.3910 0000000 000.0000 244.8130 15.01914300000000
1 16314U          19316.15347222  .00000000  00000-0  00000-0 0 00000
2 16314 097.6880 153.6060 0000000 000.0000 338.5640 15.01914300000000
1 16314U          19316.50694444  .00000000  00000-0  00000-0 0 00000
2 16314 097.6870 153.9540 0000000 000.0000 087.3140 15.01914300000000
1 16314U          19316.83611111  .00000000  00000-0  00000-0 0 00000
2 16314 097.6870 154.2790 0000000 000.0000 064.8140 15.01914300000000
1 16314U          19317.20277778  .00000000  00000-0  00000-0 0 00000
2 16314 097.6860 154.6400 0000000 000.0000 244.8150 15.01914300000000
1 16314U          19317.49930556  .00000000  00000-0  00000-0 0 00000
2 16314 097.6850 154.9320 0000000 000.0000 046.0650 15.01914300000000
1 16314U          19317.87847222  .00000000  00000-0  00000-0 0 00000
2 16314 097.6850 155.3060 0000000 000.0000 293.5650 15.01914300000000
1 16314U          19318.15000000  .00000000  00000-0  00000-0 0 00000
2 16314 097.6840 155.5740 0000000 000.0000 319.8150 15.01914300000000
1 16314U          19318.49305556  .00000000  00000-0  00000-0 0 00000
2 16314 097.6840 155.9120 0000000 000.0000 012.3160 15.01914300000000
1 16314U          19318.86250000  .00000000  00000-0  00000-0 0 00000
2 16314 097.6830 156.2760 0000000 000.0000 207.3160 15.01914300000000
1 16314U          19318.89652778  .00000000  00000-0  00000-0 0 00000
2 16314 097.6830 156.3090 0000000 000.0000 031.0660 15.01914300000000
1 16314U          19319.18819444  .00000000  00000-0  00000-0 0 00000
2 16314 097.6830 156.5970 0000000 000.0000 166.0660 15.01914300000000
1 16314U          19319.62638889  .00000000  00000-0  00000-0 0 00000
2 16314 097.6820 157.0290 0000000 000.0000 012.3160 15.01914300000000
1 16314U          19319.97222222  .00000000  00000-0  00000-0 0 00000
2 16314 097.6810 157.3700 0000000 000.0000 079.8170 15.01914300000000
1 16314U          19320.15208333  .00000000  00000-0  00000-0 0 00000
2 16314 097.6810 157.5470 0000000 000.0000 331.0670 15.01914300000000
1 16314U          19320.60625000  .00000000  00000-0  00000-0 0 00000
2 16314 097.6800 157.9950 0000000 000.0000 263.5670 15.01914300000000
1 16314U          19320.95277778  .00000000  00000-0  00000-0 0 00000
2 16314 097.6790 158.3360 0000000 000.0000 334.8170 15.01914300000000
1 16314U          19321.24444444  .00000000  00000-0  00000-0 0 00000
2 16314 097.6790 158.6240 0000000 000.0000 109.8180 15.01914300000000
1 16314U          19321.52222222  .00000000  00000-0  00000-0 0 00000
2 16314 097.6780 158.8980 0000000 000.0000 169.8180 15.01914300000000
1 16314U          19321.95000000  .00000000  00000-0  00000-0 0 00000
2 16314 097.6780 159.3190 0000000 000.0000 319.8180 15.01914300000000
1 16314U          19322.18194444  .00000000  00000-0  00000-0 0 00000
2 16314 097.6770 159.5480 0000000 000.0000 132.3180 15.01914300000000
1 16314U          19322.61180556  .00000000  00000-0  00000-0 0 00000
2 16314 097.6770 159.9720 0000000 000.0000 293.5690 15.01914300000000
1 16314U          19322.93541667  .00000000  00000-0  00000-0 0 00000
2 16314 097.6760 160.2910 0000000 000.0000 241.0690 15.01914300000000
1 16314U          19323.26666667  .00000000  00000-0  00000-0 0 00000
2 16314 097.6750 160.6170 0000000 000.0000 229.8190 15.01914300000000
1 16314U          19323.53402778  .00000000  00000-0  00000-0 0 00000
2 16314 097.6750 160.8810 0000000 000.0000 233.5690 15.01914300000000
1 16314U          19323.84583333  .00000000  00000-0  00000-0 0 00000
2 16314 097.6740 161.1880 0000000 000.0000 117.3190 15.01914300000000
1 16314U          19324.28125000  .00000000  00000-0  00000-0 0 00000
2 16314 097.6740 161.6170 0000000 000.0000 308.5700 15.01914300000000
1 16314U          19324.48194444  .00000000  00000-0  00000-0 0 00000
2 16314 097.6730 161.8150 0000000 000.0000 312.3200 15.01914300000000
1 16314U          19324.95277778  .00000000  00000-0  00000-0 0 00000
2 16314 097.6720 162.2790 0000000 000.0000 334.8200 15.01914300000000
1 16314U          19325.19791667  .00000000  00000-0  00000-0 0 00000
2 16314 097.6720 162.5210 0000000 000.0000 218.5700 15.01914300000000
1 16314U          19325.50555556  .00000000  00000-0  00000-0 0 00000
2 16314 097.6710 162.8240 0000000 000.0000 079.8200 15.01914300000000
1 16314U          19325.89583333  .00000000  00000-0  00000-0 0 00000
2 16314 097.6710 163.2090 0000000 000.0000 027.3210 15.01914300000000
1 16314U          19325.90000000  .00000000  00000-0  00000-0 0 00000
2 16314 097.6710 163.2130 0000000 000.0000 049.8210 15.01914300000000
1 16314U          19326.25347222  .00000000  00000-0  00000-0 0 00000
2 16314 097.6700 163.5610 0000000 000.0000 158.5710 15.01914300000000
1 16314U          19326.61736111  .00000000  00000-0  00000-0 0 00000
2 16314 097.6690 163.9200 0000000 000.0000 323.5710 15.01914300000000
1 16314U          19326.92777778  .00000000  00000-0  00000-0 0 00000
2 16314 097.6690 164.2260 0000000 000.0000 199.8210 15.01914300000000
1 16314U          19327.19583333  .00000000  00000-0  00000-0 0 00000
2 16314 097.6680 164.4900 0000000 000.0000 207.3210 15.01914300000000
1 16314U          19327.47916667  .00000000  00000-0  00000-0 0 00000
2 16314 097.6680 164.7690 0000000 000.0000 297.3210 15.01914300000000
1 16314U          19327.88541667  .00000000  00000-0  00000-0 0 00000
2 16314 097.6670 165.1700 0000000 000.0000 331.0720 15.01914300000000
1 16314U          19328.20416667  .00000000  00000-0  00000-0 0 00000
2 16314 097.6670 165.4840 0000000 000.0000 252.3220 15.01914300000000
1 16314U          19328.58680556  .00000000  00000-0  00000-0 0 00000
2 16314 097.6660 165.8610 0000000 000.0000 158.5720 15.01914300000000
1 16314U          19328.86597222  .00000000  00000-0  00000-0 0 00000
2 16314 097.6650 166.1360 0000000 000.0000 226.0720 15.01914300000000
1 16314U          19329.26458333  .00000000  00000-0  00000-0 0 00000
2 16314 097.6650 166.5290 0000000 000.0000 218.5720 15.01914300000000
1 16314U          19329.62430556  .00000000  00000-0  00000-0 0 00000
2 16314 097.6640 166.8840 0000000 000.0000 001.0730 15.01914300000000
1 16314U          19329.91944444  .00000000  00000-0  00000-0 0 00000
2 16314 097.6640 167.1750 0000000 000.0000 154.8230 15.01914300000000
1 16314U          19330.25138889  .00000000  00000-0  00000-0 0 00000
2 16314 097.6630 167.5020 0000000 000.0000 147.3230 15.01914300000000
1 16314U          19330.59722222  .00000000  00000-0  00000-0 0 00000
2 16314 097.6620 167.8430 0000000 000.0000 214.8230 15.01914300000000
1 16314U          19330.88055556  .00000000  00000-0  00000-0 0 00000
2 16314 097.6620 168.1220 0000000 000.0000 304.8230 15.01914300000000
1 16314U          19331.16666667  .00000000  00000-0  00000-0 0 00000
2 16314 097.6610 168.4040 0000000 000.0000 049.8230 15.01914300000000
1 16314U          19331.57361111  .00000000  00000-0  00000-0 0 00000
2 16314 097.6610 168.8050 0000000 000.0000 087.3230 15.01914300000000
1 16314U          19331.92430556  .00000000  00000-0  00000-0 0 00000
2 16314 097.6600 169.1510 0000000 000.0000 181.0730 15.01914300000000
1 16314U          19332.18125000  .00000000  00000-0  00000-0 0 00000
2 16314 097.6590 169.4040 0000000 000.0000 128.5740 15.01914300000000
1 16314U          19332.48750000  .00000000  00000-0  00000-0 0 00000
2 16314 097.6590 169.7060 0000000 000.0000 342.3240 15.01914300000000
1 16314U          19332.84027778  .00000000  00000-0  00000-0 0 00000
2 16314 097.6580 170.0540 0000000 000.0000 087.3240 15.01914300000000
