1 16617U          19281.97986111  .00000000  00000-0  00000-0 0 00000
2 16617 097.7480 94.1980 0000000 000.0000 261.5440 15.01920000000000
1 16617U          19282.30069444  .00000000  00000-0  00000-0 0 00000
2 16617 097.7480 94.5140 0000000 000.0000 194.0450 15.01920000000000
1 16617U          19282.73611111  .00000000  00000-0  00000-0 0 00000
2 16617 097.7480 94.9430 0000000 000.0000 025.2960 15.01920000000000
1 16617U          19283.03402778  .00000000  00000-0  00000-0 0 00000
2 16617 097.7480 95.2370 0000000 000.0000 194.0460 15.01920000000000
1 16617U          19283.41180556  .00000000  00000-0  00000-0 0 00000
2 16617 097.7480 95.6090 0000000 000.0000 074.0470 15.01920000000000
1 16617U          19283.71319444  .00000000  00000-0  00000-0 0 00000
2 16617 097.7480 95.9060 0000000 000.0000 261.5480 15.01920000000000
1 16617U          19283.94930556  .00000000  00000-0  00000-0 0 00000
2 16617 097.7480 96.1390 0000000 000.0000 096.5480 15.01920000000000
1 16617U          19284.36527778  .00000000  00000-0  00000-0 0 00000
2 16617 097.7470 96.5490 0000000 000.0000 182.7990 15.01920000000000
1 16617U          19284.74166667  .00000000  00000-0  00000-0 0 00000
2 16617 097.7470 96.9200 0000000 000.0000 055.3000 15.01920000000000
1 16617U          19285.00555556  .00000000  00000-0  00000-0 0 00000
2 16617 097.7470 97.1810 0000000 000.0000 040.3000 15.01920000000000
1 16617U          19285.31527778  .00000000  00000-0  00000-0 0 00000
2 16617 097.7470 97.4860 0000000 000.0000 272.8010 15.01920000000000
1 16617U          19285.64722222  .00000000  00000-0  00000-0 0 00000
2 16617 097.7470 97.8130 0000000 000.0000 265.3010 15.01920000000000
1 16617U          19286.01875000  .00000000  00000-0  00000-0 0 00000
2 16617 097.7470 98.1790 0000000 000.0000 111.5520 15.01920000000000
1 16617U          19286.29513889  .00000000  00000-0  00000-0 0 00000
2 16617 097.7470 98.4520 0000000 000.0000 164.0530 15.01920000000000
1 16617U          19286.67430556  .00000000  00000-0  00000-0 0 00000
2 16617 097.7470 98.8260 0000000 000.0000 051.5530 15.01920000000000
1 16617U          19286.98819444  .00000000  00000-0  00000-0 0 00000
2 16617 097.7470 99.1350 0000000 000.0000 306.5540 15.01920000000000
1 16617U          19287.28958333  .00000000  00000-0  00000-0 0 00000
2 16617 097.7470 99.4320 0000000 000.0000 134.0540 15.01920000000000
1 16617U          19287.59236111  .00000000  00000-0  00000-0 0 00000
2 16617 097.7470 99.7310 0000000 000.0000 329.0550 15.01920000000000
1 16617U          19287.98402778  .00000000  00000-0  00000-0 0 00000
2 16617 097.7460 100.1170 0000000 000.0000 284.0560 15.01920000000000
1 16617U          19288.30277778  .00000000  00000-0  00000-0 0 00000
2 16617 097.7460 100.4310 0000000 000.0000 205.3060 15.01920000000000
1 16617U          19288.60138889  .00000000  00000-0  00000-0 0 00000
2 16617 097.7460 100.7250 0000000 000.0000 017.8070 15.01920000000000
1 16617U          19288.98541667  .00000000  00000-0  00000-0 0 00000
2 16617 097.7460 101.1040 0000000 000.0000 291.5580 15.01920000000000
1 16617U          19289.36527778  .00000000  00000-0  00000-0 0 00000
2 16617 097.7460 101.4790 0000000 000.0000 182.8080 15.01920000000000
1 16617U          19289.62986111  .00000000  00000-0  00000-0 0 00000
2 16617 097.7460 101.7390 0000000 000.0000 171.5590 15.01920000000000
1 16617U          19289.93541667  .00000000  00000-0  00000-0 0 00000
2 16617 097.7460 102.0410 0000000 000.0000 021.5590 15.01920000000000
1 16617U          19290.28125000  .00000000  00000-0  00000-0 0 00000
2 16617 097.7460 102.3820 0000000 000.0000 089.0600 15.01920000000000
1 16617U          19290.60138889  .00000000  00000-0  00000-0 0 00000
2 16617 097.7450 102.6970 0000000 000.0000 017.8110 15.01920000000000
1 16617U          19290.94444444  .00000000  00000-0  00000-0 0 00000
2 16617 097.7450 103.0350 0000000 000.0000 070.3110 15.01920000000000
1 16617U          19291.26805556  .00000000  00000-0  00000-0 0 00000
2 16617 097.7450 103.3540 0000000 000.0000 017.8120 15.01920000000000
1 16617U          19291.66875000  .00000000  00000-0  00000-0 0 00000
2 16617 097.7450 103.7490 0000000 000.0000 021.5630 15.01920000000000
1 16617U          19292.07500000  .00000000  00000-0  00000-0 0 00000
2 16617 097.7450 104.1500 0000000 000.0000 055.3130 15.01920000000000
1 16617U          19292.41527778  .00000000  00000-0  00000-0 0 00000
2 16617 097.7450 104.4850 0000000 000.0000 092.8140 15.01920000000000
1 16617U          19292.74027778  .00000000  00000-0  00000-0 0 00000
2 16617 097.7450 104.8060 0000000 000.0000 047.8150 15.01920000000000
1 16617U          19293.00902778  .00000000  00000-0  00000-0 0 00000
2 16617 097.7440 105.0710 0000000 000.0000 059.0650 15.01920000000000
1 16617U          19293.29722222  .00000000  00000-0  00000-0 0 00000
2 16617 097.7440 105.3550 0000000 000.0000 175.3160 15.01920000000000
1 16617U          19293.74166667  .00000000  00000-0  00000-0 0 00000
2 16617 097.7440 105.7930 0000000 000.0000 055.3170 15.01920000000000
1 16617U          19293.96944444  .00000000  00000-0  00000-0 0 00000
2 16617 097.7440 106.0180 0000000 000.0000 205.3170 15.01920000000000
1 16617U          19294.25347222  .00000000  00000-0  00000-0 0 00000
2 16617 097.7440 106.2980 0000000 000.0000 299.0670 15.01920000000000
1 16617U          19294.70625000  .00000000  00000-0  00000-0 0 00000
2 16617 097.7430 106.7440 0000000 000.0000 224.0680 15.01920000000000
1 16617U          19294.99305556  .00000000  00000-0  00000-0 0 00000
2 16617 097.7430 107.0270 0000000 000.0000 332.8190 15.01920000000000
1 16617U          19295.39930556  .00000000  00000-0  00000-0 0 00000
2 16617 097.7430 107.4270 0000000 000.0000 006.5700 15.01920000000000
1 16617U          19295.68055556  .00000000  00000-0  00000-0 0 00000
2 16617 097.7430 107.7040 0000000 000.0000 085.3200 15.01920000000000
1 16617U          19295.96319444  .00000000  00000-0  00000-0 0 00000
2 16617 097.7430 107.9830 0000000 000.0000 171.5710 15.01920000000000
1 16617U          19296.30208333  .00000000  00000-0  00000-0 0 00000
2 16617 097.7430 108.3170 0000000 000.0000 201.5710 15.01920000000000
1 16617U          19296.74583333  .00000000  00000-0  00000-0 0 00000
2 16617 097.7420 108.7550 0000000 000.0000 077.8220 15.01920000000000
1 16617U          19297.04444444  .00000000  00000-0  00000-0 0 00000
2 16617 097.7420 109.0490 0000000 000.0000 250.3230 15.01920000000000
1 16617U          19297.35416667  .00000000  00000-0  00000-0 0 00000
2 16617 097.7420 109.3540 0000000 000.0000 122.8230 15.01920000000000
1 16617U          19297.61180556  .00000000  00000-0  00000-0 0 00000
2 16617 097.7420 109.6080 0000000 000.0000 074.0740 15.01920000000000
1 16617U          19297.99722222  .00000000  00000-0  00000-0 0 00000
2 16617 097.7420 109.9880 0000000 000.0000 355.3240 15.01920000000000
1 16617U          19298.29027778  .00000000  00000-0  00000-0 0 00000
2 16617 097.7410 110.2770 0000000 000.0000 137.8250 15.01920000000000
1 16617U          19298.59166667  .00000000  00000-0  00000-0 0 00000
2 16617 097.7410 110.5740 0000000 000.0000 325.3250 15.01920000000000
1 16617U          19298.96805556  .00000000  00000-0  00000-0 0 00000
2 16617 097.7410 110.9450 0000000 000.0000 197.8260 15.01920000000000
1 16617U          19299.28819444  .00000000  00000-0  00000-0 0 00000
2 16617 097.7410 111.2610 0000000 000.0000 126.5770 15.01920000000000
1 16617U          19299.62291667  .00000000  00000-0  00000-0 0 00000
2 16617 097.7400 111.5910 0000000 000.0000 134.0770 15.01920000000000
1 16617U          19299.98055556  .00000000  00000-0  00000-0 0 00000
2 16617 097.7400 111.9440 0000000 000.0000 265.3280 15.01920000000000
1 16617U          19300.28819444  .00000000  00000-0  00000-0 0 00000
2 16617 097.7400 112.2470 0000000 000.0000 126.5780 15.01920000000000
1 16617U          19300.67638889  .00000000  00000-0  00000-0 0 00000
2 16617 097.7400 112.6300 0000000 000.0000 062.8290 15.01920000000000
1 16617U          19301.02361111  .00000000  00000-0  00000-0 0 00000
2 16617 097.7390 112.9720 0000000 000.0000 137.8300 15.01920000000000
1 16617U          19301.29930556  .00000000  00000-0  00000-0 0 00000
2 16617 097.7390 113.2440 0000000 000.0000 186.5800 15.01920000000000
1 16617U          19301.72013889  .00000000  00000-0  00000-0 0 00000
2 16617 097.7390 113.6590 0000000 000.0000 299.0810 15.01920000000000
1 16617U          19302.02986111  .00000000  00000-0  00000-0 0 00000
2 16617 097.7390 113.9640 0000000 000.0000 171.5810 15.01920000000000
1 16617U          19302.36875000  .00000000  00000-0  00000-0 0 00000
2 16617 097.7380 114.2980 0000000 000.0000 201.5820 15.01920000000000
1 16617U          19302.58541667  .00000000  00000-0  00000-0 0 00000
2 16617 097.7380 114.5120 0000000 000.0000 291.5820 15.01920000000000
1 16617U          19302.94236111  .00000000  00000-0  00000-0 0 00000
2 16617 097.7380 114.8630 0000000 000.0000 059.0830 15.01920000000000
1 16617U          19303.39930556  .00000000  00000-0  00000-0 0 00000
2 16617 097.7380 115.3140 0000000 000.0000 006.5840 15.01920000000000
1 16617U          19303.69791667  .00000000  00000-0  00000-0 0 00000
2 16617 097.7370 115.6080 0000000 000.0000 179.0840 15.01920000000000
1 16617U          19303.98541667  .00000000  00000-0  00000-0 0 00000
2 16617 097.7370 115.8920 0000000 000.0000 291.5850 15.01920000000000
1 16617U          19304.40902778  .00000000  00000-0  00000-0 0 00000
2 16617 097.7370 116.3090 0000000 000.0000 059.0860 15.01920000000000
1 16617U          19304.62986111  .00000000  00000-0  00000-0 0 00000
2 16617 097.7370 116.5270 0000000 000.0000 171.5860 15.01920000000000
1 16617U          19304.95486111  .00000000  00000-0  00000-0 0 00000
2 16617 097.7360 116.8470 0000000 000.0000 126.5860 15.01920000000000
1 16617U          19305.40694444  .00000000  00000-0  00000-0 0 00000
2 16617 097.7360 117.2930 0000000 000.0000 047.8370 15.01920000000000
1 16617U          19305.59930556  .00000000  00000-0  00000-0 0 00000
2 16617 097.7360 117.4830 0000000 000.0000 006.5880 15.01920000000000
1 16617U          19306.05625000  .00000000  00000-0  00000-0 0 00000
2 16617 097.7350 117.9330 0000000 000.0000 314.0880 15.01920000000000
1 16617U          19306.31319444  .00000000  00000-0  00000-0 0 00000
2 16617 097.7350 118.1870 0000000 000.0000 261.5890 15.01920000000000
1 16617U          19306.68055556  .00000000  00000-0  00000-0 0 00000
2 16617 097.7350 118.5490 0000000 000.0000 085.3390 15.01920000000000
1 16617U          19307.06736111  .00000000  00000-0  00000-0 0 00000
2 16617 097.7340 118.9300 0000000 000.0000 014.0900 15.01920000000000
1 16617U          19307.27708333  .00000000  00000-0  00000-0 0 00000
2 16617 097.7340 119.1370 0000000 000.0000 066.5900 15.01920000000000
1 16617U          19307.67569444  .00000000  00000-0  00000-0 0 00000
2 16617 097.7340 119.5300 0000000 000.0000 059.0910 15.01920000000000
1 16617U          19308.05208333  .00000000  00000-0  00000-0 0 00000
2 16617 097.7340 119.9010 0000000 000.0000 291.5920 15.01920000000000
1 16617U          19308.34236111  .00000000  00000-0  00000-0 0 00000
2 16617 097.7330 120.1870 0000000 000.0000 059.0920 15.01920000000000
1 16617U          19308.67152778  .00000000  00000-0  00000-0 0 00000
2 16617 097.7330 120.5110 0000000 000.0000 036.5930 15.01920000000000
1 16617U          19308.93055556  .00000000  00000-0  00000-0 0 00000
2 16617 097.7330 120.7670 0000000 000.0000 355.3430 15.01920000000000
1 16617U          19309.36041667  .00000000  00000-0  00000-0 0 00000
2 16617 097.7320 121.1910 0000000 000.0000 156.5940 15.01920000000000
1 16617U          19309.72083333  .00000000  00000-0  00000-0 0 00000
2 16617 097.7320 121.5460 0000000 000.0000 302.8440 15.01920000000000
1 16617U          19309.95277778  .00000000  00000-0  00000-0 0 00000
2 16617 097.7320 121.7750 0000000 000.0000 115.3450 15.01920000000000
1 16617U          19310.36666667  .00000000  00000-0  00000-0 0 00000
2 16617 097.7310 122.1830 0000000 000.0000 190.3450 15.01920000000000
1 16617U          19310.66319444  .00000000  00000-0  00000-0 0 00000
2 16617 097.7310 122.4750 0000000 000.0000 351.5960 15.01920000000000
1 16617U          19310.91944444  .00000000  00000-0  00000-0 0 00000
2 16617 097.7310 122.7280 0000000 000.0000 295.3460 15.01920000000000
1 16617U          19311.29097222  .00000000  00000-0  00000-0 0 00000
2 16617 097.7300 123.0940 0000000 000.0000 141.5970 15.01920000000000
1 16617U          19311.62847222  .00000000  00000-0  00000-0 0 00000
2 16617 097.7300 123.4260 0000000 000.0000 164.0980 15.01920000000000
1 16617U          19311.97361111  .00000000  00000-0  00000-0 0 00000
2 16617 097.7300 123.7670 0000000 000.0000 227.8480 15.01914300000000
1 16617U          19312.30486111  .00000000  00000-0  00000-0 0 00000
2 16617 097.7290 124.0930 0000000 000.0000 216.5990 15.01914300000000
1 16617U          19312.54791667  .00000000  00000-0  00000-0 0 00000
2 16617 097.7290 124.3330 0000000 000.0000 089.0990 15.01914300000000
1 16617U          19312.86041667  .00000000  00000-0  00000-0 0 00000
2 16617 097.7290 124.6410 0000000 000.0000 336.5990 15.01914300000000
1 16617U          19313.28402778  .00000000  00000-0  00000-0 0 00000
2 16617 097.7280 125.0590 0000000 000.0000 104.1000 15.01914300000000
1 16617U          19313.51736111  .00000000  00000-0  00000-0 0 00000
2 16617 097.7280 125.2890 0000000 000.0000 284.1010 15.01914300000000
1 16617U          19313.90277778  .00000000  00000-0  00000-0 0 00000
2 16617 097.7280 125.6690 0000000 000.0000 205.3510 15.01914300000000
1 16617U          19314.27847222  .00000000  00000-0  00000-0 0 00000
2 16617 097.7270 126.0390 0000000 000.0000 074.1020 15.01914300000000
1 16617U          19314.63888889  .00000000  00000-0  00000-0 0 00000
2 16617 097.7270 126.3940 0000000 000.0000 220.3520 15.01914300000000
1 16617U          19314.92708333  .00000000  00000-0  00000-0 0 00000
2 16617 097.7260 126.6780 0000000 000.0000 336.6030 15.01914300000000
1 16617U          19315.27916667  .00000000  00000-0  00000-0 0 00000
2 16617 097.7260 127.0250 0000000 000.0000 077.8530 15.01914300000000
1 16617U          19315.53263889  .00000000  00000-0  00000-0 0 00000
2 16617 097.7260 127.2750 0000000 000.0000 006.6040 15.01914300000000
1 16617U          19315.97638889  .00000000  00000-0  00000-0 0 00000
2 16617 097.7250 127.7130 0000000 000.0000 242.8540 15.01914300000000
1 16617U          19316.16805556  .00000000  00000-0  00000-0 0 00000
2 16617 097.7250 127.9020 0000000 000.0000 197.8550 15.01914300000000
1 16617U          19316.62777778  .00000000  00000-0  00000-0 0 00000
2 16617 097.7250 128.3550 0000000 000.0000 160.3550 15.01914300000000
1 16617U          19316.95555556  .00000000  00000-0  00000-0 0 00000
2 16617 097.7240 128.6780 0000000 000.0000 130.3560 15.01914300000000
1 16617U          19317.30138889  .00000000  00000-0  00000-0 0 00000
2 16617 097.7240 129.0190 0000000 000.0000 197.8560 15.01914300000000
1 16617U          19317.60416667  .00000000  00000-0  00000-0 0 00000
2 16617 097.7230 129.3170 0000000 000.0000 032.8570 15.01914300000000
1 16617U          19317.87986111  .00000000  00000-0  00000-0 0 00000
2 16617 097.7230 129.5890 0000000 000.0000 081.6070 15.01914300000000
1 16617U          19318.19305556  .00000000  00000-0  00000-0 0 00000
2 16617 097.7230 129.8980 0000000 000.0000 332.8580 15.01914300000000
1 16617U          19318.63819444  .00000000  00000-0  00000-0 0 00000
2 16617 097.7220 130.3370 0000000 000.0000 216.6080 15.01914300000000
1 16617U          19318.89583333  .00000000  00000-0  00000-0 0 00000
2 16617 097.7220 130.5910 0000000 000.0000 167.8590 15.01914300000000
1 16617U          19318.90833333  .00000000  00000-0  00000-0 0 00000
2 16617 097.7220 130.6030 0000000 000.0000 235.3590 15.01914300000000
1 16617U          19319.21250000  .00000000  00000-0  00000-0 0 00000
2 16617 097.7210 130.9030 0000000 000.0000 077.8590 15.01914300000000
1 16617U          19319.58333333  .00000000  00000-0  00000-0 0 00000
2 16617 097.7210 131.2680 0000000 000.0000 280.3600 15.01914300000000
1 16617U          19319.83541667  .00000000  00000-0  00000-0 0 00000
2 16617 097.7210 131.5170 0000000 000.0000 201.6100 15.01914300000000
1 16617U          19320.29791667  .00000000  00000-0  00000-0 0 00000
2 16617 097.7200 131.9730 0000000 000.0000 179.1110 15.01914300000000
1 16617U          19320.62083333  .00000000  00000-0  00000-0 0 00000
2 16617 097.7200 132.2910 0000000 000.0000 122.8610 15.01914300000000
1 16617U          19320.93263889  .00000000  00000-0  00000-0 0 00000
2 16617 097.7190 132.5990 0000000 000.0000 006.6120 15.01914300000000
1 16617U          19321.27638889  .00000000  00000-0  00000-0 0 00000
2 16617 097.7190 132.9370 0000000 000.0000 062.8620 15.01914300000000
1 16617U          19321.61388889  .00000000  00000-0  00000-0 0 00000
2 16617 097.7180 133.2700 0000000 000.0000 085.3630 15.01914300000000
1 16617U          19321.90833333  .00000000  00000-0  00000-0 0 00000
2 16617 097.7180 133.5600 0000000 000.0000 235.3630 15.01914300000000
1 16617U          19322.22916667  .00000000  00000-0  00000-0 0 00000
2 16617 097.7180 133.8770 0000000 000.0000 167.8630 15.01914300000000
1 16617U          19322.61805556  .00000000  00000-0  00000-0 0 00000
2 16617 097.7170 134.2600 0000000 000.0000 107.8640 15.01914300000000
1 16617U          19322.96319444  .00000000  00000-0  00000-0 0 00000
2 16617 097.7170 134.6000 0000000 000.0000 171.6140 15.01914300000000
1 16617U          19323.23194444  .00000000  00000-0  00000-0 0 00000
2 16617 097.7160 134.8650 0000000 000.0000 182.8650 15.01914300000000
1 16617U          19323.49236111  .00000000  00000-0  00000-0 0 00000
2 16617 097.7160 135.1220 0000000 000.0000 149.1150 15.01914300000000
1 16617U          19323.86388889  .00000000  00000-0  00000-0 0 00000
2 16617 097.7150 135.4880 0000000 000.0000 355.3660 15.01914300000000
1 16617U          19324.20555556  .00000000  00000-0  00000-0 0 00000
2 16617 097.7150 135.8250 0000000 000.0000 040.3660 15.01914300000000
1 16617U          19324.58819444  .00000000  00000-0  00000-0 0 00000
2 16617 097.7150 136.2020 0000000 000.0000 306.6170 15.01914300000000
1 16617U          19324.89652778  .00000000  00000-0  00000-0 0 00000
2 16617 097.7140 136.5060 0000000 000.0000 171.6170 15.01914300000000
1 16617U          19325.30138889  .00000000  00000-0  00000-0 0 00000
2 16617 097.7140 136.9050 0000000 000.0000 197.8680 15.01914300000000
1 16617U          19325.56041667  .00000000  00000-0  00000-0 0 00000
2 16617 097.7130 137.1610 0000000 000.0000 156.6180 15.01914300000000
1 16617U          19325.89583333  .00000000  00000-0  00000-0 0 00000
2 16617 097.7130 137.4910 0000000 000.0000 167.8680 15.01914300000000
1 16617U          19325.89583333  .00000000  00000-0  00000-0 0 00000
2 16617 097.7130 137.4910 0000000 000.0000 167.8680 15.01914300000000
1 16617U          19326.19861111  .00000000  00000-0  00000-0 0 00000
2 16617 097.7120 137.7900 0000000 000.0000 002.8690 15.01914300000000
1 16617U          19326.56458333  .00000000  00000-0  00000-0 0 00000
2 16617 097.7120 138.1500 0000000 000.0000 179.1190 15.01914300000000
1 16617U          19326.97569444  .00000000  00000-0  00000-0 0 00000
2 16617 097.7110 138.5560 0000000 000.0000 239.1200 15.01914300000000
1 16617U          19327.25763889  .00000000  00000-0  00000-0 0 00000
2 16617 097.7110 138.8340 0000000 000.0000 321.6200 15.01914300000000
1 16617U          19327.60208333  .00000000  00000-0  00000-0 0 00000
2 16617 097.7100 139.1730 0000000 000.0000 021.6200 15.01914300000000
1 16617U          19327.82222222  .00000000  00000-0  00000-0 0 00000
2 16617 097.7100 139.3900 0000000 000.0000 130.3710 15.01914300000000
1 16617U          19328.17569444  .00000000  00000-0  00000-0 0 00000
2 16617 097.7100 139.7390 0000000 000.0000 239.1210 15.01914300000000
1 16617U          19328.50972222  .00000000  00000-0  00000-0 0 00000
2 16617 097.7090 140.0680 0000000 000.0000 242.8720 15.01914300000000
1 16617U          19328.85208333  .00000000  00000-0  00000-0 0 00000
2 16617 097.7090 140.4050 0000000 000.0000 291.6220 15.01914300000000
1 16617U          19329.15972222  .00000000  00000-0  00000-0 0 00000
2 16617 097.7080 140.7090 0000000 000.0000 152.8720 15.01914300000000
1 16617U          19329.50347222  .00000000  00000-0  00000-0 0 00000
2 16617 097.7080 141.0480 0000000 000.0000 209.1230 15.01914300000000
1 16617U          19329.89375000  .00000000  00000-0  00000-0 0 00000
2 16617 097.7070 141.4320 0000000 000.0000 156.6230 15.01914300000000
1 16617U          19330.15416667  .00000000  00000-0  00000-0 0 00000
2 16617 097.7070 141.6890 0000000 000.0000 122.8740 15.01914300000000
1 16617U          19330.58472222  .00000000  00000-0  00000-0 0 00000
2 16617 097.7060 142.1130 0000000 000.0000 287.8740 15.01914300000000
1 16617U          19330.89305556  .00000000  00000-0  00000-0 0 00000
2 16617 097.7060 142.4170 0000000 000.0000 152.8740 15.01914300000000
1 16617U          19331.28541667  .00000000  00000-0  00000-0 0 00000
2 16617 097.7050 142.8040 0000000 000.0000 111.6250 15.01914300000000
1 16617U          19331.58263889  .00000000  00000-0  00000-0 0 00000
2 16617 097.7050 143.0970 0000000 000.0000 276.6250 15.01914300000000
1 16617U          19331.96597222  .00000000  00000-0  00000-0 0 00000
2 16617 097.7040 143.4750 0000000 000.0000 186.6260 15.01914300000000
1 16617U          19332.25208333  .00000000  00000-0  00000-0 0 00000
2 16617 097.7040 143.7570 0000000 000.0000 291.6260 15.01914300000000
1 16617U          19332.52569444  .00000000  00000-0  00000-0 0 00000
2 16617 097.7030 144.0270 0000000 000.0000 329.1260 15.01914300000000
1 16617U          19332.87708333  .00000000  00000-0  00000-0 0 00000
2 16617 097.7030 144.3730 0000000 000.0000 066.6270 15.01914300000000
