1 18742U          19282.07916667  .00000000  00000-0  00000-0 0 00000
2 18742 097.7410 068.575  0000000 000.0000 122.3180 15.01920000000000
1 18742U          19282.29791667  .00000000  00000-0  00000-0 0 00000
2 18742 097.7410 068.790  0000000 000.0000 223.5680 15.01920000000000
1 18742U          19282.61041667  .00000000  00000-0  00000-0 0 00000
2 18742 097.7410 069.099  0000000 000.0000 111.0690 15.01920000000000
1 18742U          19282.99861111  .00000000  00000-0  00000-0 0 00000
2 18742 097.7420 069.481  0000000 000.0000 047.3200 15.01920000000000
1 18742U          19283.36180556  .00000000  00000-0  00000-0 0 00000
2 18742 097.7420 069.839  0000000 000.0000 208.5700 15.01920000000000
1 18742U          19283.71666667  .00000000  00000-0  00000-0 0 00000
2 18742 097.7420 070.189  0000000 000.0000 324.8210 15.01920000000000
1 18742U          19283.99444444  .00000000  00000-0  00000-0 0 00000
2 18742 097.7420 070.463  0000000 000.0000 024.8210 15.01920000000000
1 18742U          19284.39722222  .00000000  00000-0  00000-0 0 00000
2 18742 097.7430 070.860  0000000 000.0000 039.8220 15.01920000000000
1 18742U          19284.63680556  .00000000  00000-0  00000-0 0 00000
2 18742 097.7430 071.096  0000000 000.0000 253.5730 15.01920000000000
1 18742U          19284.95347222  .00000000  00000-0  00000-0 0 00000
2 18742 097.7430 071.408  0000000 000.0000 163.5730 15.01920000000000
1 18742U          19285.37013889  .00000000  00000-0  00000-0 0 00000
2 18742 097.7430 071.819  0000000 000.0000 253.5740 15.01920000000000
1 18742U          19285.66944444  .00000000  00000-0  00000-0 0 00000
2 18742 097.7430 072.114  0000000 000.0000 069.8240 15.01920000000000
1 18742U          19286.05277778  .00000000  00000-0  00000-0 0 00000
2 18742 097.7430 072.492  0000000 000.0000 339.8250 15.01920000000000
1 18742U          19286.30972222  .00000000  00000-0  00000-0 0 00000
2 18742 097.7440 072.745  0000000 000.0000 287.3260 15.01920000000000
1 18742U          19286.63194444  .00000000  00000-0  00000-0 0 00000
2 18742 097.7440 073.063  0000000 000.0000 227.3260 15.01920000000000
1 18742U          19286.96666667  .00000000  00000-0  00000-0 0 00000
2 18742 097.7440 073.393  0000000 000.0000 234.8270 15.01920000000000
1 18742U          19287.30416667  .00000000  00000-0  00000-0 0 00000
2 18742 097.7440 073.726  0000000 000.0000 257.3270 15.01920000000000
1 18742U          19287.60000000  .00000000  00000-0  00000-0 0 00000
2 18742 097.7440 074.017  0000000 000.0000 054.8280 15.01920000000000
1 18742U          19288.05000000  .00000000  00000-0  00000-0 0 00000
2 18742 097.7440 074.461  0000000 000.0000 324.8290 15.01920000000000
1 18742U          19288.28333333  .00000000  00000-0  00000-0 0 00000
2 18742 097.7450 074.691  0000000 000.0000 144.8290 15.01920000000000
1 18742U          19288.72708333  .00000000  00000-0  00000-0 0 00000
2 18742 097.7450 075.129  0000000 000.0000 021.0800 15.01920000000000
1 18742U          19288.97083333  .00000000  00000-0  00000-0 0 00000
2 18742 097.7450 075.369  0000000 000.0000 257.3310 15.01920000000000
1 18742U          19289.34722222  .00000000  00000-0  00000-0 0 00000
2 18742 097.7450 075.740  0000000 000.0000 129.8310 15.01920000000000
1 18742U          19289.60277778  .00000000  00000-0  00000-0 0 00000
2 18742 097.7450 075.992  0000000 000.0000 069.8320 15.01920000000000
1 18742U          19289.99236111  .00000000  00000-0  00000-0 0 00000
2 18742 097.7450 076.376  0000000 000.0000 013.5820 15.01920000000000
1 18742U          19290.34652778  .00000000  00000-0  00000-0 0 00000
2 18742 097.7460 076.725  0000000 000.0000 126.0830 15.01920000000000
1 18742U          19290.59305556  .00000000  00000-0  00000-0 0 00000
2 18742 097.7460 076.968  0000000 000.0000 017.3340 15.01920000000000
1 18742U          19290.97847222  .00000000  00000-0  00000-0 0 00000
2 18742 097.7460 077.348  0000000 000.0000 298.5840 15.01920000000000
1 18742U          19291.31250000  .00000000  00000-0  00000-0 0 00000
2 18742 097.7460 077.677  0000000 000.0000 302.3350 15.01920000000000
1 18742U          19291.69583333  .00000000  00000-0  00000-0 0 00000
2 18742 097.7460 078.055  0000000 000.0000 212.3360 15.01920000000000
1 18742U          19291.93819444  .00000000  00000-0  00000-0 0 00000
2 18742 097.7460 078.294  0000000 000.0000 081.0860 15.01920000000000
1 18742U          19292.40833333  .00000000  00000-0  00000-0 0 00000
2 18742 097.7460 078.758  0000000 000.0000 099.8370 15.01920000000000
1 18742U          19292.61944444  .00000000  00000-0  00000-0 0 00000
2 18742 097.7460 078.966  0000000 000.0000 159.8370 15.01920000000000
1 18742U          19293.04930556  .00000000  00000-0  00000-0 0 00000
2 18742 097.7470 079.390  0000000 000.0000 321.0880 15.01920000000000
1 18742U          19293.29791667  .00000000  00000-0  00000-0 0 00000
2 18742 097.7470 079.635  0000000 000.0000 223.5890 15.01920000000000
1 18742U          19293.64166667  .00000000  00000-0  00000-0 0 00000
2 18742 097.7470 079.974  0000000 000.0000 279.8390 15.01920000000000
1 18742U          19294.06458333  .00000000  00000-0  00000-0 0 00000
2 18742 097.7470 080.391  0000000 000.0000 043.5900 15.01920000000000
1 18742U          19294.39097222  .00000000  00000-0  00000-0 0 00000
2 18742 097.7470 080.712  0000000 000.0000 006.0910 15.01920000000000
1 18742U          19294.67708333  .00000000  00000-0  00000-0 0 00000
2 18742 097.7470 080.994  0000000 000.0000 111.0910 15.01920000000000
1 18742U          19295.05763889  .00000000  00000-0  00000-0 0 00000
2 18742 097.7470 081.370  0000000 000.0000 006.0920 15.01920000000000
1 18742U          19295.30486111  .00000000  00000-0  00000-0 0 00000
2 18742 097.7470 081.613  0000000 000.0000 261.0920 15.01920000000000
1 18742U          19295.68472222  .00000000  00000-0  00000-0 0 00000
2 18742 097.7470 081.988  0000000 000.0000 152.3430 15.01920000000000
1 18742U          19295.92152778  .00000000  00000-0  00000-0 0 00000
2 18742 097.7470 082.221  0000000 000.0000 351.0940 15.01920000000000
1 18742U          19296.39166667  .00000000  00000-0  00000-0 0 00000
2 18742 097.7470 082.685  0000000 000.0000 009.8440 15.01920000000000
1 18742U          19296.70416667  .00000000  00000-0  00000-0 0 00000
2 18742 097.7480 082.993  0000000 000.0000 257.3450 15.01920000000000
1 18742U          19296.98402778  .00000000  00000-0  00000-0 0 00000
2 18742 097.7480 083.269  0000000 000.0000 328.5960 15.01920000000000
1 18742U          19297.34166667  .00000000  00000-0  00000-0 0 00000
2 18742 097.7480 083.621  0000000 000.0000 099.8460 15.01920000000000
1 18742U          19297.70277778  .00000000  00000-0  00000-0 0 00000
2 18742 097.7480 083.977  0000000 000.0000 249.8470 15.01920000000000
1 18742U          19297.95416667  .00000000  00000-0  00000-0 0 00000
2 18742 097.7480 084.225  0000000 000.0000 167.3470 15.01920000000000
1 18742U          19298.30347222  .00000000  00000-0  00000-0 0 00000
2 18742 097.7480 084.570  0000000 000.0000 253.5980 15.01920000000000
1 18742U          19298.74513889  .00000000  00000-0  00000-0 0 00000
2 18742 097.7480 085.005  0000000 000.0000 118.5990 15.01920000000000
1 18742U          19298.98472222  .00000000  00000-0  00000-0 0 00000
2 18742 097.7480 085.241  0000000 000.0000 332.3490 15.01920000000000
1 18742U          19299.38472222  .00000000  00000-0  00000-0 0 00000
2 18742 097.7480 085.636  0000000 000.0000 332.3500 15.01920000000000
1 18742U          19299.58611111  .00000000  00000-0  00000-0 0 00000
2 18742 097.7480 085.834  0000000 000.0000 339.8510 15.01920000000000
1 18742U          19300.03888889  .00000000  00000-0  00000-0 0 00000
2 18742 097.7480 086.280  0000000 000.0000 264.8510 15.01920000000000
1 18742U          19300.40972222  .00000000  00000-0  00000-0 0 00000
2 18742 097.7480 086.646  0000000 000.0000 107.3520 15.01920000000000
1 18742U          19300.73263889  .00000000  00000-0  00000-0 0 00000
2 18742 097.7480 086.964  0000000 000.0000 051.1030 15.01920000000000
1 18742U          19301.03125000  .00000000  00000-0  00000-0 0 00000
2 18742 097.7480 087.259  0000000 000.0000 223.6030 15.01920000000000
1 18742U          19301.38194444  .00000000  00000-0  00000-0 0 00000
2 18742 097.7480 087.605  0000000 000.0000 317.3540 15.01920000000000
1 18742U          19301.66041667  .00000000  00000-0  00000-0 0 00000
2 18742 097.7480 087.879  0000000 000.0000 021.1050 15.01920000000000
1 18742U          19302.06250000  .00000000  00000-0  00000-0 0 00000
2 18742 097.7480 088.275  0000000 000.0000 032.3550 15.01920000000000
1 18742U          19302.39791667  .00000000  00000-0  00000-0 0 00000
2 18742 097.7480 088.606  0000000 000.0000 043.6060 15.01920000000000
1 18742U          19302.65486111  .00000000  00000-0  00000-0 0 00000
2 18742 097.7480 088.859  0000000 000.0000 351.1060 15.01920000000000
1 18742U          19302.92152778  .00000000  00000-0  00000-0 0 00000
2 18742 097.7480 089.122  0000000 000.0000 351.1070 15.01920000000000
1 18742U          19303.33819444  .00000000  00000-0  00000-0 0 00000
2 18742 097.7480 089.533  0000000 000.0000 081.1080 15.01920000000000
1 18742U          19303.68402778  .00000000  00000-0  00000-0 0 00000
2 18742 097.7480 089.874  0000000 000.0000 148.6080 15.01920000000000
1 18742U          19303.99930556  .00000000  00000-0  00000-0 0 00000
2 18742 097.7480 090.185  0000000 000.0000 051.1090 15.01920000000000
1 18742U          19304.25208333  .00000000  00000-0  00000-0 0 00000
2 18742 097.7480 090.434  0000000 000.0000 336.1100 15.01920000000000
1 18742U          19304.69097222  .00000000  00000-0  00000-0 0 00000
2 18742 097.7480 090.867  0000000 000.0000 186.1100 15.01920000000000
1 18742U          19304.98611111  .00000000  00000-0  00000-0 0 00000
2 18742 097.7480 091.158  0000000 000.0000 339.8610 15.01920000000000
1 18742U          19305.25416667  .00000000  00000-0  00000-0 0 00000
2 18742 097.7480 091.422  0000000 000.0000 347.3610 15.01920000000000
1 18742U          19305.64375000  .00000000  00000-0  00000-0 0 00000
2 18742 097.7480 091.806  0000000 000.0000 291.1120 15.01920000000000
1 18742U          19306.03333333  .00000000  00000-0  00000-0 0 00000
2 18742 097.7480 092.190  0000000 000.0000 234.8630 15.01920000000000
1 18742U          19306.33472222  .00000000  00000-0  00000-0 0 00000
2 18742 097.7480 092.487  0000000 000.0000 062.3640 15.01920000000000
1 18742U          19306.71041667  .00000000  00000-0  00000-0 0 00000
2 18742 097.7480 092.858  0000000 000.0000 291.1140 15.01920000000000
1 18742U          19307.00416667  .00000000  00000-0  00000-0 0 00000
2 18742 097.7480 093.147  0000000 000.0000 077.3650 15.01920000000000
1 18742U          19307.34722222  .00000000  00000-0  00000-0 0 00000
2 18742 097.7480 093.485  0000000 000.0000 129.8650 15.01920000000000
1 18742U          19307.74236111  .00000000  00000-0  00000-0 0 00000
2 18742 097.7480 093.875  0000000 000.0000 103.6160 15.01920000000000
1 18742U          19307.93333333  .00000000  00000-0  00000-0 0 00000
2 18742 097.7480 094.063  0000000 000.0000 054.8670 15.01920000000000
1 18742U          19308.33402778  .00000000  00000-0  00000-0 0 00000
2 18742 097.7480 094.458  0000000 000.0000 058.6170 15.01920000000000
1 18742U          19308.64652778  .00000000  00000-0  00000-0 0 00000
2 18742 097.7480 094.766  0000000 000.0000 306.1180 15.01920000000000
1 18742U          19308.99097222  .00000000  00000-0  00000-0 0 00000
2 18742 097.7480 095.106  0000000 000.0000 006.1190 15.01920000000000
1 18742U          19309.38611111  .00000000  00000-0  00000-0 0 00000
2 18742 097.7480 095.495  0000000 000.0000 339.8690 15.01920000000000
1 18742U          19309.68819444  .00000000  00000-0  00000-0 0 00000
2 18742 097.7480 095.793  0000000 000.0000 171.1200 15.01920000000000
1 18742U          19310.08263889  .00000000  00000-0  00000-0 0 00000
2 18742 097.7480 096.182  0000000 000.0000 141.1210 15.01920000000000
1 18742U          19310.37222222  .00000000  00000-0  00000-0 0 00000
2 18742 097.7480 096.468  0000000 000.0000 264.8710 15.01920000000000
1 18742U          19310.64236111  .00000000  00000-0  00000-0 0 00000
2 18742 097.7470 096.734  0000000 000.0000 283.6220 15.01920000000000
1 18742U          19311.04930556  .00000000  00000-0  00000-0 0 00000
2 18742 097.7470 097.135  0000000 000.0000 321.1220 15.01920000000000
1 18742U          19311.35763889  .00000000  00000-0  00000-0 0 00000
2 18742 097.7470 097.439  0000000 000.0000 186.1230 15.01920000000000
1 18742U          19311.62569444  .00000000  00000-0  00000-0 0 00000
2 18742 097.7470 097.703  0000000 000.0000 193.6240 15.01920000000000
1 18742U          19311.96736111  .00000000  00000-0  00000-0 0 00000
2 18742 097.7470 098.040  0000000 000.0000 238.6240 15.01914300000000
1 18742U          19312.28402778  .00000000  00000-0  00000-0 0 00000
2 18742 097.7470 098.352  0000000 000.0000 148.6250 15.01914300000000
1 18742U          19312.49583333  .00000000  00000-0  00000-0 0 00000
2 18742 097.7470 098.561  0000000 000.0000 212.3750 15.01914300000000
1 18742U          19312.91319444  .00000000  00000-0  00000-0 0 00000
2 18742 097.7470 098.973  0000000 000.0000 306.1260 15.01914300000000
1 18742U          19313.22013889  .00000000  00000-0  00000-0 0 00000
2 18742 097.7470 099.275  0000000 000.0000 163.6270 15.01914300000000
1 18742U          19313.52291667  .00000000  00000-0  00000-0 0 00000
2 18742 097.7470 099.574  0000000 000.0000 358.6270 15.01914300000000
1 18742U          19313.95694444  .00000000  00000-0  00000-0 0 00000
2 18742 097.7470 100.002  0000000 000.0000 182.3780 15.01914300000000
1 18742U          19314.18055556  .00000000  00000-0  00000-0 0 00000
2 18742 097.7460 100.222  0000000 000.0000 309.8780 15.01914300000000
1 18742U          19314.48333333  .00000000  00000-0  00000-0 0 00000
2 18742 097.7460 100.521  0000000 000.0000 144.8790 15.01914300000000
1 18742U          19314.81736111  .00000000  00000-0  00000-0 0 00000
2 18742 097.7460 100.850  0000000 000.0000 148.6300 15.01914300000000
1 18742U          19315.28055556  .00000000  00000-0  00000-0 0 00000
2 18742 097.7460 101.307  0000000 000.0000 129.8800 15.01914300000000
1 18742U          19315.53263889  .00000000  00000-0  00000-0 0 00000
2 18742 097.7460 101.555  0000000 000.0000 051.1310 15.01914300000000
1 18742U          19315.90902778  .00000000  00000-0  00000-0 0 00000
2 18742 097.7460 101.926  0000000 000.0000 283.6320 15.01914300000000
1 18742U          19316.18055556  .00000000  00000-0  00000-0 0 00000
2 18742 097.7460 102.194  0000000 000.0000 309.8820 15.01914300000000
1 18742U          19316.57708333  .00000000  00000-0  00000-0 0 00000
2 18742 097.7460 102.585  0000000 000.0000 291.1330 15.01914300000000
1 18742U          19316.85972222  .00000000  00000-0  00000-0 0 00000
2 18742 097.7450 102.863  0000000 000.0000 017.3830 15.01914300000000
1 18742U          19317.27500000  .00000000  00000-0  00000-0 0 00000
2 18742 097.7450 103.273  0000000 000.0000 099.8840 15.01914300000000
1 18742U          19317.50902778  .00000000  00000-0  00000-0 0 00000
2 18742 097.7450 103.504  0000000 000.0000 283.6350 15.01914300000000
1 18742U          19317.89097222  .00000000  00000-0  00000-0 0 00000
2 18742 097.7450 103.880  0000000 000.0000 186.1350 15.01914300000000
1 18742U          19318.19444444  .00000000  00000-0  00000-0 0 00000
2 18742 097.7450 104.179  0000000 000.0000 024.8860 15.01914300000000
1 18742U          19318.51805556  .00000000  00000-0  00000-0 0 00000
2 18742 097.7450 104.498  0000000 000.0000 332.3870 15.01914300000000
1 18742U          19318.89583333  .00000000  00000-0  00000-0 0 00000
2 18742 097.7440 104.871  0000000 000.0000 212.3870 15.01914300000000
1 18742U          19318.89583333  .00000000  00000-0  00000-0 0 00000
2 18742 097.7440 104.871  0000000 000.0000 212.3870 15.01914300000000
1 18742U          19319.15625000  .00000000  00000-0  00000-0 0 00000
2 18742 097.7440 105.127  0000000 000.0000 178.6380 15.01914300000000
1 18742U          19319.56805556  .00000000  00000-0  00000-0 0 00000
2 18742 097.7440 105.533  0000000 000.0000 242.3880 15.01914300000000
1 18742U          19319.89861111  .00000000  00000-0  00000-0 0 00000
2 18742 097.7440 105.859  0000000 000.0000 227.3890 15.01914300000000
1 18742U          19320.22638889  .00000000  00000-0  00000-0 0 00000
2 18742 097.7440 106.182  0000000 000.0000 197.3900 15.01914300000000
1 18742U          19320.61250000  .00000000  00000-0  00000-0 0 00000
2 18742 097.7440 106.563  0000000 000.0000 122.3900 15.01914300000000
1 18742U          19320.82152778  .00000000  00000-0  00000-0 0 00000
2 18742 097.7430 106.769  0000000 000.0000 171.1410 15.01914300000000
1 18742U          19321.16319444  .00000000  00000-0  00000-0 0 00000
2 18742 097.7430 107.106  0000000 000.0000 216.1410 15.01914300000000
1 18742U          19321.48402778  .00000000  00000-0  00000-0 0 00000
2 18742 097.7430 107.422  0000000 000.0000 148.6420 15.01914300000000
1 18742U          19321.94513889  .00000000  00000-0  00000-0 0 00000
2 18742 097.7430 107.877  0000000 000.0000 118.6430 15.01914300000000
1 18742U          19322.19513889  .00000000  00000-0  00000-0 0 00000
2 18742 097.7430 108.123  0000000 000.0000 028.6430 15.01914300000000
1 18742U          19322.59236111  .00000000  00000-0  00000-0 0 00000
2 18742 097.7420 108.515  0000000 000.0000 013.6440 15.01914300000000
1 18742U          19322.85833333  .00000000  00000-0  00000-0 0 00000
2 18742 097.7420 108.777  0000000 000.0000 009.8940 15.01914300000000
1 18742U          19323.24444444  .00000000  00000-0  00000-0 0 00000
2 18742 097.7420 109.158  0000000 000.0000 294.8950 15.01914300000000
1 18742U          19323.61666667  .00000000  00000-0  00000-0 0 00000
2 18742 097.7420 109.525  0000000 000.0000 144.8960 15.01914300000000
1 18742U          19323.84861111  .00000000  00000-0  00000-0 0 00000
2 18742 097.7420 109.753  0000000 000.0000 317.3960 15.01914300000000
1 18742U          19324.28750000  .00000000  00000-0  00000-0 0 00000
2 18742 097.7410 110.186  0000000 000.0000 167.3970 15.01914300000000
1 18742U          19324.50763889  .00000000  00000-0  00000-0 0 00000
2 18742 097.7410 110.403  0000000 000.0000 276.1470 15.01914300000000
1 18742U          19324.93958333  .00000000  00000-0  00000-0 0 00000
2 18742 097.7410 110.829  0000000 000.0000 088.6480 15.01914300000000
1 18742U          19325.22569444  .00000000  00000-0  00000-0 0 00000
2 18742 097.7410 111.111  0000000 000.0000 193.6490 15.01914300000000
1 18742U          19325.59236111  .00000000  00000-0  00000-0 0 00000
2 18742 097.7410 111.472  0000000 000.0000 013.6490 15.01914300000000
1 18742U          19325.89583333  .00000000  00000-0  00000-0 0 00000
2 18742 097.7400 111.772  0000000 000.0000 212.4000 15.01914300000000
1 18742U          19325.94652778  .00000000  00000-0  00000-0 0 00000
2 18742 097.7400 111.822  0000000 000.0000 126.1500 15.01914300000000
1 18742U          19326.29027778  .00000000  00000-0  00000-0 0 00000
2 18742 097.7400 112.160  0000000 000.0000 182.4010 15.01914300000000
1 18742U          19326.60833333  .00000000  00000-0  00000-0 0 00000
2 18742 097.7400 112.474  0000000 000.0000 099.9010 15.01914300000000
1 18742U          19326.89097222  .00000000  00000-0  00000-0 0 00000
2 18742 097.7400 112.753  0000000 000.0000 186.1520 15.01914300000000
1 18742U          19327.25833333  .00000000  00000-0  00000-0 0 00000
2 18742 097.7390 113.115  0000000 000.0000 009.9020 15.01914300000000
1 18742U          19327.64236111  .00000000  00000-0  00000-0 0 00000
2 18742 097.7390 113.493  0000000 000.0000 283.6530 15.01914300000000
1 18742U          19327.82361111  .00000000  00000-0  00000-0 0 00000
2 18742 097.7390 113.672  0000000 000.0000 182.4030 15.01914300000000
1 18742U          19328.18263889  .00000000  00000-0  00000-0 0 00000
2 18742 097.7390 114.026  0000000 000.0000 321.1540 15.01914300000000
1 18742U          19328.51319444  .00000000  00000-0  00000-0 0 00000
2 18742 097.7380 114.352  0000000 000.0000 306.1550 15.01914300000000
1 18742U          19328.91388889  .00000000  00000-0  00000-0 0 00000
2 18742 097.7380 114.747  0000000 000.0000 309.9050 15.01914300000000
1 18742U          19329.27500000  .00000000  00000-0  00000-0 0 00000
2 18742 097.7380 115.103  0000000 000.0000 099.9060 15.01914300000000
1 18742U          19329.48958333  .00000000  00000-0  00000-0 0 00000
2 18742 097.7380 115.314  0000000 000.0000 178.6560 15.01914300000000
1 18742U          19329.97083333  .00000000  00000-0  00000-0 0 00000
2 18742 097.7370 115.789  0000000 000.0000 257.4070 15.01914300000000
1 18742U          19330.28125000  .00000000  00000-0  00000-0 0 00000
2 18742 097.7370 116.095  0000000 000.0000 133.6580 15.01914300000000
1 18742U          19330.54375000  .00000000  00000-0  00000-0 0 00000
2 18742 097.7370 116.354  0000000 000.0000 111.1580 15.01914300000000
1 18742U          19330.84375000  .00000000  00000-0  00000-0 0 00000
2 18742 097.7360 116.649  0000000 000.0000 291.1590 15.01914300000000
1 18742U          19331.28194444  .00000000  00000-0  00000-0 0 00000
2 18742 097.7360 117.081  0000000 000.0000 137.4090 15.01914300000000
1 18742U          19331.54305556  .00000000  00000-0  00000-0 0 00000
2 18742 097.7360 117.339  0000000 000.0000 107.4100 15.01914300000000
1 18742U          19331.93125000  .00000000  00000-0  00000-0 0 00000
2 18742 097.7360 117.722  0000000 000.0000 043.6600 15.01914300000000
1 18742U          19332.27291667  .00000000  00000-0  00000-0 0 00000
2 18742 097.7350 118.058  0000000 000.0000 088.6610 15.01914300000000
1 18742U          19332.55902778  .00000000  00000-0  00000-0 0 00000
2 18742 097.7350 118.340  0000000 000.0000 193.6610 15.01914300000000
1 18742U          19332.87569444  .00000000  00000-0  00000-0 0 00000
2 18742 097.7350 118.653  0000000 000.0000 103.6620 15.01914300000000
