1 21061U          19282.03333333  .00000000  00000-0  00000-0 0 00000
2 21061 097.7410 68.5300 0000000 000.0000 090.8180 15.01920000000000
1 21061U          19282.29166667  .00000000  00000-0  00000-0 0 00000
2 21061 097.7410 68.7840 0000000 000.0000 045.8180 15.01920000000000
1 21061U          19282.72152778  .00000000  00000-0  00000-0 0 00000
2 21061 097.7410 69.2080 0000000 000.0000 207.0690 15.01920000000000
1 21061U          19283.02013889  .00000000  00000-0  00000-0 0 00000
2 21061 097.7420 69.5020 0000000 000.0000 019.5700 15.01920000000000
1 21061U          19283.31527778  .00000000  00000-0  00000-0 0 00000
2 21061 097.7420 69.7930 0000000 000.0000 173.3200 15.01920000000000
1 21061U          19283.72569444  .00000000  00000-0  00000-0 0 00000
2 21061 097.7420 70.1980 0000000 000.0000 229.5710 15.01920000000000
1 21061U          19283.92013889  .00000000  00000-0  00000-0 0 00000
2 21061 097.7420 70.3900 0000000 000.0000 199.5710 15.01920000000000
1 21061U          19284.40972222  .00000000  00000-0  00000-0 0 00000
2 21061 097.7430 70.8720 0000000 000.0000 323.3220 15.01920000000000
1 21061U          19284.61388889  .00000000  00000-0  00000-0 0 00000
2 21061 097.7430 71.0740 0000000 000.0000 345.8230 15.01920000000000
1 21061U          19284.92708333  .00000000  00000-0  00000-0 0 00000
2 21061 097.7430 71.3820 0000000 000.0000 237.0730 15.01920000000000
1 21061U          19285.37291667  .00000000  00000-0  00000-0 0 00000
2 21061 097.7430 71.8220 0000000 000.0000 124.5740 15.01920000000000
1 21061U          19285.61597222  .00000000  00000-0  00000-0 0 00000
2 21061 097.7430 72.0620 0000000 000.0000 357.0740 15.01920000000000
1 21061U          19285.91875000  .00000000  00000-0  00000-0 0 00000
2 21061 097.7430 72.3600 0000000 000.0000 192.0750 15.01920000000000
1 21061U          19286.28263889  .00000000  00000-0  00000-0 0 00000
2 21061 097.7440 72.7190 0000000 000.0000 357.0760 15.01920000000000
1 21061U          19286.59513889  .00000000  00000-0  00000-0 0 00000
2 21061 097.7440 73.0270 0000000 000.0000 244.5760 15.01920000000000
1 21061U          19287.01527778  .00000000  00000-0  00000-0 0 00000
2 21061 097.7440 73.4410 0000000 000.0000 353.3270 15.01920000000000
1 21061U          19287.39027778  .00000000  00000-0  00000-0 0 00000
2 21061 097.7440 73.8110 0000000 000.0000 218.3280 15.01920000000000
1 21061U          19287.64583333  .00000000  00000-0  00000-0 0 00000
2 21061 097.7440 74.0630 0000000 000.0000 158.3280 15.01920000000000
1 21061U          19288.02013889  .00000000  00000-0  00000-0 0 00000
2 21061 097.7440 74.4320 0000000 000.0000 019.5790 15.01920000000000
1 21061U          19288.29166667  .00000000  00000-0  00000-0 0 00000
2 21061 097.7450 74.6990 0000000 000.0000 045.8290 15.01920000000000
1 21061U          19288.72777778  .00000000  00000-0  00000-0 0 00000
2 21061 097.7450 75.1290 0000000 000.0000 240.8300 15.01920000000000
1 21061U          19289.06527778  .00000000  00000-0  00000-0 0 00000
2 21061 097.7450 75.4620 0000000 000.0000 263.3310 15.01920000000000
1 21061U          19289.34791667  .00000000  00000-0  00000-0 0 00000
2 21061 097.7450 75.7410 0000000 000.0000 349.5810 15.01920000000000
1 21061U          19289.70000000  .00000000  00000-0  00000-0 0 00000
2 21061 097.7450 76.0880 0000000 000.0000 090.8320 15.01920000000000
1 21061U          19289.99097222  .00000000  00000-0  00000-0 0 00000
2 21061 097.7450 76.3750 0000000 000.0000 222.0820 15.01920000000000
1 21061U          19290.25347222  .00000000  00000-0  00000-0 0 00000
2 21061 097.7450 76.6330 0000000 000.0000 199.5830 15.01920000000000
1 21061U          19290.64513889  .00000000  00000-0  00000-0 0 00000
2 21061 097.7460 77.0200 0000000 000.0000 154.5840 15.01920000000000
1 21061U          19290.91805556  .00000000  00000-0  00000-0 0 00000
2 21061 097.7460 77.2890 0000000 000.0000 188.3340 15.01920000000000
1 21061U          19291.27291667  .00000000  00000-0  00000-0 0 00000
2 21061 097.7460 77.6380 0000000 000.0000 304.5850 15.01920000000000
1 21061U          19291.71666667  .00000000  00000-0  00000-0 0 00000
2 21061 097.7460 78.0760 0000000 000.0000 180.8360 15.01920000000000
1 21061U          19291.95763889  .00000000  00000-0  00000-0 0 00000
2 21061 097.7460 78.3130 0000000 000.0000 042.0860 15.01920000000000
1 21061U          19292.32986111  .00000000  00000-0  00000-0 0 00000
2 21061 097.7460 78.6800 0000000 000.0000 252.0870 15.01920000000000
1 21061U          19292.59861111  .00000000  00000-0  00000-0 0 00000
2 21061 097.7460 78.9450 0000000 000.0000 263.3370 15.01920000000000
1 21061U          19293.03680556  .00000000  00000-0  00000-0 0 00000
2 21061 097.7470 79.3770 0000000 000.0000 109.5880 15.01920000000000
1 21061U          19293.26180556  .00000000  00000-0  00000-0 0 00000
2 21061 097.7470 79.5990 0000000 000.0000 244.5890 15.01920000000000
1 21061U          19293.65694444  .00000000  00000-0  00000-0 0 00000
2 21061 097.7470 79.9890 0000000 000.0000 218.3390 15.01920000000000
1 21061U          19294.05833333  .00000000  00000-0  00000-0 0 00000
2 21061 097.7470 80.3840 0000000 000.0000 225.8400 15.01920000000000
1 21061U          19294.26041667  .00000000  00000-0  00000-0 0 00000
2 21061 097.7470 80.5840 0000000 000.0000 237.0900 15.01920000000000
1 21061U          19294.59791667  .00000000  00000-0  00000-0 0 00000
2 21061 097.7470 80.9160 0000000 000.0000 259.5910 15.01920000000000
1 21061U          19294.92430556  .00000000  00000-0  00000-0 0 00000
2 21061 097.7470 81.2380 0000000 000.0000 222.0920 15.01920000000000
1 21061U          19295.35138889  .00000000  00000-0  00000-0 0 00000
2 21061 097.7470 81.6590 0000000 000.0000 008.3430 15.01920000000000
1 21061U          19295.68125000  .00000000  00000-0  00000-0 0 00000
2 21061 097.7470 81.9840 0000000 000.0000 349.5930 15.01920000000000
1 21061U          19295.99166667  .00000000  00000-0  00000-0 0 00000
2 21061 097.7470 82.2900 0000000 000.0000 225.8440 15.01920000000000
1 21061U          19296.31944444  .00000000  00000-0  00000-0 0 00000
2 21061 097.7470 82.6140 0000000 000.0000 195.8440 15.01920000000000
1 21061U          19296.67083333  .00000000  00000-0  00000-0 0 00000
2 21061 097.7480 82.9600 0000000 000.0000 293.3450 15.01920000000000
1 21061U          19297.01180556  .00000000  00000-0  00000-0 0 00000
2 21061 097.7480 83.2960 0000000 000.0000 334.5960 15.01920000000000
1 21061U          19297.40000000  .00000000  00000-0  00000-0 0 00000
2 21061 097.7480 83.6790 0000000 000.0000 270.8460 15.01920000000000
1 21061U          19297.63055556  .00000000  00000-0  00000-0 0 00000
2 21061 097.7480 83.9060 0000000 000.0000 075.8470 15.01920000000000
1 21061U          19298.06180556  .00000000  00000-0  00000-0 0 00000
2 21061 097.7480 84.3310 0000000 000.0000 244.5980 15.01920000000000
1 21061U          19298.28402778  .00000000  00000-0  00000-0 0 00000
2 21061 097.7480 84.5500 0000000 000.0000 004.5980 15.01920000000000
1 21061U          19298.73263889  .00000000  00000-0  00000-0 0 00000
2 21061 097.7480 84.9930 0000000 000.0000 267.0990 15.01920000000000
1 21061U          19299.03750000  .00000000  00000-0  00000-0 0 00000
2 21061 097.7480 85.2930 0000000 000.0000 113.3500 15.01920000000000
1 21061U          19299.38472222  .00000000  00000-0  00000-0 0 00000
2 21061 097.7480 85.6360 0000000 000.0000 188.3500 15.01920000000000
1 21061U          19299.70486111  .00000000  00000-0  00000-0 0 00000
2 21061 097.7480 85.9510 0000000 000.0000 117.1010 15.01920000000000
1 21061U          19300.07361111  .00000000  00000-0  00000-0 0 00000
2 21061 097.7480 86.3150 0000000 000.0000 308.3520 15.01920000000000
1 21061U          19300.34444444  .00000000  00000-0  00000-0 0 00000
2 21061 097.7480 86.5820 0000000 000.0000 330.8520 15.01920000000000
1 21061U          19300.58958333  .00000000  00000-0  00000-0 0 00000
2 21061 097.7480 86.8230 0000000 000.0000 214.6030 15.01920000000000
1 21061U          19301.04375000  .00000000  00000-0  00000-0 0 00000
2 21061 097.7480 87.2710 0000000 000.0000 147.1030 15.01920000000000
1 21061U          19301.26736111  .00000000  00000-0  00000-0 0 00000
2 21061 097.7480 87.4920 0000000 000.0000 274.6040 15.01920000000000
1 21061U          19301.69930556  .00000000  00000-0  00000-0 0 00000
2 21061 097.7480 87.9170 0000000 000.0000 087.1050 15.01920000000000
1 21061U          19301.94930556  .00000000  00000-0  00000-0 0 00000
2 21061 097.7480 88.1640 0000000 000.0000 357.1050 15.01920000000000
1 21061U          19302.26597222  .00000000  00000-0  00000-0 0 00000
2 21061 097.7480 88.4760 0000000 000.0000 267.1060 15.01920000000000
1 21061U          19302.63402778  .00000000  00000-0  00000-0 0 00000
2 21061 097.7480 88.8390 0000000 000.0000 094.6060 15.01920000000000
1 21061U          19302.96736111  .00000000  00000-0  00000-0 0 00000
2 21061 097.7480 89.1680 0000000 000.0000 094.6070 15.01920000000000
1 21061U          19303.39236111  .00000000  00000-0  00000-0 0 00000
2 21061 097.7480 89.5860 0000000 000.0000 229.6080 15.01920000000000
1 21061U          19303.74305556  .00000000  00000-0  00000-0 0 00000
2 21061 097.7480 89.9320 0000000 000.0000 323.3590 15.01920000000000
1 21061U          19303.93472222  .00000000  00000-0  00000-0 0 00000
2 21061 097.7480 90.1210 0000000 000.0000 278.3590 15.01920000000000
1 21061U          19304.28750000  .00000000  00000-0  00000-0 0 00000
2 21061 097.7480 90.4690 0000000 000.0000 023.3600 15.01920000000000
1 21061U          19304.74652778  .00000000  00000-0  00000-0 0 00000
2 21061 097.7480 90.9220 0000000 000.0000 342.1100 15.01920000000000
1 21061U          19304.95694444  .00000000  00000-0  00000-0 0 00000
2 21061 097.7480 91.1290 0000000 000.0000 038.3610 15.01920000000000
1 21061U          19305.39583333  .00000000  00000-0  00000-0 0 00000
2 21061 097.7480 91.5620 0000000 000.0000 248.3620 15.01920000000000
1 21061U          19305.73958333  .00000000  00000-0  00000-0 0 00000
2 21061 097.7480 91.9010 0000000 000.0000 304.6120 15.01920000000000
1 21061U          19306.02916667  .00000000  00000-0  00000-0 0 00000
2 21061 097.7480 92.1860 0000000 000.0000 068.3630 15.01920000000000
1 21061U          19306.32152778  .00000000  00000-0  00000-0 0 00000
2 21061 097.7480 92.4740 0000000 000.0000 207.1130 15.01920000000000
1 21061U          19306.72152778  .00000000  00000-0  00000-0 0 00000
2 21061 097.7480 92.8690 0000000 000.0000 207.1140 15.01920000000000
1 21061U          19307.02986111  .00000000  00000-0  00000-0 0 00000
2 21061 097.7480 93.1730 0000000 000.0000 072.1150 15.01920000000000
1 21061U          19307.37013889  .00000000  00000-0  00000-0 0 00000
2 21061 097.7480 93.5080 0000000 000.0000 109.6150 15.01920000000000
1 21061U          19307.65694444  .00000000  00000-0  00000-0 0 00000
2 21061 097.7480 93.7910 0000000 000.0000 218.3660 15.01920000000000
1 21061U          19307.92777778  .00000000  00000-0  00000-0 0 00000
2 21061 097.7480 94.0580 0000000 000.0000 240.8670 15.01920000000000
1 21061U          19308.26388889  .00000000  00000-0  00000-0 0 00000
2 21061 097.7480 94.3890 0000000 000.0000 255.8670 15.01920000000000
1 21061U          19308.62152778  .00000000  00000-0  00000-0 0 00000
2 21061 097.7480 94.7420 0000000 000.0000 027.1180 15.01920000000000
1 21061U          19309.00833333  .00000000  00000-0  00000-0 0 00000
2 21061 097.7480 95.1230 0000000 000.0000 315.8690 15.01920000000000
1 21061U          19309.35000000  .00000000  00000-0  00000-0 0 00000
2 21061 097.7480 95.4600 0000000 000.0000 000.8690 15.01920000000000
1 21061U          19309.61944444  .00000000  00000-0  00000-0 0 00000
2 21061 097.7480 95.7260 0000000 000.0000 015.8700 15.01920000000000
1 21061U          19309.98958333  .00000000  00000-0  00000-0 0 00000
2 21061 097.7480 96.0900 0000000 000.0000 214.6200 15.01920000000000
1 21061U          19310.38125000  .00000000  00000-0  00000-0 0 00000
2 21061 097.7480 96.4770 0000000 000.0000 169.6210 15.01920000000000
1 21061U          19310.74097222  .00000000  00000-0  00000-0 0 00000
2 21061 097.7470 96.8310 0000000 000.0000 312.1220 15.01920000000000
1 21061U          19310.99722222  .00000000  00000-0  00000-0 0 00000
2 21061 097.7470 97.0840 0000000 000.0000 255.8720 15.01920000000000
1 21061U          19311.27222222  .00000000  00000-0  00000-0 0 00000
2 21061 097.7470 97.3550 0000000 000.0000 300.8730 15.01920000000000
1 21061U          19311.69652778  .00000000  00000-0  00000-0 0 00000
2 21061 097.7470 97.7730 0000000 000.0000 072.1240 15.01920000000000
1 21061U          19311.91597222  .00000000  00000-0  00000-0 0 00000
2 21061 097.7470 97.9900 0000000 000.0000 177.1240 15.01914300000000
1 21061U          19312.21180556  .00000000  00000-0  00000-0 0 00000
2 21061 097.7470 98.2810 0000000 000.0000 334.6250 15.01914300000000
1 21061U          19312.58611111  .00000000  00000-0  00000-0 0 00000
2 21061 097.7470 98.6500 0000000 000.0000 195.8750 15.01914300000000
1 21061U          19312.83958333  .00000000  00000-0  00000-0 0 00000
2 21061 097.7470 98.9000 0000000 000.0000 124.6260 15.01914300000000
1 21061U          19313.21458333  .00000000  00000-0  00000-0 0 00000
2 21061 097.7470 99.2700 0000000 000.0000 349.6270 15.01914300000000
1 21061U          19313.60208333  .00000000  00000-0  00000-0 0 00000
2 21061 097.7470 99.6520 0000000 000.0000 282.1270 15.01914300000000
1 21061U          19313.83541667  .00000000  00000-0  00000-0 0 00000
2 21061 097.7470 99.8820 0000000 000.0000 102.1280 15.01914300000000
1 21061U          19314.28194444  .00000000  00000-0  00000-0 0 00000
2 21061 097.7460 100.3220 0000000 000.0000 353.3790 15.01914300000000
1 21061U          19314.63125000  .00000000  00000-0  00000-0 0 00000
2 21061 097.7460 100.6660 0000000 000.0000 079.6290 15.01914300000000
1 21061U          19314.84652778  .00000000  00000-0  00000-0 0 00000
2 21061 097.7460 100.8790 0000000 000.0000 162.1300 15.01914300000000
1 21061U          19315.24166667  .00000000  00000-0  00000-0 0 00000
2 21061 097.7460 101.2680 0000000 000.0000 135.8800 15.01914300000000
1 21061U          19315.52777778  .00000000  00000-0  00000-0 0 00000
2 21061 097.7460 101.5500 0000000 000.0000 240.8810 15.01914300000000
1 21061U          19315.84861111  .00000000  00000-0  00000-0 0 00000
2 21061 097.7460 101.8670 0000000 000.0000 173.3820 15.01914300000000
1 21061U          19316.25347222  .00000000  00000-0  00000-0 0 00000
2 21061 097.7460 102.2660 0000000 000.0000 199.6320 15.01914300000000
1 21061U          19316.63402778  .00000000  00000-0  00000-0 0 00000
2 21061 097.7460 102.6410 0000000 000.0000 094.6330 15.01914300000000
1 21061U          19316.94444444  .00000000  00000-0  00000-0 0 00000
2 21061 097.7450 102.9470 0000000 000.0000 330.8840 15.01914300000000
1 21061U          19317.16666667  .00000000  00000-0  00000-0 0 00000
2 21061 097.7450 103.1660 0000000 000.0000 090.8840 15.01914300000000
1 21061U          19317.59513889  .00000000  00000-0  00000-0 0 00000
2 21061 097.7450 103.5880 0000000 000.0000 244.6350 15.01914300000000
1 21061U          19317.83541667  .00000000  00000-0  00000-0 0 00000
2 21061 097.7450 103.8250 0000000 000.0000 102.1350 15.01914300000000
1 21061U          19318.23125000  .00000000  00000-0  00000-0 0 00000
2 21061 097.7450 104.2160 0000000 000.0000 079.6360 15.01914300000000
1 21061U          19318.51875000  .00000000  00000-0  00000-0 0 00000
2 21061 097.7450 104.4990 0000000 000.0000 192.1370 15.01914300000000
1 21061U          19318.81458333  .00000000  00000-0  00000-0 0 00000
2 21061 097.7450 104.7910 0000000 000.0000 349.6370 15.01914300000000
1 21061U          19318.89583333  .00000000  00000-0  00000-0 0 00000
2 21061 097.7440 104.8710 0000000 000.0000 068.3870 15.01914300000000
1 21061U          19319.20486111  .00000000  00000-0  00000-0 0 00000
2 21061 097.7440 105.1750 0000000 000.0000 297.1380 15.01914300000000
1 21061U          19319.49305556  .00000000  00000-0  00000-0 0 00000
2 21061 097.7440 105.4590 0000000 000.0000 053.3880 15.01914300000000
1 21061U          19319.86736111  .00000000  00000-0  00000-0 0 00000
2 21061 097.7440 105.8280 0000000 000.0000 274.6390 15.01914300000000
1 21061U          19320.29861111  .00000000  00000-0  00000-0 0 00000
2 21061 097.7440 106.2540 0000000 000.0000 083.3900 15.01914300000000
1 21061U          19320.49097222  .00000000  00000-0  00000-0 0 00000
2 21061 097.7440 106.4430 0000000 000.0000 042.1400 15.01914300000000
1 21061U          19320.82916667  .00000000  00000-0  00000-0 0 00000
2 21061 097.7430 106.7770 0000000 000.0000 068.3910 15.01914300000000
1 21061U          19321.14930556  .00000000  00000-0  00000-0 0 00000
2 21061 097.7430 107.0920 0000000 000.0000 357.1410 15.01914300000000
1 21061U          19321.62500000  .00000000  00000-0  00000-0 0 00000
2 21061 097.7430 107.5610 0000000 000.0000 045.8920 15.01914300000000
1 21061U          19321.88055556  .00000000  00000-0  00000-0 0 00000
2 21061 097.7430 107.8130 0000000 000.0000 345.8930 15.01914300000000
1 21061U          19322.23541667  .00000000  00000-0  00000-0 0 00000
2 21061 097.7430 108.1630 0000000 000.0000 102.1430 15.01914300000000
1 21061U          19322.51111111  .00000000  00000-0  00000-0 0 00000
2 21061 097.7430 108.4350 0000000 000.0000 150.8940 15.01914300000000
1 21061U          19322.87777778  .00000000  00000-0  00000-0 0 00000
2 21061 097.7420 108.7960 0000000 000.0000 330.8950 15.01914300000000
1 21061U          19323.18888889  .00000000  00000-0  00000-0 0 00000
2 21061 097.7420 109.1030 0000000 000.0000 210.8950 15.01914300000000
1 21061U          19323.60972222  .00000000  00000-0  00000-0 0 00000
2 21061 097.7420 109.5180 0000000 000.0000 323.3960 15.01914300000000
1 21061U          19323.89583333  .00000000  00000-0  00000-0 0 00000
2 21061 097.7420 109.8000 0000000 000.0000 068.3960 15.01914300000000
1 21061U          19324.16805556  .00000000  00000-0  00000-0 0 00000
2 21061 097.7410 110.0680 0000000 000.0000 098.3970 15.01914300000000
1 21061U          19324.48194444  .00000000  00000-0  00000-0 0 00000
2 21061 097.7410 110.3780 0000000 000.0000 353.3970 15.01914300000000
1 21061U          19324.95138889  .00000000  00000-0  00000-0 0 00000
2 21061 097.7410 110.8410 0000000 000.0000 008.3980 15.01914300000000
1 21061U          19325.26041667  .00000000  00000-0  00000-0 0 00000
2 21061 097.7410 111.1450 0000000 000.0000 237.1490 15.01914300000000
1 21061U          19325.51458333  .00000000  00000-0  00000-0 0 00000
2 21061 097.7410 111.3960 0000000 000.0000 169.6490 15.01914300000000
1 21061U          19325.89583333  .00000000  00000-0  00000-0 0 00000
2 21061 097.7400 111.7720 0000000 000.0000 068.4000 15.01914300000000
1 21061U          19325.89583333  .00000000  00000-0  00000-0 0 00000
2 21061 097.7400 111.7720 0000000 000.0000 068.4000 15.01914300000000
1 21061U          19326.16805556  .00000000  00000-0  00000-0 0 00000
2 21061 097.7400 112.0400 0000000 000.0000 098.4000 15.01914300000000
1 21061U          19326.60416667  .00000000  00000-0  00000-0 0 00000
2 21061 097.7400 112.4700 0000000 000.0000 293.4010 15.01914300000000
1 21061U          19326.82013889  .00000000  00000-0  00000-0 0 00000
2 21061 097.7400 112.6830 0000000 000.0000 019.6520 15.01914300000000
1 21061U          19327.16875000  .00000000  00000-0  00000-0 0 00000
2 21061 097.7390 113.0270 0000000 000.0000 102.1520 15.01914300000000
1 21061U          19327.50277778  .00000000  00000-0  00000-0 0 00000
2 21061 097.7390 113.3560 0000000 000.0000 105.9030 15.01914300000000
1 21061U          19327.85833333  .00000000  00000-0  00000-0 0 00000
2 21061 097.7390 113.7060 0000000 000.0000 225.9030 15.01914300000000
1 21061U          19328.23888889  .00000000  00000-0  00000-0 0 00000
2 21061 097.7390 114.0820 0000000 000.0000 120.9040 15.01914300000000
1 21061U          19328.48611111  .00000000  00000-0  00000-0 0 00000
2 21061 097.7380 114.3250 0000000 000.0000 015.9040 15.01914300000000
1 21061U          19328.95000000  .00000000  00000-0  00000-0 0 00000
2 21061 097.7380 114.7830 0000000 000.0000 000.9050 15.01914300000000
1 21061U          19329.22916667  .00000000  00000-0  00000-0 0 00000
2 21061 097.7380 115.0580 0000000 000.0000 068.4060 15.01914300000000
1 21061U          19329.59166667  .00000000  00000-0  00000-0 0 00000
2 21061 097.7380 115.4150 0000000 000.0000 225.9060 15.01914300000000
1 21061U          19329.82083333  .00000000  00000-0  00000-0 0 00000
2 21061 097.7370 115.6410 0000000 000.0000 023.4070 15.01914300000000
1 21061U          19330.20069444  .00000000  00000-0  00000-0 0 00000
2 21061 097.7370 116.0160 0000000 000.0000 274.6570 15.01914300000000
1 21061U          19330.53402778  .00000000  00000-0  00000-0 0 00000
2 21061 097.7370 116.3440 0000000 000.0000 274.6580 15.01914300000000
1 21061U          19330.95208333  .00000000  00000-0  00000-0 0 00000
2 21061 097.7360 116.7560 0000000 000.0000 012.1590 15.01914300000000
1 21061U          19331.15763889  .00000000  00000-0  00000-0 0 00000
2 21061 097.7360 116.9590 0000000 000.0000 042.1590 15.01914300000000
1 21061U          19331.59027778  .00000000  00000-0  00000-0 0 00000
2 21061 097.7360 117.3850 0000000 000.0000 218.4100 15.01914300000000
1 21061U          19331.90694444  .00000000  00000-0  00000-0 0 00000
2 21061 097.7360 117.6980 0000000 000.0000 128.4100 15.01914300000000
1 21061U          19332.19513889  .00000000  00000-0  00000-0 0 00000
2 21061 097.7350 117.9820 0000000 000.0000 244.6610 15.01914300000000
1 21061U          19332.60208333  .00000000  00000-0  00000-0 0 00000
2 21061 097.7350 118.3830 0000000 000.0000 282.1620 15.01914300000000
1 21061U          19332.81805556  .00000000  00000-0  00000-0 0 00000
2 21061 097.7350 118.5960 0000000 000.0000 008.4120 15.01914300000000
