1 24468U          19281.93402778  .00000000  00000-0  00000-0 0 00000
2 24468 097.7340 119.873  0000000 000.0000 257.5190 15.01920000000000
1 24468U          19282.25486111  .00000000  00000-0  00000-0 0 00000
2 24468 097.7330 120.189  0000000 000.0000 190.0200 15.01920000000000
1 24468U          19282.71388889  .00000000  00000-0  00000-0 0 00000
2 24468 097.7330 120.642  0000000 000.0000 148.7710 15.01920000000000
1 24468U          19282.95902778  .00000000  00000-0  00000-0 0 00000
2 24468 097.7330 120.883  0000000 000.0000 032.5210 15.01920000000000
1 24468U          19283.41111111  .00000000  00000-0  00000-0 0 00000
2 24468 097.7320 121.329  0000000 000.0000 313.7720 15.01920000000000
1 24468U          19283.70625000  .00000000  00000-0  00000-0 0 00000
2 24468 097.7320 121.620  0000000 000.0000 107.5220 15.01920000000000
1 24468U          19283.95972222  .00000000  00000-0  00000-0 0 00000
2 24468 097.7320 121.870  0000000 000.0000 036.2730 15.01920000000000
1 24468U          19284.39097222  .00000000  00000-0  00000-0 0 00000
2 24468 097.7310 122.295  0000000 000.0000 205.0230 15.01920000000000
1 24468U          19284.70416667  .00000000  00000-0  00000-0 0 00000
2 24468 097.7310 122.604  0000000 000.0000 096.2740 15.01920000000000
1 24468U          19285.05972222  .00000000  00000-0  00000-0 0 00000
2 24468 097.7310 122.954  0000000 000.0000 216.2740 15.01920000000000
1 24468U          19285.32430556  .00000000  00000-0  00000-0 0 00000
2 24468 097.7300 123.215  0000000 000.0000 205.0250 15.01920000000000
1 24468U          19285.62777778  .00000000  00000-0  00000-0 0 00000
2 24468 097.7300 123.514  0000000 000.0000 043.7750 15.01920000000000
1 24468U          19286.07638889  .00000000  00000-0  00000-0 0 00000
2 24468 097.7290 123.957  0000000 000.0000 306.2760 15.01920000000000
1 24468U          19286.35972222  .00000000  00000-0  00000-0 0 00000
2 24468 097.7290 124.236  0000000 000.0000 036.2760 15.01920000000000
1 24468U          19286.74791667  .00000000  00000-0  00000-0 0 00000
2 24468 097.7290 124.619  0000000 000.0000 332.5270 15.01920000000000
1 24468U          19287.05347222  .00000000  00000-0  00000-0 0 00000
2 24468 097.7280 124.920  0000000 000.0000 182.5270 15.01920000000000
1 24468U          19287.31041667  .00000000  00000-0  00000-0 0 00000
2 24468 097.7280 125.173  0000000 000.0000 130.0280 15.01920000000000
1 24468U          19287.60000000  .00000000  00000-0  00000-0 0 00000
2 24468 097.7280 125.459  0000000 000.0000 253.7780 15.01920000000000
1 24468U          19287.92777778  .00000000  00000-0  00000-0 0 00000
2 24468 097.7270 125.782  0000000 000.0000 223.7790 15.01920000000000
1 24468U          19288.29722222  .00000000  00000-0  00000-0 0 00000
2 24468 097.7270 126.146  0000000 000.0000 058.7790 15.01920000000000
1 24468U          19288.63055556  .00000000  00000-0  00000-0 0 00000
2 24468 097.7270 126.474  0000000 000.0000 058.7800 15.01920000000000
1 24468U          19289.05763889  .00000000  00000-0  00000-0 0 00000
2 24468 097.7260 126.895  0000000 000.0000 205.0310 15.01920000000000
1 24468U          19289.29583333  .00000000  00000-0  00000-0 0 00000
2 24468 097.7260 127.130  0000000 000.0000 051.2810 15.01920000000000
1 24468U          19289.66597222  .00000000  00000-0  00000-0 0 00000
2 24468 097.7260 127.495  0000000 000.0000 250.0320 15.01920000000000
1 24468U          19289.92361111  .00000000  00000-0  00000-0 0 00000
2 24468 097.7250 127.749  0000000 000.0000 201.2820 15.01920000000000
1 24468U          19290.40277778  .00000000  00000-0  00000-0 0 00000
2 24468 097.7250 128.222  0000000 000.0000 268.7830 15.01920000000000
1 24468U          19290.74791667  .00000000  00000-0  00000-0 0 00000
2 24468 097.7240 128.562  0000000 000.0000 332.5330 15.01920000000000
1 24468U          19290.94305556  .00000000  00000-0  00000-0 0 00000
2 24468 097.7240 128.754  0000000 000.0000 306.2830 15.01920000000000
1 24468U          19291.35208333  .00000000  00000-0  00000-0 0 00000
2 24468 097.7240 129.157  0000000 000.0000 355.0340 15.01920000000000
1 24468U          19291.73402778  .00000000  00000-0  00000-0 0 00000
2 24468 097.7230 129.534  0000000 000.0000 257.5350 15.01920000000000
1 24468U          19291.94652778  .00000000  00000-0  00000-0 0 00000
2 24468 097.7230 129.743  0000000 000.0000 325.0350 15.01920000000000
1 24468U          19292.37708333  .00000000  00000-0  00000-0 0 00000
2 24468 097.7220 130.168  0000000 000.0000 130.0360 15.01920000000000
1 24468U          19292.61805556  .00000000  00000-0  00000-0 0 00000
2 24468 097.7220 130.405  0000000 000.0000 351.2860 15.01920000000000
1 24468U          19293.03263889  .00000000  00000-0  00000-0 0 00000
2 24468 097.7220 130.814  0000000 000.0000 070.0370 15.01920000000000
1 24468U          19293.31458333  .00000000  00000-0  00000-0 0 00000
2 24468 097.7210 131.092  0000000 000.0000 152.5370 15.01920000000000
1 24468U          19293.68263889  .00000000  00000-0  00000-0 0 00000
2 24468 097.7210 131.455  0000000 000.0000 340.0370 15.01920000000000
1 24468U          19294.06041667  .00000000  00000-0  00000-0 0 00000
2 24468 097.7200 131.827  0000000 000.0000 220.0380 15.01920000000000
1 24468U          19294.40694444  .00000000  00000-0  00000-0 0 00000
2 24468 097.7200 132.169  0000000 000.0000 291.2890 15.01920000000000
1 24468U          19294.58958333  .00000000  00000-0  00000-0 0 00000
2 24468 097.7200 132.349  0000000 000.0000 197.5390 15.01920000000000
1 24468U          19294.93611111  .00000000  00000-0  00000-0 0 00000
2 24468 097.7190 132.690  0000000 000.0000 268.7890 15.01920000000000
1 24468U          19295.40069444  .00000000  00000-0  00000-0 0 00000
2 24468 097.7190 133.148  0000000 000.0000 257.5400 15.01920000000000
1 24468U          19295.68194444  .00000000  00000-0  00000-0 0 00000
2 24468 097.7180 133.426  0000000 000.0000 336.2900 15.01920000000000
1 24468U          19295.99930556  .00000000  00000-0  00000-0 0 00000
2 24468 097.7180 133.739  0000000 000.0000 250.0410 15.01920000000000
1 24468U          19296.29236111  .00000000  00000-0  00000-0 0 00000
2 24468 097.7170 134.027  0000000 000.0000 032.5410 15.01920000000000
1 24468U          19296.74444444  .00000000  00000-0  00000-0 0 00000
2 24468 097.7170 134.473  0000000 000.0000 313.7920 15.01920000000000
1 24468U          19296.98819444  .00000000  00000-0  00000-0 0 00000
2 24468 097.7170 134.713  0000000 000.0000 190.0420 15.01920000000000
1 24468U          19297.33125000  .00000000  00000-0  00000-0 0 00000
2 24468 097.7160 135.052  0000000 000.0000 242.5430 15.01920000000000
1 24468U          19297.69305556  .00000000  00000-0  00000-0 0 00000
2 24468 097.7160 135.408  0000000 000.0000 036.2930 15.01920000000000
1 24468U          19298.02777778  .00000000  00000-0  00000-0 0 00000
2 24468 097.7150 135.738  0000000 000.0000 043.7940 15.01920000000000
1 24468U          19298.31458333  .00000000  00000-0  00000-0 0 00000
2 24468 097.7150 136.021  0000000 000.0000 152.5440 15.01920000000000
1 24468U          19298.65625000  .00000000  00000-0  00000-0 0 00000
2 24468 097.7140 136.358  0000000 000.0000 197.5440 15.01920000000000
1 24468U          19299.07222222  .00000000  00000-0  00000-0 0 00000
2 24468 097.7140 136.768  0000000 000.0000 283.7950 15.01920000000000
1 24468U          19299.38888889  .00000000  00000-0  00000-0 0 00000
2 24468 097.7130 137.080  0000000 000.0000 193.7950 15.01920000000000
1 24468U          19299.59861111  .00000000  00000-0  00000-0 0 00000
2 24468 097.7130 137.287  0000000 000.0000 246.2960 15.01920000000000
1 24468U          19299.95277778  .00000000  00000-0  00000-0 0 00000
2 24468 097.7130 137.636  0000000 000.0000 358.7960 15.01920000000000
1 24468U          19300.33611111  .00000000  00000-0  00000-0 0 00000
2 24468 097.7120 138.014  0000000 000.0000 268.7970 15.01920000000000
1 24468U          19300.66180556  .00000000  00000-0  00000-0 0 00000
2 24468 097.7120 138.335  0000000 000.0000 227.5470 15.01920000000000
1 24468U          19301.06736111  .00000000  00000-0  00000-0 0 00000
2 24468 097.7110 138.735  0000000 000.0000 257.5470 15.01920000000000
1 24468U          19301.29236111  .00000000  00000-0  00000-0 0 00000
2 24468 097.7110 138.956  0000000 000.0000 032.5480 15.01920000000000
1 24468U          19301.65208333  .00000000  00000-0  00000-0 0 00000
2 24468 097.7100 139.311  0000000 000.0000 175.0480 15.01920000000000
1 24468U          19301.99305556  .00000000  00000-0  00000-0 0 00000
2 24468 097.7100 139.647  0000000 000.0000 216.2990 15.01920000000000
1 24468U          19302.34305556  .00000000  00000-0  00000-0 0 00000
2 24468 097.7090 139.992  0000000 000.0000 306.2990 15.01920000000000
1 24468U          19302.63125000  .00000000  00000-0  00000-0 0 00000
2 24468 097.7090 140.276  0000000 000.0000 062.5490 15.01920000000000
1 24468U          19302.92569444  .00000000  00000-0  00000-0 0 00000
2 24468 097.7080 140.566  0000000 000.0000 212.5500 15.01920000000000
1 24468U          19303.37986111  .00000000  00000-0  00000-0 0 00000
2 24468 097.7080 141.014  0000000 000.0000 145.0500 15.01920000000000
1 24468U          19303.73750000  .00000000  00000-0  00000-0 0 00000
2 24468 097.7070 141.367  0000000 000.0000 276.3010 15.01920000000000
1 24468U          19304.04027778  .00000000  00000-0  00000-0 0 00000
2 24468 097.7070 141.665  0000000 000.0000 111.3010 15.01920000000000
1 24468U          19304.37152778  .00000000  00000-0  00000-0 0 00000
2 24468 097.7060 141.992  0000000 000.0000 100.0520 15.01920000000000
1 24468U          19304.61527778  .00000000  00000-0  00000-0 0 00000
2 24468 097.7060 142.232  0000000 000.0000 336.3020 15.01920000000000
1 24468U          19304.97083333  .00000000  00000-0  00000-0 0 00000
2 24468 097.7050 142.582  0000000 000.0000 096.3020 15.01920000000000
1 24468U          19305.38541667  .00000000  00000-0  00000-0 0 00000
2 24468 097.7050 142.991  0000000 000.0000 175.0530 15.01920000000000
1 24468U          19305.58402778  .00000000  00000-0  00000-0 0 00000
2 24468 097.7040 143.187  0000000 000.0000 167.5530 15.01920000000000
1 24468U          19305.97569444  .00000000  00000-0  00000-0 0 00000
2 24468 097.7040 143.573  0000000 000.0000 122.5530 15.01920000000000
1 24468U          19306.36041667  .00000000  00000-0  00000-0 0 00000
2 24468 097.7030 143.952  0000000 000.0000 040.0540 15.01920000000000
1 24468U          19306.59722222  .00000000  00000-0  00000-0 0 00000
2 24468 097.7030 144.186  0000000 000.0000 238.8040 15.01920000000000
1 24468U          19307.07847222  .00000000  00000-0  00000-0 0 00000
2 24468 097.7020 144.660  0000000 000.0000 317.5550 15.01920000000000
1 24468U          19307.34652778  .00000000  00000-0  00000-0 0 00000
2 24468 097.7020 144.924  0000000 000.0000 325.0550 15.01920000000000
1 24468U          19307.66319444  .00000000  00000-0  00000-0 0 00000
2 24468 097.7010 145.236  0000000 000.0000 235.0550 15.01920000000000
1 24468U          19308.04375000  .00000000  00000-0  00000-0 0 00000
2 24468 097.7010 145.612  0000000 000.0000 130.0560 15.01920000000000
1 24468U          19308.38194444  .00000000  00000-0  00000-0 0 00000
2 24468 097.7000 145.945  0000000 000.0000 156.3060 15.01920000000000
1 24468U          19308.74513889  .00000000  00000-0  00000-0 0 00000
2 24468 097.7000 146.303  0000000 000.0000 317.5560 15.01920000000000
1 24468U          19309.01527778  .00000000  00000-0  00000-0 0 00000
2 24468 097.6990 146.569  0000000 000.0000 336.3070 15.01920000000000
1 24468U          19309.29097222  .00000000  00000-0  00000-0 0 00000
2 24468 097.6990 146.841  0000000 000.0000 025.0570 15.01920000000000
1 24468U          19309.63680556  .00000000  00000-0  00000-0 0 00000
2 24468 097.6980 147.182  0000000 000.0000 092.5570 15.01920000000000
1 24468U          19310.00833333  .00000000  00000-0  00000-0 0 00000
2 24468 097.6980 147.548  0000000 000.0000 298.8080 15.01920000000000
1 24468U          19310.40138889  .00000000  00000-0  00000-0 0 00000
2 24468 097.6970 147.936  0000000 000.0000 261.3080 15.01920000000000
1 24468U          19310.68472222  .00000000  00000-0  00000-0 0 00000
2 24468 097.6970 148.215  0000000 000.0000 351.3080 15.01920000000000
1 24468U          19311.02847222  .00000000  00000-0  00000-0 0 00000
2 24468 097.6960 148.554  0000000 000.0000 047.5590 15.01920000000000
1 24468U          19311.41111111  .00000000  00000-0  00000-0 0 00000
2 24468 097.6950 148.931  0000000 000.0000 313.8090 15.01920000000000
1 24468U          19311.64236111  .00000000  00000-0  00000-0 0 00000
2 24468 097.6950 149.159  0000000 000.0000 122.5590 15.01920000000000
1 24468U          19311.89583333  .00000000  00000-0  00000-0 0 00000
2 24468 097.6950 149.409  0000000 000.0000 051.3100 15.01914300000000
1 24468U          19312.25347222  .00000000  00000-0  00000-0 0 00000
2 24468 097.6940 149.761  0000000 000.0000 182.5600 15.01914300000000
1 24468U          19312.62708333  .00000000  00000-0  00000-0 0 00000
2 24468 097.6930 150.130  0000000 000.0000 040.0600 15.01914300000000
1 24468U          19312.86805556  .00000000  00000-0  00000-0 0 00000
2 24468 097.6930 150.367  0000000 000.0000 261.3110 15.01914300000000
1 24468U          19313.24583333  .00000000  00000-0  00000-0 0 00000
2 24468 097.6920 150.739  0000000 000.0000 141.3110 15.01914300000000
1 24468U          19313.48611111  .00000000  00000-0  00000-0 0 00000
2 24468 097.6920 150.976  0000000 000.0000 358.8110 15.01914300000000
1 24468U          19313.97152778  .00000000  00000-0  00000-0 0 00000
2 24468 097.6910 151.455  0000000 000.0000 100.0620 15.01914300000000
1 24468U          19314.20694444  .00000000  00000-0  00000-0 0 00000
2 24468 097.6910 151.687  0000000 000.0000 291.3120 15.01914300000000
1 24468U          19314.55208333  .00000000  00000-0  00000-0 0 00000
2 24468 097.6900 152.027  0000000 000.0000 355.0620 15.01914300000000
1 24468U          19314.84375000  .00000000  00000-0  00000-0 0 00000
2 24468 097.6900 152.315  0000000 000.0000 130.0620 15.01914300000000
1 24468U          19315.26041667  .00000000  00000-0  00000-0 0 00000
2 24468 097.6890 152.725  0000000 000.0000 220.0630 15.01914300000000
1 24468U          19315.57986111  .00000000  00000-0  00000-0 0 00000
2 24468 097.6890 153.040  0000000 000.0000 145.0630 15.01914300000000
1 24468U          19315.90069444  .00000000  00000-0  00000-0 0 00000
2 24468 097.6880 153.356  0000000 000.0000 077.5630 15.01914300000000
1 24468U          19316.22291667  .00000000  00000-0  00000-0 0 00000
2 24468 097.6880 153.674  0000000 000.0000 017.5640 15.01914300000000
1 24468U          19316.59305556  .00000000  00000-0  00000-0 0 00000
2 24468 097.6870 154.039  0000000 000.0000 216.3140 15.01914300000000
1 24468U          19316.89444444  .00000000  00000-0  00000-0 0 00000
2 24468 097.6860 154.336  0000000 000.0000 043.8140 15.01914300000000
1 24468U          19317.28055556  .00000000  00000-0  00000-0 0 00000
2 24468 097.6860 154.717  0000000 000.0000 328.8150 15.01914300000000
1 24468U          19317.63194444  .00000000  00000-0  00000-0 0 00000
2 24468 097.6850 155.063  0000000 000.0000 066.3150 15.01914300000000
1 24468U          19317.89583333  .00000000  00000-0  00000-0 0 00000
2 24468 097.6850 155.323  0000000 000.0000 051.3150 15.01914300000000
1 24468U          19318.22291667  .00000000  00000-0  00000-0 0 00000
2 24468 097.6840 155.645  0000000 000.0000 017.5650 15.01914300000000
1 24468U          19318.50902778  .00000000  00000-0  00000-0 0 00000
2 24468 097.6840 155.928  0000000 000.0000 122.5660 15.01914300000000
1 24468U          19318.89583333  .00000000  00000-0  00000-0 0 00000
2 24468 097.6830 156.309  0000000 000.0000 051.3160 15.01914300000000
1 24468U          19318.89583333  .00000000  00000-0  00000-0 0 00000
2 24468 097.6830 156.309  0000000 000.0000 051.3160 15.01914300000000
1 24468U          19319.23611111  .00000000  00000-0  00000-0 0 00000
2 24468 097.6820 156.644  0000000 000.0000 088.8160 15.01914300000000
1 24468U          19319.49513889  .00000000  00000-0  00000-0 0 00000
2 24468 097.6820 156.900  0000000 000.0000 047.5660 15.01914300000000
1 24468U          19319.97083333  .00000000  00000-0  00000-0 0 00000
2 24468 097.6810 157.368  0000000 000.0000 096.3170 15.01914300000000
1 24468U          19320.29444444  .00000000  00000-0  00000-0 0 00000
2 24468 097.6810 157.687  0000000 000.0000 043.8170 15.01914300000000
1 24468U          19320.63194444  .00000000  00000-0  00000-0 0 00000
2 24468 097.6800 158.020  0000000 000.0000 066.3170 15.01914300000000
1 24468U          19320.89444444  .00000000  00000-0  00000-0 0 00000
2 24468 097.6800 158.279  0000000 000.0000 043.8170 15.01914300000000
1 24468U          19321.27569444  .00000000  00000-0  00000-0 0 00000
2 24468 097.6790 158.655  0000000 000.0000 302.5680 15.01914300000000
1 24468U          19321.64375000  .00000000  00000-0  00000-0 0 00000
2 24468 097.6780 159.017  0000000 000.0000 130.0680 15.01914300000000
1 24468U          19321.92500000  .00000000  00000-0  00000-0 0 00000
2 24468 097.6780 159.295  0000000 000.0000 208.8180 15.01914300000000
1 24468U          19322.17291667  .00000000  00000-0  00000-0 0 00000
2 24468 097.6770 159.539  0000000 000.0000 107.5680 15.01914300000000
1 24468U          19322.54722222  .00000000  00000-0  00000-0 0 00000
2 24468 097.6770 159.908  0000000 000.0000 328.8190 15.01914300000000
1 24468U          19322.97638889  .00000000  00000-0  00000-0 0 00000
2 24468 097.6760 160.331  0000000 000.0000 126.3190 15.01914300000000
1 24468U          19323.26458333  .00000000  00000-0  00000-0 0 00000
2 24468 097.6750 160.615  0000000 000.0000 242.5690 15.01914300000000
1 24468U          19323.60555556  .00000000  00000-0  00000-0 0 00000
2 24468 097.6750 160.951  0000000 000.0000 283.8190 15.01914300000000
1 24468U          19323.96527778  .00000000  00000-0  00000-0 0 00000
2 24468 097.6740 161.306  0000000 000.0000 066.3190 15.01914300000000
1 24468U          19324.21111111  .00000000  00000-0  00000-0 0 00000
2 24468 097.6740 161.548  0000000 000.0000 313.8200 15.01914300000000
1 24468U          19324.49861111  .00000000  00000-0  00000-0 0 00000
2 24468 097.6730 161.831  0000000 000.0000 066.3200 15.01914300000000
1 24468U          19324.93750000  .00000000  00000-0  00000-0 0 00000
2 24468 097.6720 162.264  0000000 000.0000 276.3200 15.01914300000000
1 24468U          19325.16041667  .00000000  00000-0  00000-0 0 00000
2 24468 097.6720 162.484  0000000 000.0000 040.0700 15.01914300000000
1 24468U          19325.60347222  .00000000  00000-0  00000-0 0 00000
2 24468 097.6710 162.920  0000000 000.0000 272.5700 15.01914300000000
1 24468U          19325.87361111  .00000000  00000-0  00000-0 0 00000
2 24468 097.6710 163.187  0000000 000.0000 291.3210 15.01914300000000
1 24468U          19325.97638889  .00000000  00000-0  00000-0 0 00000
2 24468 097.6710 163.288  0000000 000.0000 126.3210 15.01914300000000
1 24468U          19326.22430556  .00000000  00000-0  00000-0 0 00000
2 24468 097.6700 163.532  0000000 000.0000 025.0710 15.01914300000000
1 24468U          19326.53819444  .00000000  00000-0  00000-0 0 00000
2 24468 097.6700 163.842  0000000 000.0000 280.0710 15.01914300000000
1 24468U          19326.94583333  .00000000  00000-0  00000-0 0 00000
2 24468 097.6690 164.244  0000000 000.0000 321.3210 15.01914300000000
1 24468U          19327.26944444  .00000000  00000-0  00000-0 0 00000
2 24468 097.6680 164.563  0000000 000.0000 268.8210 15.01914300000000
1 24468U          19327.61805556  .00000000  00000-0  00000-0 0 00000
2 24468 097.6680 164.906  0000000 000.0000 351.3220 15.01914300000000
1 24468U          19327.81597222  .00000000  00000-0  00000-0 0 00000
2 24468 097.6670 165.101  0000000 000.0000 340.0720 15.01914300000000
1 24468U          19328.28055556  .00000000  00000-0  00000-0 0 00000
2 24468 097.6670 165.559  0000000 000.0000 328.8220 15.01914300000000
1 24468U          19328.53263889  .00000000  00000-0  00000-0 0 00000
2 24468 097.6660 165.808  0000000 000.0000 250.0720 15.01914300000000
1 24468U          19328.91875000  .00000000  00000-0  00000-0 0 00000
2 24468 097.6650 166.188  0000000 000.0000 175.0720 15.01914300000000
1 24468U          19329.25208333  .00000000  00000-0  00000-0 0 00000
2 24468 097.6650 166.517  0000000 000.0000 175.0720 15.01914300000000
1 24468U          19329.62013889  .00000000  00000-0  00000-0 0 00000
2 24468 097.6640 166.880  0000000 000.0000 002.5730 15.01914300000000
1 24468U          19329.86180556  .00000000  00000-0  00000-0 0 00000
2 24468 097.6640 167.118  0000000 000.0000 227.5730 15.01914300000000
1 24468U          19330.14791667  .00000000  00000-0  00000-0 0 00000
2 24468 097.6630 167.400  0000000 000.0000 332.5730 15.01914300000000
1 24468U          19330.51319444  .00000000  00000-0  00000-0 0 00000
2 24468 097.6620 167.760  0000000 000.0000 145.0730 15.01914300000000
1 24468U          19330.94097222  .00000000  00000-0  00000-0 0 00000
2 24468 097.6620 168.181  0000000 000.0000 295.0730 15.01914300000000
1 24468U          19331.25347222  .00000000  00000-0  00000-0 0 00000
2 24468 097.6610 168.489  0000000 000.0000 182.5730 15.01914300000000
1 24468U          19331.56319444  .00000000  00000-0  00000-0 0 00000
2 24468 097.6610 168.795  0000000 000.0000 055.0730 15.01914300000000
1 24468U          19331.93125000  .00000000  00000-0  00000-0 0 00000
2 24468 097.6600 169.158  0000000 000.0000 242.5730 15.01914300000000
1 24468U          19332.28333333  .00000000  00000-0  00000-0 0 00000
2 24468 097.6590 169.505  0000000 000.0000 343.8240 15.01914300000000
1 24468U          19332.63194444  .00000000  00000-0  00000-0 0 00000
2 24468 097.6590 169.848  0000000 000.0000 066.3240 15.01914300000000
1 24468U          19332.84930556  .00000000  00000-0  00000-0 0 00000
2 24468 097.6580 170.062  0000000 000.0000 160.0740 15.01914300000000
