1 24863U          19281.95277778  .00000000  00000-0  00000-0 0 00000
2 24863 097.7410 68.4500 0000000 000.0000 111.8180 15.01920000000000
1 24863U          19282.34375000  .00000000  00000-0  00000-0 0 00000
2 24863 097.7410 68.8360 0000000 000.0000 063.0680 15.01920000000000
1 24863U          19282.69097222  .00000000  00000-0  00000-0 0 00000
2 24863 097.7410 69.1780 0000000 000.0000 138.0690 15.01920000000000
1 24863U          19282.97847222  .00000000  00000-0  00000-0 0 00000
2 24863 097.7420 69.4610 0000000 000.0000 250.5700 15.01920000000000
1 24863U          19283.26458333  .00000000  00000-0  00000-0 0 00000
2 24863 097.7420 69.7430 0000000 000.0000 355.5700 15.01920000000000
1 24863U          19283.68611111  .00000000  00000-0  00000-0 0 00000
2 24863 097.7420 70.1590 0000000 000.0000 111.8210 15.01920000000000
1 24863U          19284.01180556  .00000000  00000-0  00000-0 0 00000
2 24863 097.7420 70.4800 0000000 000.0000 070.5710 15.01920000000000
1 24863U          19284.30069444  .00000000  00000-0  00000-0 0 00000
2 24863 097.7420 70.7650 0000000 000.0000 190.5720 15.01920000000000
1 24863U          19284.58541667  .00000000  00000-0  00000-0 0 00000
2 24863 097.7430 71.0460 0000000 000.0000 288.0720 15.01920000000000
1 24863U          19284.95763889  .00000000  00000-0  00000-0 0 00000
2 24863 097.7430 71.4130 0000000 000.0000 138.0730 15.01920000000000
1 24863U          19285.33402778  .00000000  00000-0  00000-0 0 00000
2 24863 097.7430 71.7840 0000000 000.0000 010.5740 15.01920000000000
1 24863U          19285.68819444  .00000000  00000-0  00000-0 0 00000
2 24863 097.7430 72.1330 0000000 000.0000 123.0740 15.01920000000000
1 24863U          19286.00069444  .00000000  00000-0  00000-0 0 00000
2 24863 097.7430 72.4410 0000000 000.0000 010.5750 15.01920000000000
1 24863U          19286.32152778  .00000000  00000-0  00000-0 0 00000
2 24863 097.7440 72.7570 0000000 000.0000 303.0760 15.01920000000000
1 24863U          19286.65902778  .00000000  00000-0  00000-0 0 00000
2 24863 097.7440 73.0900 0000000 000.0000 325.5760 15.01920000000000
1 24863U          19287.03055556  .00000000  00000-0  00000-0 0 00000
2 24863 097.7440 73.4560 0000000 000.0000 171.8270 15.01920000000000
1 24863U          19287.26250000  .00000000  00000-0  00000-0 0 00000
2 24863 097.7440 73.6850 0000000 000.0000 344.3270 15.01920000000000
1 24863U          19287.64861111  .00000000  00000-0  00000-0 0 00000
2 24863 097.7440 74.0650 0000000 000.0000 269.3280 15.01920000000000
1 24863U          19287.98125000  .00000000  00000-0  00000-0 0 00000
2 24863 097.7440 74.3930 0000000 000.0000 265.5790 15.01920000000000
1 24863U          19288.26944444  .00000000  00000-0  00000-0 0 00000
2 24863 097.7450 74.6770 0000000 000.0000 021.8290 15.01920000000000
1 24863U          19288.64652778  .00000000  00000-0  00000-0 0 00000
2 24863 097.7450 75.0490 0000000 000.0000 258.0800 15.01920000000000
1 24863U          19288.96458333  .00000000  00000-0  00000-0 0 00000
2 24863 097.7450 75.3630 0000000 000.0000 175.5810 15.01920000000000
1 24863U          19289.27500000  .00000000  00000-0  00000-0 0 00000
2 24863 097.7450 75.6690 0000000 000.0000 051.8310 15.01920000000000
1 24863U          19289.65694444  .00000000  00000-0  00000-0 0 00000
2 24863 097.7450 76.0450 0000000 000.0000 314.3320 15.01920000000000
1 24863U          19290.04583333  .00000000  00000-0  00000-0 0 00000
2 24863 097.7450 76.4290 0000000 000.0000 254.3330 15.01920000000000
1 24863U          19290.26597222  .00000000  00000-0  00000-0 0 00000
2 24863 097.7450 76.6460 0000000 000.0000 003.0830 15.01920000000000
1 24863U          19290.70555556  .00000000  00000-0  00000-0 0 00000
2 24863 097.7460 77.0790 0000000 000.0000 216.8340 15.01920000000000
1 24863U          19291.00555556  .00000000  00000-0  00000-0 0 00000
2 24863 097.7460 77.3750 0000000 000.0000 036.8340 15.01920000000000
1 24863U          19291.26527778  .00000000  00000-0  00000-0 0 00000
2 24863 097.7460 77.6310 0000000 000.0000 359.3350 15.01920000000000
1 24863U          19291.72291667  .00000000  00000-0  00000-0 0 00000
2 24863 097.7460 78.0820 0000000 000.0000 310.5860 15.01920000000000
1 24863U          19291.95902778  .00000000  00000-0  00000-0 0 00000
2 24863 097.7460 78.3150 0000000 000.0000 145.5860 15.01920000000000
1 24863U          19292.32361111  .00000000  00000-0  00000-0 0 00000
2 24863 097.7460 78.6740 0000000 000.0000 314.3370 15.01920000000000
1 24863U          19292.68819444  .00000000  00000-0  00000-0 0 00000
2 24863 097.7460 79.0340 0000000 000.0000 123.0870 15.01920000000000
1 24863U          19293.00416667  .00000000  00000-0  00000-0 0 00000
2 24863 097.7470 79.3450 0000000 000.0000 029.3380 15.01920000000000
1 24863U          19293.33333333  .00000000  00000-0  00000-0 0 00000
2 24863 097.7470 79.6700 0000000 000.0000 006.8390 15.01920000000000
1 24863U          19293.67083333  .00000000  00000-0  00000-0 0 00000
2 24863 097.7470 80.0020 0000000 000.0000 029.3390 15.01920000000000
1 24863U          19294.02013889  .00000000  00000-0  00000-0 0 00000
2 24863 097.7470 80.3470 0000000 000.0000 115.5900 15.01920000000000
1 24863U          19294.38888889  .00000000  00000-0  00000-0 0 00000
2 24863 097.7470 80.7100 0000000 000.0000 306.8410 15.01920000000000
1 24863U          19294.67291667  .00000000  00000-0  00000-0 0 00000
2 24863 097.7470 80.9900 0000000 000.0000 040.5910 15.01920000000000
1 24863U          19294.99652778  .00000000  00000-0  00000-0 0 00000
2 24863 097.7470 81.3090 0000000 000.0000 348.0920 15.01920000000000
1 24863U          19295.35208333  .00000000  00000-0  00000-0 0 00000
2 24863 097.7470 81.6600 0000000 000.0000 108.0930 15.01920000000000
1 24863U          19295.72013889  .00000000  00000-0  00000-0 0 00000
2 24863 097.7470 82.0230 0000000 000.0000 295.5930 15.01920000000000
1 24863U          19295.95416667  .00000000  00000-0  00000-0 0 00000
2 24863 097.7470 82.2530 0000000 000.0000 119.3440 15.01920000000000
1 24863U          19296.40416667  .00000000  00000-0  00000-0 0 00000
2 24863 097.7470 82.6970 0000000 000.0000 029.3450 15.01920000000000
1 24863U          19296.61666667  .00000000  00000-0  00000-0 0 00000
2 24863 097.7480 82.9070 0000000 000.0000 096.8450 15.01920000000000
1 24863U          19297.04027778  .00000000  00000-0  00000-0 0 00000
2 24863 097.7480 83.3240 0000000 000.0000 224.3460 15.01920000000000
1 24863U          19297.38333333  .00000000  00000-0  00000-0 0 00000
2 24863 097.7480 83.6620 0000000 000.0000 276.8460 15.01920000000000
1 24863U          19297.74097222  .00000000  00000-0  00000-0 0 00000
2 24863 097.7480 84.0150 0000000 000.0000 048.0970 15.01920000000000
1 24863U          19297.97847222  .00000000  00000-0  00000-0 0 00000
2 24863 097.7480 84.2490 0000000 000.0000 250.5980 15.01920000000000
1 24863U          19298.31875000  .00000000  00000-0  00000-0 0 00000
2 24863 097.7480 84.5850 0000000 000.0000 288.0980 15.01920000000000
1 24863U          19298.71666667  .00000000  00000-0  00000-0 0 00000
2 24863 097.7480 84.9770 0000000 000.0000 276.8490 15.01920000000000
1 24863U          19299.08055556  .00000000  00000-0  00000-0 0 00000
2 24863 097.7480 85.3360 0000000 000.0000 081.8500 15.01920000000000
1 24863U          19299.28888889  .00000000  00000-0  00000-0 0 00000
2 24863 097.7480 85.5410 0000000 000.0000 126.8500 15.01920000000000
1 24863U          19299.71388889  .00000000  00000-0  00000-0 0 00000
2 24863 097.7480 85.9600 0000000 000.0000 261.8510 15.01920000000000
1 24863U          19299.99861111  .00000000  00000-0  00000-0 0 00000
2 24863 097.7480 86.2410 0000000 000.0000 359.3510 15.01920000000000
1 24863U          19300.26736111  .00000000  00000-0  00000-0 0 00000
2 24863 097.7480 86.5060 0000000 000.0000 010.6020 15.01920000000000
1 24863U          19300.70972222  .00000000  00000-0  00000-0 0 00000
2 24863 097.7480 86.9420 0000000 000.0000 239.3530 15.01920000000000
1 24863U          19301.07152778  .00000000  00000-0  00000-0 0 00000
2 24863 097.7480 87.2980 0000000 000.0000 033.1030 15.01920000000000
1 24863U          19301.41319444  .00000000  00000-0  00000-0 0 00000
2 24863 097.7480 87.6350 0000000 000.0000 078.1040 15.01920000000000
1 24863U          19301.63194444  .00000000  00000-0  00000-0 0 00000
2 24863 097.7480 87.8510 0000000 000.0000 179.3540 15.01920000000000
1 24863U          19302.01944444  .00000000  00000-0  00000-0 0 00000
2 24863 097.7480 88.2330 0000000 000.0000 111.8550 15.01920000000000
1 24863U          19302.29236111  .00000000  00000-0  00000-0 0 00000
2 24863 097.7480 88.5020 0000000 000.0000 145.6060 15.01920000000000
1 24863U          19302.63125000  .00000000  00000-0  00000-0 0 00000
2 24863 097.7480 88.8360 0000000 000.0000 175.6060 15.01920000000000
1 24863U          19303.03680556  .00000000  00000-0  00000-0 0 00000
2 24863 097.7480 89.2360 0000000 000.0000 205.6070 15.01920000000000
1 24863U          19303.31388889  .00000000  00000-0  00000-0 0 00000
2 24863 097.7480 89.5090 0000000 000.0000 261.8580 15.01920000000000
1 24863U          19303.60138889  .00000000  00000-0  00000-0 0 00000
2 24863 097.7480 89.7930 0000000 000.0000 014.3580 15.01920000000000
1 24863U          19303.92916667  .00000000  00000-0  00000-0 0 00000
2 24863 097.7480 90.1160 0000000 000.0000 344.3590 15.01920000000000
1 24863U          19304.40000000  .00000000  00000-0  00000-0 0 00000
2 24863 097.7480 90.5800 0000000 000.0000 006.8600 15.01920000000000
1 24863U          19304.70555556  .00000000  00000-0  00000-0 0 00000
2 24863 097.7480 90.8810 0000000 000.0000 216.8600 15.01920000000000
1 24863U          19304.96736111  .00000000  00000-0  00000-0 0 00000
2 24863 097.7480 91.1390 0000000 000.0000 190.6110 15.01920000000000
1 24863U          19305.40416667  .00000000  00000-0  00000-0 0 00000
2 24863 097.7480 91.5700 0000000 000.0000 029.3620 15.01920000000000
1 24863U          19305.60138889  .00000000  00000-0  00000-0 0 00000
2 24863 097.7480 91.7640 0000000 000.0000 014.3620 15.01920000000000
1 24863U          19306.00277778  .00000000  00000-0  00000-0 0 00000
2 24863 097.7480 92.1600 0000000 000.0000 021.8630 15.01920000000000
1 24863U          19306.29861111  .00000000  00000-0  00000-0 0 00000
2 24863 097.7480 92.4520 0000000 000.0000 179.3630 15.01920000000000
1 24863U          19306.74861111  .00000000  00000-0  00000-0 0 00000
2 24863 097.7480 92.8950 0000000 000.0000 089.3640 15.01920000000000
1 24863U          19307.01736111  .00000000  00000-0  00000-0 0 00000
2 24863 097.7480 93.1600 0000000 000.0000 100.6150 15.01920000000000
1 24863U          19307.32013889  .00000000  00000-0  00000-0 0 00000
2 24863 097.7480 93.4590 0000000 000.0000 295.6150 15.01920000000000
1 24863U          19307.64097222  .00000000  00000-0  00000-0 0 00000
2 24863 097.7480 93.7750 0000000 000.0000 228.1160 15.01920000000000
1 24863U          19308.07847222  .00000000  00000-0  00000-0 0 00000
2 24863 097.7480 94.2060 0000000 000.0000 070.6170 15.01920000000000
1 24863U          19308.35208333  .00000000  00000-0  00000-0 0 00000
2 24863 097.7480 94.4760 0000000 000.0000 108.1170 15.01920000000000
1 24863U          19308.61111111  .00000000  00000-0  00000-0 0 00000
2 24863 097.7480 94.7310 0000000 000.0000 066.8680 15.01920000000000
1 24863U          19309.03055556  .00000000  00000-0  00000-0 0 00000
2 24863 097.7480 95.1450 0000000 000.0000 171.8690 15.01920000000000
1 24863U          19309.32986111  .00000000  00000-0  00000-0 0 00000
2 24863 097.7480 95.4400 0000000 000.0000 348.1190 15.01920000000000
1 24863U          19309.59861111  .00000000  00000-0  00000-0 0 00000
2 24863 097.7480 95.7050 0000000 000.0000 359.3700 15.01920000000000
1 24863U          19309.95069444  .00000000  00000-0  00000-0 0 00000
2 24863 097.7480 96.0520 0000000 000.0000 100.6200 15.01920000000000
1 24863U          19310.27500000  .00000000  00000-0  00000-0 0 00000
2 24863 097.7480 96.3720 0000000 000.0000 051.8710 15.01920000000000
1 24863U          19310.60902778  .00000000  00000-0  00000-0 0 00000
2 24863 097.7470 96.7010 0000000 000.0000 055.6220 15.01920000000000
1 24863U          19310.93263889  .00000000  00000-0  00000-0 0 00000
2 24863 097.7470 97.0200 0000000 000.0000 003.1220 15.01920000000000
1 24863U          19311.35694444  .00000000  00000-0  00000-0 0 00000
2 24863 097.7470 97.4380 0000000 000.0000 134.3730 15.01920000000000
1 24863U          19311.61111111  .00000000  00000-0  00000-0 0 00000
2 24863 097.7470 97.6890 0000000 000.0000 066.8740 15.01920000000000
1 24863U          19311.96250000  .00000000  00000-0  00000-0 0 00000
2 24863 097.7470 98.0350 0000000 000.0000 164.3740 15.01914300000000
1 24863U          19312.15208333  .00000000  00000-0  00000-0 0 00000
2 24863 097.7470 98.2220 0000000 000.0000 108.1250 15.01914300000000
1 24863U          19312.50972222  .00000000  00000-0  00000-0 0 00000
2 24863 097.7470 98.5750 0000000 000.0000 239.3750 15.01914300000000
1 24863U          19312.96458333  .00000000  00000-0  00000-0 0 00000
2 24863 097.7470 99.0230 0000000 000.0000 175.6260 15.01914300000000
1 24863U          19313.22847222  .00000000  00000-0  00000-0 0 00000
2 24863 097.7470 99.2840 0000000 000.0000 160.6270 15.01914300000000
1 24863U          19313.59097222  .00000000  00000-0  00000-0 0 00000
2 24863 097.7470 99.6410 0000000 000.0000 318.1270 15.01914300000000
1 24863U          19313.81666667  .00000000  00000-0  00000-0 0 00000
2 24863 097.7470 99.8630 0000000 000.0000 096.8780 15.01914300000000
1 24863U          19314.15347222  .00000000  00000-0  00000-0 0 00000
2 24863 097.7460 100.1950 0000000 000.0000 115.6280 15.01914300000000
1 24863U          19314.53263889  .00000000  00000-0  00000-0 0 00000
2 24863 097.7460 100.5690 0000000 000.0000 003.1290 15.01914300000000
1 24863U          19314.94791667  .00000000  00000-0  00000-0 0 00000
2 24863 097.7460 100.9790 0000000 000.0000 085.6300 15.01914300000000
1 24863U          19315.29375000  .00000000  00000-0  00000-0 0 00000
2 24863 097.7460 101.3200 0000000 000.0000 153.1310 15.01914300000000
1 24863U          19315.55694444  .00000000  00000-0  00000-0 0 00000
2 24863 097.7460 101.5790 0000000 000.0000 134.3810 15.01914300000000
1 24863U          19315.84722222  .00000000  00000-0  00000-0 0 00000
2 24863 097.7460 101.8650 0000000 000.0000 261.8820 15.01914300000000
1 24863U          19316.23472222  .00000000  00000-0  00000-0 0 00000
2 24863 097.7460 102.2470 0000000 000.0000 194.3820 15.01914300000000
1 24863U          19316.60416667  .00000000  00000-0  00000-0 0 00000
2 24863 097.7460 102.6110 0000000 000.0000 029.3830 15.01914300000000
1 24863U          19316.83958333  .00000000  00000-0  00000-0 0 00000
2 24863 097.7450 102.8440 0000000 000.0000 220.6330 15.01914300000000
1 24863U          19317.16111111  .00000000  00000-0  00000-0 0 00000
2 24863 097.7450 103.1610 0000000 000.0000 156.8840 15.01914300000000
1 24863U          19317.55555556  .00000000  00000-0  00000-0 0 00000
2 24863 097.7450 103.5490 0000000 000.0000 126.8850 15.01914300000000
1 24863U          19317.83333333  .00000000  00000-0  00000-0 0 00000
2 24863 097.7450 103.8230 0000000 000.0000 186.8850 15.01914300000000
1 24863U          19318.21944444  .00000000  00000-0  00000-0 0 00000
2 24863 097.7450 104.2040 0000000 000.0000 111.8860 15.01914300000000
1 24863U          19318.57361111  .00000000  00000-0  00000-0 0 00000
2 24863 097.7450 104.5530 0000000 000.0000 224.3870 15.01914300000000
1 24863U          19318.89583333  .00000000  00000-0  00000-0 0 00000
2 24863 097.7440 104.8710 0000000 000.0000 164.3870 15.01914300000000
1 24863U          19318.89583333  .00000000  00000-0  00000-0 0 00000
2 24863 097.7440 104.8710 0000000 000.0000 164.3870 15.01914300000000
1 24863U          19319.29513889  .00000000  00000-0  00000-0 0 00000
2 24863 097.7440 105.2640 0000000 000.0000 160.6380 15.01914300000000
1 24863U          19319.56458333  .00000000  00000-0  00000-0 0 00000
2 24863 097.7440 105.5300 0000000 000.0000 175.6380 15.01914300000000
1 24863U          19319.85416667  .00000000  00000-0  00000-0 0 00000
2 24863 097.7440 105.8150 0000000 000.0000 299.3890 15.01914300000000
1 24863U          19320.19375000  .00000000  00000-0  00000-0 0 00000
2 24863 097.7440 106.1500 0000000 000.0000 333.1400 15.01914300000000
1 24863U          19320.47986111  .00000000  00000-0  00000-0 0 00000
2 24863 097.7440 106.4320 0000000 000.0000 078.1400 15.01914300000000
1 24863U          19320.94861111  .00000000  00000-0  00000-0 0 00000
2 24863 097.7430 106.8940 0000000 000.0000 089.3910 15.01914300000000
1 24863U          19321.30486111  .00000000  00000-0  00000-0 0 00000
2 24863 097.7430 107.2460 0000000 000.0000 213.1420 15.01914300000000
1 24863U          19321.61875000  .00000000  00000-0  00000-0 0 00000
2 24863 097.7430 107.5550 0000000 000.0000 108.1420 15.01914300000000
1 24863U          19321.92708333  .00000000  00000-0  00000-0 0 00000
2 24863 097.7430 107.8590 0000000 000.0000 333.1430 15.01914300000000
1 24863U          19322.24236111  .00000000  00000-0  00000-0 0 00000
2 24863 097.7430 108.1700 0000000 000.0000 235.6430 15.01914300000000
1 24863U          19322.59652778  .00000000  00000-0  00000-0 0 00000
2 24863 097.7420 108.5190 0000000 000.0000 348.1440 15.01914300000000
1 24863U          19322.88958333  .00000000  00000-0  00000-0 0 00000
2 24863 097.7420 108.8080 0000000 000.0000 130.6450 15.01914300000000
1 24863U          19323.21388889  .00000000  00000-0  00000-0 0 00000
2 24863 097.7420 109.1280 0000000 000.0000 081.8950 15.01914300000000
1 24863U          19323.61458333  .00000000  00000-0  00000-0 0 00000
2 24863 097.7420 109.5230 0000000 000.0000 085.6460 15.01914300000000
1 24863U          19323.81319444  .00000000  00000-0  00000-0 0 00000
2 24863 097.7420 109.7180 0000000 000.0000 078.1460 15.01914300000000
1 24863U          19324.16805556  .00000000  00000-0  00000-0 0 00000
2 24863 097.7410 110.0680 0000000 000.0000 194.3970 15.01914300000000
1 24863U          19324.59444444  .00000000  00000-0  00000-0 0 00000
2 24863 097.7410 110.4890 0000000 000.0000 336.8980 15.01914300000000
1 24863U          19324.93333333  .00000000  00000-0  00000-0 0 00000
2 24863 097.7410 110.8230 0000000 000.0000 006.8980 15.01914300000000
1 24863U          19325.30833333  .00000000  00000-0  00000-0 0 00000
2 24863 097.7410 111.1920 0000000 000.0000 231.8990 15.01914300000000
1 24863U          19325.62847222  .00000000  00000-0  00000-0 0 00000
2 24863 097.7410 111.5080 0000000 000.0000 160.6490 15.01914300000000
1 24863U          19325.89583333  .00000000  00000-0  00000-0 0 00000
2 24863 097.7400 111.7720 0000000 000.0000 164.4000 15.01914300000000
1 24863U          19325.89583333  .00000000  00000-0  00000-0 0 00000
2 24863 097.7400 111.7720 0000000 000.0000 164.4000 15.01914300000000
1 24863U          19326.27638889  .00000000  00000-0  00000-0 0 00000
2 24863 097.7400 112.1470 0000000 000.0000 059.4010 15.01914300000000
1 24863U          19326.64513889  .00000000  00000-0  00000-0 0 00000
2 24863 097.7400 112.5100 0000000 000.0000 250.6510 15.01914300000000
1 24863U          19326.86805556  .00000000  00000-0  00000-0 0 00000
2 24863 097.7400 112.7300 0000000 000.0000 014.4020 15.01914300000000
1 24863U          19327.23819444  .00000000  00000-0  00000-0 0 00000
2 24863 097.7390 113.0950 0000000 000.0000 213.1520 15.01914300000000
1 24863U          19327.49375000  .00000000  00000-0  00000-0 0 00000
2 24863 097.7390 113.3470 0000000 000.0000 153.1530 15.01914300000000
1 24863U          19327.86597222  .00000000  00000-0  00000-0 0 00000
2 24863 097.7390 113.7140 0000000 000.0000 003.1530 15.01914300000000
1 24863U          19328.19097222  .00000000  00000-0  00000-0 0 00000
2 24863 097.7390 114.0340 0000000 000.0000 318.1540 15.01914300000000
1 24863U          19328.59722222  .00000000  00000-0  00000-0 0 00000
2 24863 097.7380 114.4350 0000000 000.0000 351.9050 15.01914300000000
1 24863U          19328.91736111  .00000000  00000-0  00000-0 0 00000
2 24863 097.7380 114.7500 0000000 000.0000 280.6550 15.01914300000000
1 24863U          19329.21319444  .00000000  00000-0  00000-0 0 00000
2 24863 097.7380 115.0420 0000000 000.0000 078.1560 15.01914300000000
1 24863U          19329.59305556  .00000000  00000-0  00000-0 0 00000
2 24863 097.7380 115.4160 0000000 000.0000 329.4060 15.01914300000000
1 24863U          19329.89861111  .00000000  00000-0  00000-0 0 00000
2 24863 097.7370 115.7180 0000000 000.0000 179.4070 15.01914300000000
1 24863U          19330.19513889  .00000000  00000-0  00000-0 0 00000
2 24863 097.7370 116.0100 0000000 000.0000 340.6570 15.01914300000000
1 24863U          19330.57638889  .00000000  00000-0  00000-0 0 00000
2 24863 097.7370 116.3860 0000000 000.0000 239.4080 15.01914300000000
1 24863U          19330.93055556  .00000000  00000-0  00000-0 0 00000
2 24863 097.7360 116.7350 0000000 000.0000 351.9090 15.01914300000000
1 24863U          19331.26597222  .00000000  00000-0  00000-0 0 00000
2 24863 097.7360 117.0660 0000000 000.0000 003.1590 15.01914300000000
1 24863U          19331.56388889  .00000000  00000-0  00000-0 0 00000
2 24863 097.7360 117.3590 0000000 000.0000 171.9100 15.01914300000000
1 24863U          19331.87847222  .00000000  00000-0  00000-0 0 00000
2 24863 097.7360 117.6700 0000000 000.0000 070.6600 15.01914300000000
1 24863U          19332.28402778  .00000000  00000-0  00000-0 0 00000
2 24863 097.7350 118.0690 0000000 000.0000 100.6610 15.01914300000000
1 24863U          19332.50277778  .00000000  00000-0  00000-0 0 00000
2 24863 097.7350 118.2850 0000000 000.0000 201.9110 15.01914300000000
1 24863U          19332.89583333  .00000000  00000-0  00000-0 0 00000
2 24863 097.7350 118.6720 0000000 000.0000 164.4120 15.01914300000000
