1 26864U          19281.99027778  .00000000  00000-0  00000-0 0 00000
2 26864 097.6560 171.3640 0000000 000.0000 280.1790 15.01920000000000
1 26864U          19282.33333333  .00000000  00000-0  00000-0 0 00000
2 26864 097.6550 171.7020 0000000 000.0000 332.6800 15.01920000000000
1 26864U          19282.67361111  .00000000  00000-0  00000-0 0 00000
2 26864 097.6550 172.0370 0000000 000.0000 010.1800 15.01920000000000
1 26864U          19283.01388889  .00000000  00000-0  00000-0 0 00000
2 26864 097.6540 172.3730 0000000 000.0000 047.6800 15.01920000000000
1 26864U          19283.40694444  .00000000  00000-0  00000-0 0 00000
2 26864 097.6530 172.7600 0000000 000.0000 010.1800 15.01920000000000
1 26864U          19283.61944444  .00000000  00000-0  00000-0 0 00000
2 26864 097.6530 172.9700 0000000 000.0000 077.6800 15.01920000000000
1 26864U          19283.93194444  .00000000  00000-0  00000-0 0 00000
2 26864 097.6520 173.2780 0000000 000.0000 325.1800 15.01920000000000
1 26864U          19284.36458333  .00000000  00000-0  00000-0 0 00000
2 26864 097.6510 173.7040 0000000 000.0000 141.4300 15.01920000000000
1 26864U          19284.70069444  .00000000  00000-0  00000-0 0 00000
2 26864 097.6510 174.0350 0000000 000.0000 156.4300 15.01920000000000
1 26864U          19285.04930556  .00000000  00000-0  00000-0 0 00000
2 26864 097.6500 174.3790 0000000 000.0000 238.9300 15.01920000000000
1 26864U          19285.38541667  .00000000  00000-0  00000-0 0 00000
2 26864 097.6490 174.7100 0000000 000.0000 253.9300 15.01920000000000
1 26864U          19285.70763889  .00000000  00000-0  00000-0 0 00000
2 26864 097.6490 175.0280 0000000 000.0000 193.9300 15.01920000000000
1 26864U          19285.93750000  .00000000  00000-0  00000-0 0 00000
2 26864 097.6480 175.2540 0000000 000.0000 355.1800 15.01920000000000
1 26864U          19286.40347222  .00000000  00000-0  00000-0 0 00000
2 26864 097.6480 175.7140 0000000 000.0000 351.4300 15.01920000000000
1 26864U          19286.64513889  .00000000  00000-0  00000-0 0 00000
2 26864 097.6470 175.9520 0000000 000.0000 216.4300 15.01920000000000
1 26864U          19286.99722222  .00000000  00000-0  00000-0 0 00000
2 26864 097.6470 176.2990 0000000 000.0000 317.6810 15.01920000000000
1 26864U          19287.34097222  .00000000  00000-0  00000-0 0 00000
2 26864 097.6460 176.6380 0000000 000.0000 013.9310 15.01920000000000
1 26864U          19287.66875000  .00000000  00000-0  00000-0 0 00000
2 26864 097.6450 176.9610 0000000 000.0000 343.9310 15.01920000000000
1 26864U          19287.97986111  .00000000  00000-0  00000-0 0 00000
2 26864 097.6450 177.2670 0000000 000.0000 223.9310 15.01920000000000
1 26864U          19288.37361111  .00000000  00000-0  00000-0 0 00000
2 26864 097.6440 177.6560 0000000 000.0000 190.1810 15.01920000000000
1 26864U          19288.64930556  .00000000  00000-0  00000-0 0 00000
2 26864 097.6430 177.9270 0000000 000.0000 238.9310 15.01920000000000
1 26864U          19288.93958333  .00000000  00000-0  00000-0 0 00000
2 26864 097.6430 178.2130 0000000 000.0000 006.4310 15.01920000000000
1 26864U          19289.35902778  .00000000  00000-0  00000-0 0 00000
2 26864 097.6420 178.6270 0000000 000.0000 111.4310 15.01920000000000
1 26864U          19289.67500000  .00000000  00000-0  00000-0 0 00000
2 26864 097.6420 178.9380 0000000 000.0000 017.6810 15.01920000000000
1 26864U          19289.95694444  .00000000  00000-0  00000-0 0 00000
2 26864 097.6410 179.2160 0000000 000.0000 100.1810 15.01920000000000
1 26864U          19290.28819444  .00000000  00000-0  00000-0 0 00000
2 26864 097.6400 179.5430 0000000 000.0000 088.9310 15.01920000000000
1 26864U          19290.58541667  .00000000  00000-0  00000-0 0 00000
2 26864 097.6400 179.8360 0000000 000.0000 253.9310 15.01920000000000
1 26864U          19290.93819444  .00000000  00000-0  00000-0 0 00000
2 26864 097.6390 180.1830 0000000 000.0000 358.9310 15.01920000000000
1 26864U          19291.35069444  .00000000  00000-0  00000-0 0 00000
2 26864 097.6380 180.5900 0000000 000.0000 066.4310 15.01920000000000
1 26864U          19291.64791667  .00000000  00000-0  00000-0 0 00000
2 26864 097.6380 180.8830 0000000 000.0000 231.4310 15.01920000000000
1 26864U          19292.05347222  .00000000  00000-0  00000-0 0 00000
2 26864 097.6370 181.2820 0000000 000.0000 261.4310 15.01920000000000
1 26864U          19292.40625000  .00000000  00000-0  00000-0 0 00000
2 26864 097.6360 181.6300 0000000 000.0000 006.4310 15.01920000000000
1 26864U          19292.73263889  .00000000  00000-0  00000-0 0 00000
2 26864 097.6360 181.9520 0000000 000.0000 328.9310 15.01920000000000
1 26864U          19292.95625000  .00000000  00000-0  00000-0 0 00000
2 26864 097.6350 182.1720 0000000 000.0000 096.4310 15.01920000000000
1 26864U          19293.30416667  .00000000  00000-0  00000-0 0 00000
2 26864 097.6350 182.5150 0000000 000.0000 175.1810 15.01920000000000
1 26864U          19293.62847222  .00000000  00000-0  00000-0 0 00000
2 26864 097.6340 182.8350 0000000 000.0000 126.4310 15.01920000000000
1 26864U          19294.07291667  .00000000  00000-0  00000-0 0 00000
2 26864 097.6330 183.2730 0000000 000.0000 006.4310 15.01920000000000
1 26864U          19294.31527778  .00000000  00000-0  00000-0 0 00000
2 26864 097.6330 183.5120 0000000 000.0000 235.1810 15.01920000000000
1 26864U          19294.72152778  .00000000  00000-0  00000-0 0 00000
2 26864 097.6320 183.9120 0000000 000.0000 268.9310 15.01920000000000
1 26864U          19294.91736111  .00000000  00000-0  00000-0 0 00000
2 26864 097.6320 184.1050 0000000 000.0000 246.4310 15.01920000000000
1 26864U          19295.30625000  .00000000  00000-0  00000-0 0 00000
2 26864 097.6310 184.4880 0000000 000.0000 186.4310 15.01920000000000
1 26864U          19295.73541667  .00000000  00000-0  00000-0 0 00000
2 26864 097.6300 184.9110 0000000 000.0000 343.9310 15.01920000000000
1 26864U          19295.98472222  .00000000  00000-0  00000-0 0 00000
2 26864 097.6300 185.1570 0000000 000.0000 250.1810 15.01920000000000
1 26864U          19296.26736111  .00000000  00000-0  00000-0 0 00000
2 26864 097.6290 185.4360 0000000 000.0000 336.4310 15.01920000000000
1 26864U          19296.73680556  .00000000  00000-0  00000-0 0 00000
2 26864 097.6280 185.8980 0000000 000.0000 351.4300 15.01920000000000
1 26864U          19297.06180556  .00000000  00000-0  00000-0 0 00000
2 26864 097.6280 186.2190 0000000 000.0000 306.4300 15.01920000000000
1 26864U          19297.41458333  .00000000  00000-0  00000-0 0 00000
2 26864 097.6270 186.5660 0000000 000.0000 051.4300 15.01920000000000
1 26864U          19297.59861111  .00000000  00000-0  00000-0 0 00000
2 26864 097.6270 186.7480 0000000 000.0000 325.1800 15.01920000000000
1 26864U          19298.04375000  .00000000  00000-0  00000-0 0 00000
2 26864 097.6260 187.1860 0000000 000.0000 208.9300 15.01920000000000
1 26864U          19298.27291667  .00000000  00000-0  00000-0 0 00000
2 26864 097.6260 187.4120 0000000 000.0000 006.4300 15.01920000000000
1 26864U          19298.69166667  .00000000  00000-0  00000-0 0 00000
2 26864 097.6250 187.8250 0000000 000.0000 107.6800 15.01920000000000
1 26864U          19298.96458333  .00000000  00000-0  00000-0 0 00000
2 26864 097.6240 188.0940 0000000 000.0000 141.4300 15.01920000000000
1 26864U          19299.34930556  .00000000  00000-0  00000-0 0 00000
2 26864 097.6240 188.4730 0000000 000.0000 058.9300 15.01920000000000
1 26864U          19299.68611111  .00000000  00000-0  00000-0 0 00000
2 26864 097.6230 188.8050 0000000 000.0000 077.6800 15.01920000000000
1 26864U          19300.02500000  .00000000  00000-0  00000-0 0 00000
2 26864 097.6220 189.1390 0000000 000.0000 107.6800 15.01920000000000
1 26864U          19300.39930556  .00000000  00000-0  00000-0 0 00000
2 26864 097.6220 189.5080 0000000 000.0000 328.9300 15.01920000000000
1 26864U          19300.66319444  .00000000  00000-0  00000-0 0 00000
2 26864 097.6210 189.7680 0000000 000.0000 313.9300 15.01920000000000
1 26864U          19301.02083333  .00000000  00000-0  00000-0 0 00000
2 26864 097.6210 190.1200 0000000 000.0000 085.1790 15.01920000000000
1 26864U          19301.34791667  .00000000  00000-0  00000-0 0 00000
2 26864 097.6200 190.4430 0000000 000.0000 051.4290 15.01920000000000
1 26864U          19301.62083333  .00000000  00000-0  00000-0 0 00000
2 26864 097.6190 190.7120 0000000 000.0000 085.1790 15.01920000000000
1 26864U          19302.01250000  .00000000  00000-0  00000-0 0 00000
2 26864 097.6190 191.0980 0000000 000.0000 040.1790 15.01920000000000
1 26864U          19302.38472222  .00000000  00000-0  00000-0 0 00000
2 26864 097.6180 191.4650 0000000 000.0000 250.1790 15.01920000000000
1 26864U          19302.72361111  .00000000  00000-0  00000-0 0 00000
2 26864 097.6170 191.7990 0000000 000.0000 280.1790 15.01920000000000
1 26864U          19303.06250000  .00000000  00000-0  00000-0 0 00000
2 26864 097.6170 192.1330 0000000 000.0000 310.1790 15.01920000000000
1 26864U          19303.40902778  .00000000  00000-0  00000-0 0 00000
2 26864 097.6160 192.4740 0000000 000.0000 021.4290 15.01920000000000
1 26864U          19303.68263889  .00000000  00000-0  00000-0 0 00000
2 26864 097.6160 192.7440 0000000 000.0000 058.9290 15.01920000000000
1 26864U          19303.96319444  .00000000  00000-0  00000-0 0 00000
2 26864 097.6150 193.0200 0000000 000.0000 133.9280 15.01920000000000
1 26864U          19304.37986111  .00000000  00000-0  00000-0 0 00000
2 26864 097.6140 193.4310 0000000 000.0000 223.9280 15.01920000000000
1 26864U          19304.61666667  .00000000  00000-0  00000-0 0 00000
2 26864 097.6140 193.6640 0000000 000.0000 062.6780 15.01920000000000
1 26864U          19305.01180556  .00000000  00000-0  00000-0 0 00000
2 26864 097.6130 194.0540 0000000 000.0000 036.4280 15.01920000000000
1 26864U          19305.26180556  .00000000  00000-0  00000-0 0 00000
2 26864 097.6130 194.3000 0000000 000.0000 306.4280 15.01920000000000
1 26864U          19305.59652778  .00000000  00000-0  00000-0 0 00000
2 26864 097.6120 194.6300 0000000 000.0000 313.9280 15.01920000000000
1 26864U          19305.94305556  .00000000  00000-0  00000-0 0 00000
2 26864 097.6120 194.9720 0000000 000.0000 025.1780 15.01920000000000
1 26864U          19306.32569444  .00000000  00000-0  00000-0 0 00000
2 26864 097.6110 195.3490 0000000 000.0000 291.4270 15.01920000000000
1 26864U          19306.62916667  .00000000  00000-0  00000-0 0 00000
2 26864 097.6100 195.6480 0000000 000.0000 130.1770 15.01920000000000
1 26864U          19306.98194444  .00000000  00000-0  00000-0 0 00000
2 26864 097.6100 195.9950 0000000 000.0000 235.1770 15.01920000000000
1 26864U          19307.40486111  .00000000  00000-0  00000-0 0 00000
2 26864 097.6090 196.4120 0000000 000.0000 358.9270 15.01920000000000
1 26864U          19307.59305556  .00000000  00000-0  00000-0 0 00000
2 26864 097.6090 196.5980 0000000 000.0000 295.1770 15.01920000000000
1 26864U          19307.99375000  .00000000  00000-0  00000-0 0 00000
2 26864 097.6080 196.9930 0000000 000.0000 298.9270 15.01920000000000
1 26864U          19308.32222222  .00000000  00000-0  00000-0 0 00000
2 26864 097.6070 197.3160 0000000 000.0000 272.6760 15.01920000000000
1 26864U          19308.63680556  .00000000  00000-0  00000-0 0 00000
2 26864 097.6070 197.6260 0000000 000.0000 171.4260 15.01920000000000
1 26864U          19309.05486111  .00000000  00000-0  00000-0 0 00000
2 26864 097.6060 198.0380 0000000 000.0000 268.9260 15.01920000000000
1 26864U          19309.28888889  .00000000  00000-0  00000-0 0 00000
2 26864 097.6060 198.2690 0000000 000.0000 092.6760 15.01920000000000
1 26864U          19309.68680556  .00000000  00000-0  00000-0 0 00000
2 26864 097.6050 198.6610 0000000 000.0000 081.4260 15.01920000000000
1 26864U          19309.98194444  .00000000  00000-0  00000-0 0 00000
2 26864 097.6040 198.9520 0000000 000.0000 235.1750 15.01920000000000
1 26864U          19310.31805556  .00000000  00000-0  00000-0 0 00000
2 26864 097.6040 199.2830 0000000 000.0000 250.1750 15.01920000000000
1 26864U          19310.64930556  .00000000  00000-0  00000-0 0 00000
2 26864 097.6030 199.6100 0000000 000.0000 238.9250 15.01920000000000
1 26864U          19310.95208333  .00000000  00000-0  00000-0 0 00000
2 26864 097.6030 199.9080 0000000 000.0000 073.9250 15.01920000000000
1 26864U          19311.30694444  .00000000  00000-0  00000-0 0 00000
2 26864 097.6020 200.2580 0000000 000.0000 190.1750 15.01920000000000
1 26864U          19311.59930556  .00000000  00000-0  00000-0 0 00000
2 26864 097.6020 200.5460 0000000 000.0000 328.9250 15.01920000000000
1 26864U          19311.94166667  .00000000  00000-0  00000-0 0 00000
2 26864 097.6010 200.8830 0000000 000.0000 017.6740 15.01914300000000
1 26864U          19312.30763889  .00000000  00000-0  00000-0 0 00000
2 26864 097.6000 201.2440 0000000 000.0000 193.9240 15.01914300000000
1 26864U          19312.55277778  .00000000  00000-0  00000-0 0 00000
2 26864 097.6000 201.4860 0000000 000.0000 077.6740 15.01914300000000
1 26864U          19312.96597222  .00000000  00000-0  00000-0 0 00000
2 26864 097.5990 201.8930 0000000 000.0000 148.9240 15.01914300000000
1 26864U          19313.16597222  .00000000  00000-0  00000-0 0 00000
2 26864 097.5990 202.0900 0000000 000.0000 148.9230 15.01914300000000
1 26864U          19313.50416667  .00000000  00000-0  00000-0 0 00000
2 26864 097.5980 202.4230 0000000 000.0000 175.1730 15.01914300000000
1 26864U          19313.84722222  .00000000  00000-0  00000-0 0 00000
2 26864 097.5980 202.7610 0000000 000.0000 227.6730 15.01914300000000
1 26864U          19314.15902778  .00000000  00000-0  00000-0 0 00000
2 26864 097.5970 203.0690 0000000 000.0000 111.4230 15.01914300000000
1 26864U          19314.55208333  .00000000  00000-0  00000-0 0 00000
2 26864 097.5970 203.4560 0000000 000.0000 073.9230 15.01914300000000
1 26864U          19314.91944444  .00000000  00000-0  00000-0 0 00000
2 26864 097.5960 203.8180 0000000 000.0000 257.6720 15.01914300000000
1 26864U          19315.17638889  .00000000  00000-0  00000-0 0 00000
2 26864 097.5950 204.0710 0000000 000.0000 205.1720 15.01914300000000
1 26864U          19315.52500000  .00000000  00000-0  00000-0 0 00000
2 26864 097.5950 204.4150 0000000 000.0000 287.6720 15.01914300000000
1 26864U          19315.83263889  .00000000  00000-0  00000-0 0 00000
2 26864 097.5940 204.7180 0000000 000.0000 148.9220 15.01914300000000
1 26864U          19316.28055556  .00000000  00000-0  00000-0 0 00000
2 26864 097.5940 205.1590 0000000 000.0000 047.6710 15.01914300000000
1 26864U          19316.50833333  .00000000  00000-0  00000-0 0 00000
2 26864 097.5930 205.3840 0000000 000.0000 197.6710 15.01914300000000
1 26864U          19316.95208333  .00000000  00000-0  00000-0 0 00000
2 26864 097.5930 205.8210 0000000 000.0000 073.9210 15.01914300000000
1 26864U          19317.18055556  .00000000  00000-0  00000-0 0 00000
2 26864 097.5920 206.0460 0000000 000.0000 227.6710 15.01914300000000
1 26864U          19317.62986111  .00000000  00000-0  00000-0 0 00000
2 26864 097.5910 206.4890 0000000 000.0000 133.9200 15.01914300000000
1 26864U          19317.82986111  .00000000  00000-0  00000-0 0 00000
2 26864 097.5910 206.6860 0000000 000.0000 133.9200 15.01914300000000
1 26864U          19318.24861111  .00000000  00000-0  00000-0 0 00000
2 26864 097.5900 207.0990 0000000 000.0000 235.1700 15.01914300000000
1 26864U          19318.55208333  .00000000  00000-0  00000-0 0 00000
2 26864 097.5900 207.3980 0000000 000.0000 073.9190 15.01914300000000
1 26864U          19318.89583333  .00000000  00000-0  00000-0 0 00000
2 26864 097.5890 207.7370 0000000 000.0000 130.1690 15.01914300000000
1 26864U          19318.89583333  .00000000  00000-0  00000-0 0 00000
2 26864 097.5890 207.7370 0000000 000.0000 130.1690 15.01914300000000
1 26864U          19319.29166667  .00000000  00000-0  00000-0 0 00000
2 26864 097.5890 208.1270 0000000 000.0000 107.6690 15.01914300000000
1 26864U          19319.53819444  .00000000  00000-0  00000-0 0 00000
2 26864 097.5880 208.3700 0000000 000.0000 358.9190 15.01914300000000
1 26864U          19319.96319444  .00000000  00000-0  00000-0 0 00000
2 26864 097.5880 208.7890 0000000 000.0000 133.9180 15.01914300000000
1 26864U          19320.23125000  .00000000  00000-0  00000-0 0 00000
2 26864 097.5870 209.0530 0000000 000.0000 141.4180 15.01914300000000
1 26864U          19320.56597222  .00000000  00000-0  00000-0 0 00000
2 26864 097.5870 209.3830 0000000 000.0000 148.9180 15.01914300000000
1 26864U          19320.89097222  .00000000  00000-0  00000-0 0 00000
2 26864 097.5860 209.7030 0000000 000.0000 103.9170 15.01914300000000
1 26864U          19321.15694444  .00000000  00000-0  00000-0 0 00000
2 26864 097.5860 209.9650 0000000 000.0000 100.1670 15.01914300000000
1 26864U          19321.48611111  .00000000  00000-0  00000-0 0 00000
2 26864 097.5850 210.2890 0000000 000.0000 077.6670 15.01914300000000
1 26864U          19321.96250000  .00000000  00000-0  00000-0 0 00000
2 26864 097.5840 210.7590 0000000 000.0000 130.1660 15.01914300000000
1 26864U          19322.22638889  .00000000  00000-0  00000-0 0 00000
2 26864 097.5840 211.0190 0000000 000.0000 115.1660 15.01914300000000
1 26864U          19322.54861111  .00000000  00000-0  00000-0 0 00000
2 26864 097.5830 211.3370 0000000 000.0000 055.1660 15.01914300000000
1 26864U          19322.93680556  .00000000  00000-0  00000-0 0 00000
2 26864 097.5830 211.7190 0000000 000.0000 351.4150 15.01914300000000
1 26864U          19323.28402778  .00000000  00000-0  00000-0 0 00000
2 26864 097.5820 212.0610 0000000 000.0000 066.4150 15.01914300000000
1 26864U          19323.63472222  .00000000  00000-0  00000-0 0 00000
2 26864 097.5820 212.4070 0000000 000.0000 160.1650 15.01914300000000
1 26864U          19323.91250000  .00000000  00000-0  00000-0 0 00000
2 26864 097.5810 212.6810 0000000 000.0000 220.1650 15.01914300000000
1 26864U          19324.20763889  .00000000  00000-0  00000-0 0 00000
2 26864 097.5810 212.9710 0000000 000.0000 013.9140 15.01914300000000
1 26864U          19324.50069444  .00000000  00000-0  00000-0 0 00000
2 26864 097.5800 213.2600 0000000 000.0000 156.4140 15.01914300000000
1 26864U          19324.95138889  .00000000  00000-0  00000-0 0 00000
2 26864 097.5800 213.7040 0000000 000.0000 070.1630 15.01914300000000
1 26864U          19325.28402778  .00000000  00000-0  00000-0 0 00000
2 26864 097.5790 214.0320 0000000 000.0000 066.4130 15.01914300000000
1 26864U          19325.56180556  .00000000  00000-0  00000-0 0 00000
2 26864 097.5790 214.3060 0000000 000.0000 126.4130 15.01914300000000
1 26864U          19325.82361111  .00000000  00000-0  00000-0 0 00000
2 26864 097.5780 214.5640 0000000 000.0000 100.1630 15.01914300000000
1 26864U          19325.89583333  .00000000  00000-0  00000-0 0 00000
2 26864 097.5780 214.6350 0000000 000.0000 130.1630 15.01914300000000
1 26864U          19326.27500000  .00000000  00000-0  00000-0 0 00000
2 26864 097.5780 215.0090 0000000 000.0000 017.6620 15.01914300000000
1 26864U          19326.49236111  .00000000  00000-0  00000-0 0 00000
2 26864 097.5770 215.2230 0000000 000.0000 111.4120 15.01914300000000
1 26864U          19326.90625000  .00000000  00000-0  00000-0 0 00000
2 26864 097.5770 215.6310 0000000 000.0000 186.4110 15.01914300000000
1 26864U          19327.26736111  .00000000  00000-0  00000-0 0 00000
2 26864 097.5760 215.9870 0000000 000.0000 336.4110 15.01914300000000
1 26864U          19327.49791667  .00000000  00000-0  00000-0 0 00000
2 26864 097.5760 216.2140 0000000 000.0000 141.4110 15.01914300000000
1 26864U          19327.84097222  .00000000  00000-0  00000-0 0 00000
2 26864 097.5750 216.5520 0000000 000.0000 193.9100 15.01914300000000
1 26864U          19328.16250000  .00000000  00000-0  00000-0 0 00000
2 26864 097.5750 216.8690 0000000 000.0000 130.1600 15.01914300000000
1 26864U          19328.63055556  .00000000  00000-0  00000-0 0 00000
2 26864 097.5740 217.3300 0000000 000.0000 137.6600 15.01914300000000
1 26864U          19328.93333333  .00000000  00000-0  00000-0 0 00000
2 26864 097.5740 217.6280 0000000 000.0000 332.6590 15.01914300000000
1 26864U          19329.15000000  .00000000  00000-0  00000-0 0 00000
2 26864 097.5730 217.8420 0000000 000.0000 062.6590 15.01914300000000
1 26864U          19329.54583333  .00000000  00000-0  00000-0 0 00000
2 26864 097.5730 218.2320 0000000 000.0000 040.1590 15.01914300000000
1 26864U          19329.90208333  .00000000  00000-0  00000-0 0 00000
2 26864 097.5720 218.5830 0000000 000.0000 163.9080 15.01914300000000
1 26864U          19330.25069444  .00000000  00000-0  00000-0 0 00000
2 26864 097.5720 218.9270 0000000 000.0000 246.4080 15.01914300000000
1 26864U          19330.48055556  .00000000  00000-0  00000-0 0 00000
2 26864 097.5710 219.1530 0000000 000.0000 047.6570 15.01914300000000
1 26864U          19330.89513889  .00000000  00000-0  00000-0 0 00000
2 26864 097.5710 219.5620 0000000 000.0000 126.4070 15.01914300000000
1 26864U          19331.14861111  .00000000  00000-0  00000-0 0 00000
2 26864 097.5700 219.8110 0000000 000.0000 055.1570 15.01914300000000
1 26864U          19331.49652778  .00000000  00000-0  00000-0 0 00000
2 26864 097.5700 220.1540 0000000 000.0000 133.9060 15.01914300000000
1 26864U          19331.83402778  .00000000  00000-0  00000-0 0 00000
2 26864 097.5690 220.4870 0000000 000.0000 156.4060 15.01914300000000
1 26864U          19332.18125000  .00000000  00000-0  00000-0 0 00000
2 26864 097.5690 220.8290 0000000 000.0000 231.4050 15.01914300000000
1 26864U          19332.55208333  .00000000  00000-0  00000-0 0 00000
2 26864 097.5680 221.1950 0000000 000.0000 073.9050 15.01914300000000
1 26864U          19332.89583333  .00000000  00000-0  00000-0 0 00000
2 26864 097.5680 221.5330 0000000 000.0000 130.1550 15.01914300000000
