1 27643U          19282.01388889  .00000000  00000-0  00000-0 0 00000
2 27643 097.7140 042.791  0000000 000.0000 150.3490 15.01920000000000
1 27643U          19282.30138889  .00000000  00000-0  00000-0 0 00000
2 27643 097.7140 043.074  0000000 000.0000 262.8490 15.01920000000000
1 27643U          19282.70277778  .00000000  00000-0  00000-0 0 00000
2 27643 097.7150 043.470  0000000 000.0000 270.3500 15.01920000000000
1 27643U          19282.99652778  .00000000  00000-0  00000-0 0 00000
2 27643 097.7150 043.759  0000000 000.0000 056.6000 15.01920000000000
1 27643U          19283.35555556  .00000000  00000-0  00000-0 0 00000
2 27643 097.7160 044.113  0000000 000.0000 195.3510 15.01920000000000
1 27643U          19283.68819444  .00000000  00000-0  00000-0 0 00000
2 27643 097.7160 044.441  0000000 000.0000 191.6010 15.01920000000000
1 27643U          19283.92430556  .00000000  00000-0  00000-0 0 00000
2 27643 097.7170 044.674  0000000 000.0000 026.6020 15.01920000000000
1 27643U          19284.27500000  .00000000  00000-0  00000-0 0 00000
2 27643 097.7170 045.020  0000000 000.0000 120.3520 15.01920000000000
1 27643U          19284.68333333  .00000000  00000-0  00000-0 0 00000
2 27643 097.7180 045.422  0000000 000.0000 165.3530 15.01920000000000
1 27643U          19284.93472222  .00000000  00000-0  00000-0 0 00000
2 27643 097.7180 045.670  0000000 000.0000 082.8530 15.01920000000000
1 27643U          19285.40069444  .00000000  00000-0  00000-0 0 00000
2 27643 097.7190 046.129  0000000 000.0000 079.1040 15.01920000000000
1 27643U          19285.65000000  .00000000  00000-0  00000-0 0 00000
2 27643 097.7190 046.375  0000000 000.0000 345.3540 15.01920000000000
1 27643U          19285.92222222  .00000000  00000-0  00000-0 0 00000
2 27643 097.7190 046.644  0000000 000.0000 015.3540 15.01920000000000
1 27643U          19286.40972222  .00000000  00000-0  00000-0 0 00000
2 27643 097.7200 047.124  0000000 000.0000 127.8550 15.01920000000000
1 27643U          19286.66597222  .00000000  00000-0  00000-0 0 00000
2 27643 097.7200 047.377  0000000 000.0000 071.6050 15.01920000000000
1 27643U          19287.03194444  .00000000  00000-0  00000-0 0 00000
2 27643 097.7210 047.738  0000000 000.0000 247.8560 15.01920000000000
1 27643U          19287.33888889  .00000000  00000-0  00000-0 0 00000
2 27643 097.7210 048.040  0000000 000.0000 105.3560 15.01920000000000
1 27643U          19287.64861111  .00000000  00000-0  00000-0 0 00000
2 27643 097.7210 048.345  0000000 000.0000 337.8570 15.01920000000000
1 27643U          19288.00277778  .00000000  00000-0  00000-0 0 00000
2 27643 097.7220 048.695  0000000 000.0000 090.3570 15.01920000000000
1 27643U          19288.30138889  .00000000  00000-0  00000-0 0 00000
2 27643 097.7220 048.989  0000000 000.0000 262.8580 15.01920000000000
1 27643U          19288.63472222  .00000000  00000-0  00000-0 0 00000
2 27643 097.7230 049.318  0000000 000.0000 262.8580 15.01920000000000
1 27643U          19288.99791667  .00000000  00000-0  00000-0 0 00000
2 27643 097.7230 049.676  0000000 000.0000 064.1090 15.01920000000000
1 27643U          19289.36041667  .00000000  00000-0  00000-0 0 00000
2 27643 097.7230 050.033  0000000 000.0000 221.6090 15.01920000000000
1 27643U          19289.74097222  .00000000  00000-0  00000-0 0 00000
2 27643 097.7240 050.408  0000000 000.0000 116.6100 15.01920000000000
1 27643U          19289.99861111  .00000000  00000-0  00000-0 0 00000
2 27643 097.7240 050.662  0000000 000.0000 067.8600 15.01920000000000
1 27643U          19290.35902778  .00000000  00000-0  00000-0 0 00000
2 27643 097.7250 051.017  0000000 000.0000 214.1110 15.01920000000000
1 27643U          19290.64791667  .00000000  00000-0  00000-0 0 00000
2 27643 097.7250 051.302  0000000 000.0000 334.1110 15.01920000000000
1 27643U          19290.96388889  .00000000  00000-0  00000-0 0 00000
2 27643 097.7250 051.614  0000000 000.0000 240.3620 15.01920000000000
1 27643U          19291.40763889  .00000000  00000-0  00000-0 0 00000
2 27643 097.7260 052.051  0000000 000.0000 116.6120 15.01920000000000
1 27643U          19291.59375000  .00000000  00000-0  00000-0 0 00000
2 27643 097.7260 052.235  0000000 000.0000 041.6130 15.01920000000000
1 27643U          19291.97152778  .00000000  00000-0  00000-0 0 00000
2 27643 097.7260 052.607  0000000 000.0000 281.6130 15.01920000000000
1 27643U          19292.31805556  .00000000  00000-0  00000-0 0 00000
2 27643 097.7270 052.949  0000000 000.0000 352.8640 15.01920000000000
1 27643U          19292.65486111  .00000000  00000-0  00000-0 0 00000
2 27643 097.7270 053.281  0000000 000.0000 011.6140 15.01920000000000
1 27643U          19293.05694444  .00000000  00000-0  00000-0 0 00000
2 27643 097.7280 053.677  0000000 000.0000 022.8650 15.01920000000000
1 27643U          19293.41041667  .00000000  00000-0  00000-0 0 00000
2 27643 097.7280 054.025  0000000 000.0000 131.6160 15.01920000000000
1 27643U          19293.65416667  .00000000  00000-0  00000-0 0 00000
2 27643 097.7280 054.266  0000000 000.0000 007.8660 15.01920000000000
1 27643U          19294.04444444  .00000000  00000-0  00000-0 0 00000
2 27643 097.7290 054.650  0000000 000.0000 315.3670 15.01920000000000
1 27643U          19294.25416667  .00000000  00000-0  00000-0 0 00000
2 27643 097.7290 054.857  0000000 000.0000 007.8670 15.01920000000000
1 27643U          19294.74722222  .00000000  00000-0  00000-0 0 00000
2 27643 097.7290 055.343  0000000 000.0000 150.3680 15.01920000000000
1 27643U          19295.06666667  .00000000  00000-0  00000-0 0 00000
2 27643 097.7300 055.658  0000000 000.0000 075.3680 15.01920000000000
1 27643U          19295.25625000  .00000000  00000-0  00000-0 0 00000
2 27643 097.7300 055.845  0000000 000.0000 019.1180 15.01920000000000
1 27643U          19295.72777778  .00000000  00000-0  00000-0 0 00000
2 27643 097.7300 056.310  0000000 000.0000 045.3690 15.01920000000000
1 27643U          19296.03472222  .00000000  00000-0  00000-0 0 00000
2 27643 097.7310 056.613  0000000 000.0000 262.8700 15.01920000000000
1 27643U          19296.33541667  .00000000  00000-0  00000-0 0 00000
2 27643 097.7310 056.909  0000000 000.0000 086.6200 15.01920000000000
1 27643U          19296.67500000  .00000000  00000-0  00000-0 0 00000
2 27643 097.7310 057.244  0000000 000.0000 120.3710 15.01920000000000
1 27643U          19297.00347222  .00000000  00000-0  00000-0 0 00000
2 27643 097.7320 057.568  0000000 000.0000 094.1210 15.01920000000000
1 27643U          19297.38333333  .00000000  00000-0  00000-0 0 00000
2 27643 097.7320 057.942  0000000 000.0000 345.3720 15.01920000000000
1 27643U          19297.65069444  .00000000  00000-0  00000-0 0 00000
2 27643 097.7320 058.206  0000000 000.0000 349.1220 15.01920000000000
1 27643U          19298.00763889  .00000000  00000-0  00000-0 0 00000
2 27643 097.7330 058.557  0000000 000.0000 116.6230 15.01920000000000
1 27643U          19298.40277778  .00000000  00000-0  00000-0 0 00000
2 27643 097.7330 058.947  0000000 000.0000 090.3740 15.01920000000000
1 27643U          19298.73611111  .00000000  00000-0  00000-0 0 00000
2 27643 097.7330 059.276  0000000 000.0000 090.3740 15.01920000000000
1 27643U          19298.98819444  .00000000  00000-0  00000-0 0 00000
2 27643 097.7340 059.524  0000000 000.0000 011.6250 15.01920000000000
1 27643U          19299.32986111  .00000000  00000-0  00000-0 0 00000
2 27643 097.7340 059.861  0000000 000.0000 056.6250 15.01920000000000
1 27643U          19299.73611111  .00000000  00000-0  00000-0 0 00000
2 27643 097.7340 060.261  0000000 000.0000 090.3760 15.01920000000000
1 27643U          19300.03680556  .00000000  00000-0  00000-0 0 00000
2 27643 097.7350 060.558  0000000 000.0000 274.1260 15.01920000000000
1 27643U          19300.26458333  .00000000  00000-0  00000-0 0 00000
2 27643 097.7350 060.782  0000000 000.0000 064.1270 15.01920000000000
1 27643U          19300.74513889  .00000000  00000-0  00000-0 0 00000
2 27643 097.7350 061.256  0000000 000.0000 139.1270 15.01920000000000
1 27643U          19300.94652778  .00000000  00000-0  00000-0 0 00000
2 27643 097.7350 061.455  0000000 000.0000 146.6280 15.01920000000000
1 27643U          19301.38402778  .00000000  00000-0  00000-0 0 00000
2 27643 097.7360 061.886  0000000 000.0000 349.1290 15.01920000000000
1 27643U          19301.62430556  .00000000  00000-0  00000-0 0 00000
2 27643 097.7360 062.123  0000000 000.0000 206.6290 15.01920000000000
1 27643U          19301.99791667  .00000000  00000-0  00000-0 0 00000
2 27643 097.7360 062.491  0000000 000.0000 064.1300 15.01920000000000
1 27643U          19302.27986111  .00000000  00000-0  00000-0 0 00000
2 27643 097.7370 062.769  0000000 000.0000 146.6300 15.01920000000000
1 27643U          19302.69513889  .00000000  00000-0  00000-0 0 00000
2 27643 097.7370 063.179  0000000 000.0000 229.1310 15.01920000000000
1 27643U          19303.00833333  .00000000  00000-0  00000-0 0 00000
2 27643 097.7370 063.487  0000000 000.0000 120.3810 15.01920000000000
1 27643U          19303.33055556  .00000000  00000-0  00000-0 0 00000
2 27643 097.7370 063.805  0000000 000.0000 060.3820 15.01920000000000
1 27643U          19303.69097222  .00000000  00000-0  00000-0 0 00000
2 27643 097.7380 064.160  0000000 000.0000 206.6320 15.01920000000000
1 27643U          19304.04375000  .00000000  00000-0  00000-0 0 00000
2 27643 097.7380 064.508  0000000 000.0000 311.6330 15.01920000000000
1 27643U          19304.25833333  .00000000  00000-0  00000-0 0 00000
2 27643 097.7380 064.720  0000000 000.0000 030.3830 15.01920000000000
1 27643U          19304.66111111  .00000000  00000-0  00000-0 0 00000
2 27643 097.7390 065.117  0000000 000.0000 045.3840 15.01920000000000
1 27643U          19305.00347222  .00000000  00000-0  00000-0 0 00000
2 27643 097.7390 065.454  0000000 000.0000 094.1350 15.01920000000000
1 27643U          19305.39722222  .00000000  00000-0  00000-0 0 00000
2 27643 097.7390 065.842  0000000 000.0000 060.3850 15.01920000000000
1 27643U          19305.71527778  .00000000  00000-0  00000-0 0 00000
2 27643 097.7390 066.156  0000000 000.0000 337.8860 15.01920000000000
1 27643U          19305.96250000  .00000000  00000-0  00000-0 0 00000
2 27643 097.7390 066.400  0000000 000.0000 232.8860 15.01920000000000
1 27643U          19306.40208333  .00000000  00000-0  00000-0 0 00000
2 27643 097.7400 066.833  0000000 000.0000 086.6370 15.01920000000000
1 27643U          19306.64236111  .00000000  00000-0  00000-0 0 00000
2 27643 097.7400 067.070  0000000 000.0000 304.1380 15.01920000000000
1 27643U          19307.07291667  .00000000  00000-0  00000-0 0 00000
2 27643 097.7400 067.494  0000000 000.0000 109.1380 15.01920000000000
1 27643U          19307.30000000  .00000000  00000-0  00000-0 0 00000
2 27643 097.7400 067.718  0000000 000.0000 255.3890 15.01920000000000
1 27643U          19307.63125000  .00000000  00000-0  00000-0 0 00000
2 27643 097.7410 068.045  0000000 000.0000 244.1390 15.01920000000000
1 27643U          19307.95902778  .00000000  00000-0  00000-0 0 00000
2 27643 097.7410 068.368  0000000 000.0000 214.1400 15.01920000000000
1 27643U          19308.40000000  .00000000  00000-0  00000-0 0 00000
2 27643 097.7410 068.803  0000000 000.0000 075.3910 15.01920000000000
1 27643U          19308.62916667  .00000000  00000-0  00000-0 0 00000
2 27643 097.7410 069.029  0000000 000.0000 232.8910 15.01920000000000
1 27643U          19308.95000000  .00000000  00000-0  00000-0 0 00000
2 27643 097.7420 069.345  0000000 000.0000 165.3920 15.01920000000000
1 27643U          19309.31666667  .00000000  00000-0  00000-0 0 00000
2 27643 097.7420 069.706  0000000 000.0000 345.3920 15.01920000000000
1 27643U          19309.70486111  .00000000  00000-0  00000-0 0 00000
2 27643 097.7420 070.089  0000000 000.0000 281.6430 15.01920000000000
1 27643U          19309.97916667  .00000000  00000-0  00000-0 0 00000
2 27643 097.7420 070.359  0000000 000.0000 322.8940 15.01920000000000
1 27643U          19310.38958333  .00000000  00000-0  00000-0 0 00000
2 27643 097.7420 070.764  0000000 000.0000 019.1440 15.01920000000000
1 27643U          19310.65069444  .00000000  00000-0  00000-0 0 00000
2 27643 097.7430 071.021  0000000 000.0000 349.1450 15.01920000000000
1 27643U          19311.01944444  .00000000  00000-0  00000-0 0 00000
2 27643 097.7430 071.385  0000000 000.0000 180.3960 15.01920000000000
1 27643U          19311.34444444  .00000000  00000-0  00000-0 0 00000
2 27643 097.7430 071.705  0000000 000.0000 135.3960 15.01920000000000
1 27643U          19311.69513889  .00000000  00000-0  00000-0 0 00000
2 27643 097.7430 072.051  0000000 000.0000 229.1470 15.01920000000000
1 27643U          19311.90069444  .00000000  00000-0  00000-0 0 00000
2 27643 097.7430 072.254  0000000 000.0000 259.1470 15.01914300000000
1 27643U          19312.27638889  .00000000  00000-0  00000-0 0 00000
2 27643 097.7440 072.624  0000000 000.0000 127.8980 15.01914300000000
1 27643U          19312.64027778  .00000000  00000-0  00000-0 0 00000
2 27643 097.7440 072.983  0000000 000.0000 292.8980 15.01914300000000
1 27643U          19312.89722222  .00000000  00000-0  00000-0 0 00000
2 27643 097.7440 073.236  0000000 000.0000 240.3990 15.01914300000000
1 27643U          19313.25000000  .00000000  00000-0  00000-0 0 00000
2 27643 097.7440 073.584  0000000 000.0000 345.4000 15.01914300000000
1 27643U          19313.57777778  .00000000  00000-0  00000-0 0 00000
2 27643 097.7440 073.907  0000000 000.0000 315.4000 15.01914300000000
1 27643U          19313.92569444  .00000000  00000-0  00000-0 0 00000
2 27643 097.7440 074.250  0000000 000.0000 034.1510 15.01914300000000
1 27643U          19314.16527778  .00000000  00000-0  00000-0 0 00000
2 27643 097.7450 074.486  0000000 000.0000 247.9010 15.01914300000000
1 27643U          19314.50277778  .00000000  00000-0  00000-0 0 00000
2 27643 097.7450 074.819  0000000 000.0000 270.4020 15.01914300000000
1 27643U          19314.83958333  .00000000  00000-0  00000-0 0 00000
2 27643 097.7450 075.151  0000000 000.0000 289.1530 15.01914300000000
1 27643U          19315.16250000  .00000000  00000-0  00000-0 0 00000
2 27643 097.7450 075.469  0000000 000.0000 232.9030 15.01914300000000
1 27643U          19315.59375000  .00000000  00000-0  00000-0 0 00000
2 27643 097.7450 075.895  0000000 000.0000 041.6540 15.01914300000000
1 27643U          19315.91527778  .00000000  00000-0  00000-0 0 00000
2 27643 097.7450 076.212  0000000 000.0000 337.9050 15.01914300000000
1 27643U          19316.29861111  .00000000  00000-0  00000-0 0 00000
2 27643 097.7450 076.589  0000000 000.0000 247.9050 15.01914300000000
1 27643U          19316.49375000  .00000000  00000-0  00000-0 0 00000
2 27643 097.7460 076.782  0000000 000.0000 221.6560 15.01914300000000
1 27643U          19316.87083333  .00000000  00000-0  00000-0 0 00000
2 27643 097.7460 077.154  0000000 000.0000 097.9060 15.01914300000000
1 27643U          19317.17916667  .00000000  00000-0  00000-0 0 00000
2 27643 097.7460 077.458  0000000 000.0000 322.9070 15.01914300000000
1 27643U          19317.63055556  .00000000  00000-0  00000-0 0 00000
2 27643 097.7460 077.903  0000000 000.0000 240.4080 15.01914300000000
1 27643U          19317.85416667  .00000000  00000-0  00000-0 0 00000
2 27643 097.7460 078.123  0000000 000.0000 007.9080 15.01914300000000
1 27643U          19318.20486111  .00000000  00000-0  00000-0 0 00000
2 27643 097.7460 078.469  0000000 000.0000 101.6590 15.01914300000000
1 27643U          19318.48958333  .00000000  00000-0  00000-0 0 00000
2 27643 097.7460 078.749  0000000 000.0000 199.1590 15.01914300000000
1 27643U          19318.89583333  .00000000  00000-0  00000-0 0 00000
2 27643 097.7460 079.150  0000000 000.0000 232.9100 15.01914300000000
1 27643U          19318.95763889  .00000000  00000-0  00000-0 0 00000
2 27643 097.7460 079.211  0000000 000.0000 206.6600 15.01914300000000
1 27643U          19319.23819444  .00000000  00000-0  00000-0 0 00000
2 27643 097.7470 079.487  0000000 000.0000 281.6610 15.01914300000000
1 27643U          19319.55972222  .00000000  00000-0  00000-0 0 00000
2 27643 097.7470 079.804  0000000 000.0000 217.9110 15.01914300000000
1 27643U          19319.82291667  .00000000  00000-0  00000-0 0 00000
2 27643 097.7470 080.064  0000000 000.0000 199.1620 15.01914300000000
1 27643U          19320.30000000  .00000000  00000-0  00000-0 0 00000
2 27643 097.7470 080.534  0000000 000.0000 255.4130 15.01914300000000
1 27643U          19320.58402778  .00000000  00000-0  00000-0 0 00000
2 27643 097.7470 080.814  0000000 000.0000 349.1630 15.01914300000000
1 27643U          19320.94583333  .00000000  00000-0  00000-0 0 00000
2 27643 097.7470 081.171  0000000 000.0000 142.9140 15.01914300000000
1 27643U          19321.15902778  .00000000  00000-0  00000-0 0 00000
2 27643 097.7470 081.381  0000000 000.0000 214.1640 15.01914300000000
1 27643U          19321.55555556  .00000000  00000-0  00000-0 0 00000
2 27643 097.7470 081.772  0000000 000.0000 195.4150 15.01914300000000
1 27643U          19321.82708333  .00000000  00000-0  00000-0 0 00000
2 27643 097.7470 082.040  0000000 000.0000 221.6660 15.01914300000000
1 27643U          19322.18750000  .00000000  00000-0  00000-0 0 00000
2 27643 097.7470 082.395  0000000 000.0000 007.9160 15.01914300000000
1 27643U          19322.57083333  .00000000  00000-0  00000-0 0 00000
2 27643 097.7470 082.773  0000000 000.0000 277.9170 15.01914300000000
1 27643U          19322.83402778  .00000000  00000-0  00000-0 0 00000
2 27643 097.7480 083.032  0000000 000.0000 259.1680 15.01914300000000
1 27643U          19323.18541667  .00000000  00000-0  00000-0 0 00000
2 27643 097.7480 083.379  0000000 000.0000 356.6680 15.01914300000000
1 27643U          19323.55138889  .00000000  00000-0  00000-0 0 00000
2 27643 097.7480 083.740  0000000 000.0000 172.9190 15.01914300000000
1 27643U          19323.87569444  .00000000  00000-0  00000-0 0 00000
2 27643 097.7480 084.059  0000000 000.0000 124.1700 15.01914300000000
1 27643U          19324.28750000  .00000000  00000-0  00000-0 0 00000
2 27643 097.7480 084.465  0000000 000.0000 187.9200 15.01914300000000
1 27643U          19324.56111111  .00000000  00000-0  00000-0 0 00000
2 27643 097.7480 084.735  0000000 000.0000 225.4210 15.01914300000000
1 27643U          19324.85416667  .00000000  00000-0  00000-0 0 00000
2 27643 097.7480 085.024  0000000 000.0000 007.9210 15.01914300000000
1 27643U          19325.16180556  .00000000  00000-0  00000-0 0 00000
2 27643 097.7480 085.327  0000000 000.0000 229.1720 15.01914300000000
1 27643U          19325.55416667  .00000000  00000-0  00000-0 0 00000
2 27643 097.7480 085.714  0000000 000.0000 187.9230 15.01914300000000
1 27643U          19325.85833333  .00000000  00000-0  00000-0 0 00000
2 27643 097.7480 086.014  0000000 000.0000 030.4230 15.01914300000000
1 27643U          19325.89583333  .00000000  00000-0  00000-0 0 00000
2 27643 097.7480 086.051  0000000 000.0000 232.9230 15.01914300000000
1 27643U          19326.27708333  .00000000  00000-0  00000-0 0 00000
2 27643 097.7480 086.427  0000000 000.0000 131.6740 15.01914300000000
1 27643U          19326.48888889  .00000000  00000-0  00000-0 0 00000
2 27643 097.7480 086.636  0000000 000.0000 195.4250 15.01914300000000
1 27643U          19326.93472222  .00000000  00000-0  00000-0 0 00000
2 27643 097.7480 087.075  0000000 000.0000 082.9250 15.01914300000000
1 27643U          19327.26597222  .00000000  00000-0  00000-0 0 00000
2 27643 097.7480 087.402  0000000 000.0000 071.6760 15.01914300000000
1 27643U          19327.55277778  .00000000  00000-0  00000-0 0 00000
2 27643 097.7480 087.684  0000000 000.0000 180.4270 15.01914300000000
1 27643U          19327.91041667  .00000000  00000-0  00000-0 0 00000
2 27643 097.7480 088.037  0000000 000.0000 311.6770 15.01914300000000
1 27643U          19328.20902778  .00000000  00000-0  00000-0 0 00000
2 27643 097.7480 088.331  0000000 000.0000 124.1780 15.01914300000000
1 27643U          19328.59930556  .00000000  00000-0  00000-0 0 00000
2 27643 097.7480 088.716  0000000 000.0000 071.6790 15.01914300000000
1 27643U          19328.89861111  .00000000  00000-0  00000-0 0 00000
2 27643 097.7480 089.011  0000000 000.0000 247.9290 15.01914300000000
1 27643U          19329.28819444  .00000000  00000-0  00000-0 0 00000
2 27643 097.7480 089.395  0000000 000.0000 191.6800 15.01914300000000
1 27643U          19329.51666667  .00000000  00000-0  00000-0 0 00000
2 27643 097.7480 089.621  0000000 000.0000 345.4300 15.01914300000000
1 27643U          19329.87083333  .00000000  00000-0  00000-0 0 00000
2 27643 097.7480 089.970  0000000 000.0000 097.9310 15.01914300000000
1 27643U          19330.27916667  .00000000  00000-0  00000-0 0 00000
2 27643 097.7480 090.372  0000000 000.0000 142.9320 15.01914300000000
1 27643U          19330.59166667  .00000000  00000-0  00000-0 0 00000
2 27643 097.7480 090.680  0000000 000.0000 030.4320 15.01914300000000
1 27643U          19330.92916667  .00000000  00000-0  00000-0 0 00000
2 27643 097.7480 091.013  0000000 000.0000 052.9330 15.01914300000000
1 27643U          19331.27361111  .00000000  00000-0  00000-0 0 00000
2 27643 097.7480 091.353  0000000 000.0000 112.9340 15.01914300000000
1 27643U          19331.55138889  .00000000  00000-0  00000-0 0 00000
2 27643 097.7480 091.627  0000000 000.0000 172.9340 15.01914300000000
1 27643U          19331.97638889  .00000000  00000-0  00000-0 0 00000
2 27643 097.7480 092.046  0000000 000.0000 307.9350 15.01914300000000
1 27643U          19332.25694444  .00000000  00000-0  00000-0 0 00000
2 27643 097.7480 092.322  0000000 000.0000 022.9360 15.01914300000000
1 27643U          19332.50972222  .00000000  00000-0  00000-0 0 00000
2 27643 097.7480 092.571  0000000 000.0000 307.9360 15.01914300000000
1 27643U          19332.89583333  .00000000  00000-0  00000-0 0 00000
2 27643 097.7480 092.952  0000000 000.0000 232.9370 15.01914300000000
