1 28692U          19282.03125000  .00000000  00000-0  00000-0 0 00000
2 28692 097.7010 145.6880 0000000 000.0000 065.9830 15.01920000000000
1 28692U          19282.30208333  .00000000  00000-0  00000-0 0 00000
2 28692 097.7000 145.9550 0000000 000.0000 088.4840 15.01920000000000
1 28692U          19282.65000000  .00000000  00000-0  00000-0 0 00000
2 28692 097.7000 146.2980 0000000 000.0000 167.2340 15.01920000000000
1 28692U          19282.98750000  .00000000  00000-0  00000-0 0 00000
2 28692 097.6990 146.6300 0000000 000.0000 189.7340 15.01920000000000
1 28692U          19283.39236111  .00000000  00000-0  00000-0 0 00000
2 28692 097.6980 147.0290 0000000 000.0000 215.9850 15.01920000000000
1 28692U          19283.63819444  .00000000  00000-0  00000-0 0 00000
2 28692 097.6980 147.2720 0000000 000.0000 103.4850 15.01920000000000
1 28692U          19284.06875000  .00000000  00000-0  00000-0 0 00000
2 28692 097.6970 147.6960 0000000 000.0000 268.4860 15.01920000000000
1 28692U          19284.40902778  .00000000  00000-0  00000-0 0 00000
2 28692 097.6970 148.0320 0000000 000.0000 305.9860 15.01920000000000
1 28692U          19284.63541667  .00000000  00000-0  00000-0 0 00000
2 28692 097.6960 148.2550 0000000 000.0000 088.4860 15.01920000000000
1 28692U          19284.97986111  .00000000  00000-0  00000-0 0 00000
2 28692 097.6960 148.5940 0000000 000.0000 148.4860 15.01920000000000
1 28692U          19285.37291667  .00000000  00000-0  00000-0 0 00000
2 28692 097.6950 148.9820 0000000 000.0000 110.9870 15.01920000000000
1 28692U          19285.63750000  .00000000  00000-0  00000-0 0 00000
2 28692 097.6950 149.2430 0000000 000.0000 099.7370 15.01920000000000
1 28692U          19286.08055556  .00000000  00000-0  00000-0 0 00000
2 28692 097.6940 149.6790 0000000 000.0000 332.2380 15.01920000000000
1 28692U          19286.38680556  .00000000  00000-0  00000-0 0 00000
2 28692 097.6940 149.9810 0000000 000.0000 185.9880 15.01920000000000
1 28692U          19286.63611111  .00000000  00000-0  00000-0 0 00000
2 28692 097.6930 150.2270 0000000 000.0000 092.2380 15.01920000000000
1 28692U          19286.92291667  .00000000  00000-0  00000-0 0 00000
2 28692 097.6930 150.5100 0000000 000.0000 200.9880 15.01920000000000
1 28692U          19287.27500000  .00000000  00000-0  00000-0 0 00000
2 28692 097.6920 150.8570 0000000 000.0000 302.2390 15.01920000000000
1 28692U          19287.73611111  .00000000  00000-0  00000-0 0 00000
2 28692 097.6910 151.3110 0000000 000.0000 272.2390 15.01920000000000
1 28692U          19287.93472222  .00000000  00000-0  00000-0 0 00000
2 28692 097.6910 151.5070 0000000 000.0000 264.7390 15.01920000000000
1 28692U          19288.37847222  .00000000  00000-0  00000-0 0 00000
2 28692 097.6900 151.9440 0000000 000.0000 140.9900 15.01920000000000
1 28692U          19288.64027778  .00000000  00000-0  00000-0 0 00000
2 28692 097.6900 152.2020 0000000 000.0000 114.7400 15.01920000000000
1 28692U          19289.01388889  .00000000  00000-0  00000-0 0 00000
2 28692 097.6890 152.5710 0000000 000.0000 332.2400 15.01920000000000
1 28692U          19289.40763889  .00000000  00000-0  00000-0 0 00000
2 28692 097.6890 152.9590 0000000 000.0000 298.4910 15.01920000000000
1 28692U          19289.59861111  .00000000  00000-0  00000-0 0 00000
2 28692 097.6880 153.1470 0000000 000.0000 249.7410 15.01920000000000
1 28692U          19290.04861111  .00000000  00000-0  00000-0 0 00000
2 28692 097.6880 153.5910 0000000 000.0000 159.7410 15.01920000000000
1 28692U          19290.27152778  .00000000  00000-0  00000-0 0 00000
2 28692 097.6870 153.8100 0000000 000.0000 283.4910 15.01920000000000
1 28692U          19290.68055556  .00000000  00000-0  00000-0 0 00000
2 28692 097.6870 154.2140 0000000 000.0000 332.2420 15.01920000000000
1 28692U          19290.96875000  .00000000  00000-0  00000-0 0 00000
2 28692 097.6860 154.4980 0000000 000.0000 088.4920 15.01920000000000
1 28692U          19291.25486111  .00000000  00000-0  00000-0 0 00000
2 28692 097.6860 154.7800 0000000 000.0000 193.4920 15.01920000000000
1 28692U          19291.60902778  .00000000  00000-0  00000-0 0 00000
2 28692 097.6850 155.1290 0000000 000.0000 305.9920 15.01920000000000
1 28692U          19291.98750000  .00000000  00000-0  00000-0 0 00000
2 28692 097.6840 155.5020 0000000 000.0000 189.7430 15.01920000000000
1 28692U          19292.38819444  .00000000  00000-0  00000-0 0 00000
2 28692 097.6840 155.8970 0000000 000.0000 193.4930 15.01920000000000
1 28692U          19292.74791667  .00000000  00000-0  00000-0 0 00000
2 28692 097.6830 156.2510 0000000 000.0000 335.9930 15.01920000000000
1 28692U          19293.00208333  .00000000  00000-0  00000-0 0 00000
2 28692 097.6830 156.5020 0000000 000.0000 268.4940 15.01920000000000
1 28692U          19293.40347222  .00000000  00000-0  00000-0 0 00000
2 28692 097.6820 156.8980 0000000 000.0000 275.9940 15.01920000000000
1 28692U          19293.71250000  .00000000  00000-0  00000-0 0 00000
2 28692 097.6810 157.2020 0000000 000.0000 144.7440 15.01920000000000
1 28692U          19294.06388889  .00000000  00000-0  00000-0 0 00000
2 28692 097.6810 157.5490 0000000 000.0000 242.2440 15.01920000000000
1 28692U          19294.25069444  .00000000  00000-0  00000-0 0 00000
2 28692 097.6810 157.7330 0000000 000.0000 170.9950 15.01920000000000
1 28692U          19294.63888889  .00000000  00000-0  00000-0 0 00000
2 28692 097.6800 158.1150 0000000 000.0000 107.2450 15.01920000000000
1 28692U          19294.96319444  .00000000  00000-0  00000-0 0 00000
2 28692 097.6790 158.4350 0000000 000.0000 058.4950 15.01920000000000
1 28692U          19295.26875000  .00000000  00000-0  00000-0 0 00000
2 28692 097.6790 158.7360 0000000 000.0000 268.4950 15.01920000000000
1 28692U          19295.72430556  .00000000  00000-0  00000-0 0 00000
2 28692 097.6780 159.1850 0000000 000.0000 208.4960 15.01920000000000
1 28692U          19295.95416667  .00000000  00000-0  00000-0 0 00000
2 28692 097.6780 159.4120 0000000 000.0000 009.7460 15.01920000000000
1 28692U          19296.28194444  .00000000  00000-0  00000-0 0 00000
2 28692 097.6770 159.7350 0000000 000.0000 339.7460 15.01920000000000
1 28692U          19296.61527778  .00000000  00000-0  00000-0 0 00000
2 28692 097.6760 160.0640 0000000 000.0000 339.7460 15.01920000000000
1 28692U          19297.00347222  .00000000  00000-0  00000-0 0 00000
2 28692 097.6760 160.4460 0000000 000.0000 275.9960 15.01920000000000
1 28692U          19297.38055556  .00000000  00000-0  00000-0 0 00000
2 28692 097.6750 160.8180 0000000 000.0000 152.2470 15.01920000000000
1 28692U          19297.73611111  .00000000  00000-0  00000-0 0 00000
2 28692 097.6740 161.1680 0000000 000.0000 272.2470 15.01920000000000
1 28692U          19298.05416667  .00000000  00000-0  00000-0 0 00000
2 28692 097.6740 161.4820 0000000 000.0000 189.7470 15.01920000000000
1 28692U          19298.32847222  .00000000  00000-0  00000-0 0 00000
2 28692 097.6730 161.7520 0000000 000.0000 230.9970 15.01920000000000
1 28692U          19298.64930556  .00000000  00000-0  00000-0 0 00000
2 28692 097.6730 162.0680 0000000 000.0000 163.4980 15.01920000000000
1 28692U          19299.05625000  .00000000  00000-0  00000-0 0 00000
2 28692 097.6720 162.4700 0000000 000.0000 200.9980 15.01920000000000
1 28692U          19299.29652778  .00000000  00000-0  00000-0 0 00000
2 28692 097.6720 162.7060 0000000 000.0000 058.4980 15.01920000000000
1 28692U          19299.65000000  .00000000  00000-0  00000-0 0 00000
2 28692 097.6710 163.0550 0000000 000.0000 167.2480 15.01920000000000
1 28692U          19299.99861111  .00000000  00000-0  00000-0 0 00000
2 28692 097.6700 163.3980 0000000 000.0000 249.7480 15.01920000000000
1 28692U          19300.40555556  .00000000  00000-0  00000-0 0 00000
2 28692 097.6700 163.8000 0000000 000.0000 287.2490 15.01920000000000
1 28692U          19300.60208333  .00000000  00000-0  00000-0 0 00000
2 28692 097.6690 163.9930 0000000 000.0000 268.4990 15.01920000000000
1 28692U          19301.02708333  .00000000  00000-0  00000-0 0 00000
2 28692 097.6690 164.4120 0000000 000.0000 043.4990 15.01920000000000
1 28692U          19301.30277778  .00000000  00000-0  00000-0 0 00000
2 28692 097.6680 164.6840 0000000 000.0000 092.2490 15.01920000000000
1 28692U          19301.72430556  .00000000  00000-0  00000-0 0 00000
2 28692 097.6670 165.0990 0000000 000.0000 208.4990 15.01920000000000
1 28692U          19301.96597222  .00000000  00000-0  00000-0 0 00000
2 28692 097.6670 165.3380 0000000 000.0000 073.4990 15.01920000000000
1 28692U          19302.32152778  .00000000  00000-0  00000-0 0 00000
2 28692 097.6660 165.6880 0000000 000.0000 193.5000 15.01920000000000
1 28692U          19302.71250000  .00000000  00000-0  00000-0 0 00000
2 28692 097.6660 166.0730 0000000 000.0000 144.7500 15.01920000000000
1 28692U          19302.98750000  .00000000  00000-0  00000-0 0 00000
2 28692 097.6650 166.3440 0000000 000.0000 189.7500 15.01920000000000
1 28692U          19303.40902778  .00000000  00000-0  00000-0 0 00000
2 28692 097.6640 166.7600 0000000 000.0000 306.0000 15.01920000000000
1 28692U          19303.65069444  .00000000  00000-0  00000-0 0 00000
2 28692 097.6640 166.9980 0000000 000.0000 171.0000 15.01920000000000
1 28692U          19303.97152778  .00000000  00000-0  00000-0 0 00000
2 28692 097.6630 167.3140 0000000 000.0000 103.5000 15.01920000000000
1 28692U          19304.25069444  .00000000  00000-0  00000-0 0 00000
2 28692 097.6630 167.5900 0000000 000.0000 171.0000 15.01920000000000
1 28692U          19304.74375000  .00000000  00000-0  00000-0 0 00000
2 28692 097.6620 168.0760 0000000 000.0000 313.5010 15.01920000000000
1 28692U          19304.98750000  .00000000  00000-0  00000-0 0 00000
2 28692 097.6610 168.3160 0000000 000.0000 189.7510 15.01920000000000
1 28692U          19305.34375000  .00000000  00000-0  00000-0 0 00000
2 28692 097.6610 168.6670 0000000 000.0000 313.5010 15.01920000000000
1 28692U          19305.65208333  .00000000  00000-0  00000-0 0 00000
2 28692 097.6600 168.9710 0000000 000.0000 178.5010 15.01920000000000
1 28692U          19306.01041667  .00000000  00000-0  00000-0 0 00000
2 28692 097.6600 169.3240 0000000 000.0000 313.5010 15.01920000000000
1 28692U          19306.29236111  .00000000  00000-0  00000-0 0 00000
2 28692 097.6590 169.6020 0000000 000.0000 036.0010 15.01920000000000
1 28692U          19306.62500000  .00000000  00000-0  00000-0 0 00000
2 28692 097.6580 169.9300 0000000 000.0000 032.2510 15.01920000000000
1 28692U          19306.97083333  .00000000  00000-0  00000-0 0 00000
2 28692 097.6580 170.2710 0000000 000.0000 099.7510 15.01920000000000
1 28692U          19307.31944444  .00000000  00000-0  00000-0 0 00000
2 28692 097.6570 170.6140 0000000 000.0000 182.2520 15.01920000000000
1 28692U          19307.58333333  .00000000  00000-0  00000-0 0 00000
2 28692 097.6570 170.8740 0000000 000.0000 167.2520 15.01920000000000
1 28692U          19307.95000000  .00000000  00000-0  00000-0 0 00000
2 28692 097.6560 171.2360 0000000 000.0000 347.2520 15.01920000000000
1 28692U          19308.25277778  .00000000  00000-0  00000-0 0 00000
2 28692 097.6550 171.5340 0000000 000.0000 182.2520 15.01920000000000
1 28692U          19308.69236111  .00000000  00000-0  00000-0 0 00000
2 28692 097.6550 171.9670 0000000 000.0000 036.0020 15.01920000000000
1 28692U          19309.03680556  .00000000  00000-0  00000-0 0 00000
2 28692 097.6540 172.3070 0000000 000.0000 096.0020 15.01920000000000
1 28692U          19309.29444444  .00000000  00000-0  00000-0 0 00000
2 28692 097.6540 172.5610 0000000 000.0000 047.2520 15.01920000000000
1 28692U          19309.73194444  .00000000  00000-0  00000-0 0 00000
2 28692 097.6530 172.9920 0000000 000.0000 249.7520 15.01920000000000
1 28692U          19310.01666667  .00000000  00000-0  00000-0 0 00000
2 28692 097.6520 173.2730 0000000 000.0000 347.2520 15.01920000000000
1 28692U          19310.40555556  .00000000  00000-0  00000-0 0 00000
2 28692 097.6510 173.6560 0000000 000.0000 287.2520 15.01920000000000
1 28692U          19310.63472222  .00000000  00000-0  00000-0 0 00000
2 28692 097.6510 173.8820 0000000 000.0000 084.7530 15.01920000000000
1 28692U          19310.93541667  .00000000  00000-0  00000-0 0 00000
2 28692 097.6500 174.1780 0000000 000.0000 268.5030 15.01920000000000
1 28692U          19311.25347222  .00000000  00000-0  00000-0 0 00000
2 28692 097.6500 174.4920 0000000 000.0000 186.0030 15.01920000000000
1 28692U          19311.68750000  .00000000  00000-0  00000-0 0 00000
2 28692 097.6490 174.9200 0000000 000.0000 009.7530 15.01920000000000
1 28692U          19311.89583333  .00000000  00000-0  00000-0 0 00000
2 28692 097.6490 175.1250 0000000 000.0000 054.7530 15.01914300000000
1 28692U          19312.16111111  .00000000  00000-0  00000-0 0 00000
2 28692 097.6480 175.3860 0000000 000.0000 047.2530 15.01914300000000
1 28692U          19312.48472222  .00000000  00000-0  00000-0 0 00000
2 28692 097.6480 175.7050 0000000 000.0000 354.7530 15.01914300000000
1 28692U          19312.96805556  .00000000  00000-0  00000-0 0 00000
2 28692 097.6470 176.1820 0000000 000.0000 084.7530 15.01914300000000
1 28692U          19313.21388889  .00000000  00000-0  00000-0 0 00000
2 28692 097.6460 176.4240 0000000 000.0000 332.2530 15.01914300000000
1 28692U          19313.63611111  .00000000  00000-0  00000-0 0 00000
2 28692 097.6450 176.8400 0000000 000.0000 092.2530 15.01914300000000
1 28692U          19313.81319444  .00000000  00000-0  00000-0 0 00000
2 28692 097.6450 177.0150 0000000 000.0000 328.5030 15.01914300000000
1 28692U          19314.14861111  .00000000  00000-0  00000-0 0 00000
2 28692 097.6450 177.3450 0000000 000.0000 339.7530 15.01914300000000
1 28692U          19314.64444444  .00000000  00000-0  00000-0 0 00000
2 28692 097.6440 177.8340 0000000 000.0000 137.2530 15.01914300000000
1 28692U          19314.82083333  .00000000  00000-0  00000-0 0 00000
2 28692 097.6430 178.0080 0000000 000.0000 009.7530 15.01914300000000
1 28692U          19315.17361111  .00000000  00000-0  00000-0 0 00000
2 28692 097.6430 178.3560 0000000 000.0000 114.7530 15.01914300000000
1 28692U          19315.61805556  .00000000  00000-0  00000-0 0 00000
2 28692 097.6420 178.7940 0000000 000.0000 354.7530 15.01914300000000
1 28692U          19315.97777778  .00000000  00000-0  00000-0 0 00000
2 28692 097.6410 179.1480 0000000 000.0000 137.2530 15.01914300000000
1 28692U          19316.21805556  .00000000  00000-0  00000-0 0 00000
2 28692 097.6410 179.3850 0000000 000.0000 354.7530 15.01914300000000
1 28692U          19316.57916667  .00000000  00000-0  00000-0 0 00000
2 28692 097.6400 179.7410 0000000 000.0000 144.7530 15.01914300000000
1 28692U          19316.90277778  .00000000  00000-0  00000-0 0 00000
2 28692 097.6390 180.0600 0000000 000.0000 092.2530 15.01914300000000
1 28692U          19317.19097222  .00000000  00000-0  00000-0 0 00000
2 28692 097.6390 180.3440 0000000 000.0000 208.5030 15.01914300000000
1 28692U          19317.60902778  .00000000  00000-0  00000-0 0 00000
2 28692 097.6380 180.7560 0000000 000.0000 306.0030 15.01914300000000
1 28692U          19317.84652778  .00000000  00000-0  00000-0 0 00000
2 28692 097.6380 180.9900 0000000 000.0000 148.5030 15.01914300000000
1 28692U          19318.25833333  .00000000  00000-0  00000-0 0 00000
2 28692 097.6370 181.3960 0000000 000.0000 212.2530 15.01914300000000
1 28692U          19318.52083333  .00000000  00000-0  00000-0 0 00000
2 28692 097.6360 181.6550 0000000 000.0000 189.7530 15.01914300000000
1 28692U          19318.82777778  .00000000  00000-0  00000-0 0 00000
2 28692 097.6360 181.9570 0000000 000.0000 047.2530 15.01914300000000
1 28692U          19318.93750000  .00000000  00000-0  00000-0 0 00000
2 28692 097.6360 182.0650 0000000 000.0000 279.7530 15.01914300000000
1 28692U          19319.16805556  .00000000  00000-0  00000-0 0 00000
2 28692 097.6350 182.2930 0000000 000.0000 084.7530 15.01914300000000
1 28692U          19319.61805556  .00000000  00000-0  00000-0 0 00000
2 28692 097.6340 182.7360 0000000 000.0000 354.7530 15.01914300000000
1 28692U          19319.84236111  .00000000  00000-0  00000-0 0 00000
2 28692 097.6340 182.9570 0000000 000.0000 126.0030 15.01914300000000
1 28692U          19320.21736111  .00000000  00000-0  00000-0 0 00000
2 28692 097.6330 183.3270 0000000 000.0000 351.0030 15.01914300000000
1 28692U          19320.55277778  .00000000  00000-0  00000-0 0 00000
2 28692 097.6330 183.6570 0000000 000.0000 002.2530 15.01914300000000
1 28692U          19320.93958333  .00000000  00000-0  00000-0 0 00000
2 28692 097.6320 184.0390 0000000 000.0000 291.0030 15.01914300000000
1 28692U          19321.19444444  .00000000  00000-0  00000-0 0 00000
2 28692 097.6310 184.2900 0000000 000.0000 227.2530 15.01914300000000
1 28692U          19321.53263889  .00000000  00000-0  00000-0 0 00000
2 28692 097.6310 184.6230 0000000 000.0000 253.5030 15.01914300000000
1 28692U          19321.96944444  .00000000  00000-0  00000-0 0 00000
2 28692 097.6300 185.0540 0000000 000.0000 092.2530 15.01914300000000
1 28692U          19322.29166667  .00000000  00000-0  00000-0 0 00000
2 28692 097.6290 185.3710 0000000 000.0000 032.2530 15.01914300000000
1 28692U          19322.64027778  .00000000  00000-0  00000-0 0 00000
2 28692 097.6290 185.7150 0000000 000.0000 114.7530 15.01914300000000
1 28692U          19322.94097222  .00000000  00000-0  00000-0 0 00000
2 28692 097.6280 186.0110 0000000 000.0000 298.5030 15.01914300000000
1 28692U          19323.25277778  .00000000  00000-0  00000-0 0 00000
2 28692 097.6280 186.3180 0000000 000.0000 182.2530 15.01914300000000
1 28692U          19323.51597222  .00000000  00000-0  00000-0 0 00000
2 28692 097.6270 186.5780 0000000 000.0000 163.5030 15.01914300000000
1 28692U          19323.85555556  .00000000  00000-0  00000-0 0 00000
2 28692 097.6270 186.9120 0000000 000.0000 197.2530 15.01914300000000
1 28692U          19324.21875000  .00000000  00000-0  00000-0 0 00000
2 28692 097.6260 187.2700 0000000 000.0000 358.5030 15.01914300000000
1 28692U          19324.54305556  .00000000  00000-0  00000-0 0 00000
2 28692 097.6250 187.5900 0000000 000.0000 309.7530 15.01914300000000
1 28692U          19324.94444444  .00000000  00000-0  00000-0 0 00000
2 28692 097.6250 187.9860 0000000 000.0000 317.2520 15.01914300000000
1 28692U          19325.26597222  .00000000  00000-0  00000-0 0 00000
2 28692 097.6240 188.3030 0000000 000.0000 253.5020 15.01914300000000
1 28692U          19325.59097222  .00000000  00000-0  00000-0 0 00000
2 28692 097.6230 188.6230 0000000 000.0000 208.5020 15.01914300000000
1 28692U          19325.89583333  .00000000  00000-0  00000-0 0 00000
2 28692 097.6230 188.9230 0000000 000.0000 054.7520 15.01914300000000
1 28692U          19325.92430556  .00000000  00000-0  00000-0 0 00000
2 28692 097.6230 188.9510 0000000 000.0000 208.5020 15.01914300000000
1 28692U          19326.18750000  .00000000  00000-0  00000-0 0 00000
2 28692 097.6220 189.2110 0000000 000.0000 189.7520 15.01914300000000
1 28692U          19326.48472222  .00000000  00000-0  00000-0 0 00000
2 28692 097.6220 189.5040 0000000 000.0000 354.7520 15.01914300000000
1 28692U          19326.94097222  .00000000  00000-0  00000-0 0 00000
2 28692 097.6210 189.9530 0000000 000.0000 298.5020 15.01914300000000
1 28692U          19327.25555556  .00000000  00000-0  00000-0 0 00000
2 28692 097.6200 190.2630 0000000 000.0000 197.2520 15.01914300000000
1 28692U          19327.53541667  .00000000  00000-0  00000-0 0 00000
2 28692 097.6200 190.5390 0000000 000.0000 268.5020 15.01914300000000
1 28692U          19327.92708333  .00000000  00000-0  00000-0 0 00000
2 28692 097.6190 190.9250 0000000 000.0000 223.5020 15.01914300000000
1 28692U          19328.27083333  .00000000  00000-0  00000-0 0 00000
2 28692 097.6180 191.2640 0000000 000.0000 279.7520 15.01914300000000
1 28692U          19328.61319444  .00000000  00000-0  00000-0 0 00000
2 28692 097.6180 191.6010 0000000 000.0000 328.5010 15.01914300000000
1 28692U          19328.97569444  .00000000  00000-0  00000-0 0 00000
2 28692 097.6170 191.9590 0000000 000.0000 126.0010 15.01914300000000
1 28692U          19329.20347222  .00000000  00000-0  00000-0 0 00000
2 28692 097.6170 192.1830 0000000 000.0000 276.0010 15.01914300000000
1 28692U          19329.63819444  .00000000  00000-0  00000-0 0 00000
2 28692 097.6160 192.6120 0000000 000.0000 103.5010 15.01914300000000
1 28692U          19329.97361111  .00000000  00000-0  00000-0 0 00000
2 28692 097.6150 192.9420 0000000 000.0000 114.7510 15.01914300000000
1 28692U          19330.30555556  .00000000  00000-0  00000-0 0 00000
2 28692 097.6150 193.2690 0000000 000.0000 107.2510 15.01914300000000
1 28692U          19330.58958333  .00000000  00000-0  00000-0 0 00000
2 28692 097.6140 193.5490 0000000 000.0000 201.0010 15.01914300000000
1 28692U          19330.90347222  .00000000  00000-0  00000-0 0 00000
2 28692 097.6140 193.8590 0000000 000.0000 096.0010 15.01914300000000
1 28692U          19331.22222222  .00000000  00000-0  00000-0 0 00000
2 28692 097.6130 194.1730 0000000 000.0000 017.2500 15.01914300000000
1 28692U          19331.50833333  .00000000  00000-0  00000-0 0 00000
2 28692 097.6130 194.4550 0000000 000.0000 122.2500 15.01914300000000
1 28692U          19331.91805556  .00000000  00000-0  00000-0 0 00000
2 28692 097.6120 194.8590 0000000 000.0000 174.7500 15.01914300000000
1 28692U          19332.29930556  .00000000  00000-0  00000-0 0 00000
2 28692 097.6110 195.2340 0000000 000.0000 073.5000 15.01914300000000
1 28692U          19332.64166667  .00000000  00000-0  00000-0 0 00000
2 28692 097.6110 195.5720 0000000 000.0000 122.2500 15.01914300000000
1 28692U          19332.89583333  .00000000  00000-0  00000-0 0 00000
2 28692 097.6100 195.8220 0000000 000.0000 054.7500 15.01914300000000
