1 30000U          19282.05347222  .00000000  00000-0  00000-0 0 00000
2 30000 097.6730 17.1120 0000000 000.0000 288.6460 15.01920000000000
1 30000U          19282.36319444  .00000000  00000-0  00000-0 0 00000
2 30000 097.6730 17.4180 0000000 000.0000 161.1460 15.01920000000000
1 30000U          19282.63680556  .00000000  00000-0  00000-0 0 00000
2 30000 097.6740 17.6870 0000000 000.0000 198.6460 15.01920000000000
1 30000U          19282.93958333  .00000000  00000-0  00000-0 0 00000
2 30000 097.6740 17.9860 0000000 000.0000 033.6470 15.01920000000000
1 30000U          19283.31180556  .00000000  00000-0  00000-0 0 00000
2 30000 097.6750 18.3530 0000000 000.0000 243.6470 15.01920000000000
1 30000U          19283.64513889  .00000000  00000-0  00000-0 0 00000
2 30000 097.6750 18.6810 0000000 000.0000 243.6470 15.01920000000000
1 30000U          19284.05347222  .00000000  00000-0  00000-0 0 00000
2 30000 097.6760 19.0840 0000000 000.0000 288.6470 15.01920000000000
1 30000U          19284.31666667  .00000000  00000-0  00000-0 0 00000
2 30000 097.6770 19.3430 0000000 000.0000 269.8970 15.01920000000000
1 30000U          19284.64861111  .00000000  00000-0  00000-0 0 00000
2 30000 097.6770 19.6700 0000000 000.0000 262.3980 15.01920000000000
1 30000U          19284.99583333  .00000000  00000-0  00000-0 0 00000
2 30000 097.6780 20.0130 0000000 000.0000 337.3980 15.01920000000000
1 30000U          19285.34722222  .00000000  00000-0  00000-0 0 00000
2 30000 097.6780 20.3590 0000000 000.0000 074.8980 15.01920000000000
1 30000U          19285.74236111  .00000000  00000-0  00000-0 0 00000
2 30000 097.6790 20.7480 0000000 000.0000 048.6480 15.01920000000000
1 30000U          19285.96875000  .00000000  00000-0  00000-0 0 00000
2 30000 097.6790 20.9720 0000000 000.0000 191.1490 15.01920000000000
1 30000U          19286.27569444  .00000000  00000-0  00000-0 0 00000
2 30000 097.6800 21.2740 0000000 000.0000 048.6490 15.01920000000000
1 30000U          19286.68472222  .00000000  00000-0  00000-0 0 00000
2 30000 097.6810 21.6770 0000000 000.0000 097.3990 15.01920000000000
1 30000U          19287.06319444  .00000000  00000-0  00000-0 0 00000
2 30000 097.6810 22.0500 0000000 000.0000 341.1490 15.01920000000000
1 30000U          19287.32361111  .00000000  00000-0  00000-0 0 00000
2 30000 097.6820 22.3070 0000000 000.0000 307.4000 15.01920000000000
1 30000U          19287.60347222  .00000000  00000-0  00000-0 0 00000
2 30000 097.6820 22.5830 0000000 000.0000 018.6500 15.01920000000000
1 30000U          19288.00416667  .00000000  00000-0  00000-0 0 00000
2 30000 097.6830 22.9780 0000000 000.0000 022.4000 15.01920000000000
1 30000U          19288.34583333  .00000000  00000-0  00000-0 0 00000
2 30000 097.6840 23.3150 0000000 000.0000 067.4000 15.01920000000000
1 30000U          19288.61944444  .00000000  00000-0  00000-0 0 00000
2 30000 097.6840 23.5840 0000000 000.0000 104.9010 15.01920000000000
1 30000U          19289.00347222  .00000000  00000-0  00000-0 0 00000
2 30000 097.6850 23.9630 0000000 000.0000 018.6510 15.01920000000000
1 30000U          19289.39583333  .00000000  00000-0  00000-0 0 00000
2 30000 097.6850 24.3500 0000000 000.0000 337.4010 15.01920000000000
1 30000U          19289.72291667  .00000000  00000-0  00000-0 0 00000
2 30000 097.6860 24.6720 0000000 000.0000 303.6510 15.01920000000000
1 30000U          19290.04236111  .00000000  00000-0  00000-0 0 00000
2 30000 097.6860 24.9870 0000000 000.0000 228.6520 15.01920000000000
1 30000U          19290.36944444  .00000000  00000-0  00000-0 0 00000
2 30000 097.6870 25.3090 0000000 000.0000 194.9020 15.01920000000000
1 30000U          19290.74027778  .00000000  00000-0  00000-0 0 00000
2 30000 097.6880 25.6750 0000000 000.0000 037.4020 15.01920000000000
1 30000U          19291.06597222  .00000000  00000-0  00000-0 0 00000
2 30000 097.6880 25.9960 0000000 000.0000 356.1530 15.01920000000000
1 30000U          19291.28055556  .00000000  00000-0  00000-0 0 00000
2 30000 097.6880 26.2070 0000000 000.0000 074.9030 15.01920000000000
1 30000U          19291.73680556  .00000000  00000-0  00000-0 0 00000
2 30000 097.6890 26.6570 0000000 000.0000 018.6530 15.01920000000000
1 30000U          19292.06875000  .00000000  00000-0  00000-0 0 00000
2 30000 097.6900 26.9840 0000000 000.0000 011.1540 15.01920000000000
1 30000U          19292.25208333  .00000000  00000-0  00000-0 0 00000
2 30000 097.6900 27.1650 0000000 000.0000 281.1540 15.01920000000000
1 30000U          19292.69861111  .00000000  00000-0  00000-0 0 00000
2 30000 097.6910 27.6050 0000000 000.0000 172.4040 15.01920000000000
1 30000U          19293.04861111  .00000000  00000-0  00000-0 0 00000
2 30000 097.6910 27.9500 0000000 000.0000 262.4040 15.01920000000000
1 30000U          19293.33333333  .00000000  00000-0  00000-0 0 00000
2 30000 097.6920 28.2310 0000000 000.0000 359.9050 15.01920000000000
1 30000U          19293.72430556  .00000000  00000-0  00000-0 0 00000
2 30000 097.6930 28.6160 0000000 000.0000 311.1550 15.01920000000000
1 30000U          19294.05138889  .00000000  00000-0  00000-0 0 00000
2 30000 097.6930 28.9390 0000000 000.0000 277.4050 15.01920000000000
1 30000U          19294.32152778  .00000000  00000-0  00000-0 0 00000
2 30000 097.6930 29.2050 0000000 000.0000 296.1560 15.01920000000000
1 30000U          19294.74722222  .00000000  00000-0  00000-0 0 00000
2 30000 097.6940 29.6250 0000000 000.0000 074.9060 15.01920000000000
1 30000U          19294.93888889  .00000000  00000-0  00000-0 0 00000
2 30000 097.6940 29.8140 0000000 000.0000 029.9060 15.01920000000000
1 30000U          19295.34236111  .00000000  00000-0  00000-0 0 00000
2 30000 097.6950 30.2110 0000000 000.0000 048.6570 15.01920000000000
1 30000U          19295.71180556  .00000000  00000-0  00000-0 0 00000
2 30000 097.6960 30.5750 0000000 000.0000 243.6570 15.01920000000000
1 30000U          19296.06597222  .00000000  00000-0  00000-0 0 00000
2 30000 097.6960 30.9250 0000000 000.0000 356.1570 15.01920000000000
1 30000U          19296.29722222  .00000000  00000-0  00000-0 0 00000
2 30000 097.6970 31.1520 0000000 000.0000 164.9080 15.01920000000000
1 30000U          19296.70625000  .00000000  00000-0  00000-0 0 00000
2 30000 097.6970 31.5560 0000000 000.0000 213.6580 15.01920000000000
1 30000U          19296.94652778  .00000000  00000-0  00000-0 0 00000
2 30000 097.6980 31.7930 0000000 000.0000 071.1580 15.01920000000000
1 30000U          19297.37777778  .00000000  00000-0  00000-0 0 00000
2 30000 097.6980 32.2180 0000000 000.0000 239.9090 15.01920000000000
1 30000U          19297.64861111  .00000000  00000-0  00000-0 0 00000
2 30000 097.6990 32.4850 0000000 000.0000 262.4090 15.01920000000000
1 30000U          19297.98750000  .00000000  00000-0  00000-0 0 00000
2 30000 097.6990 32.8190 0000000 000.0000 292.4090 15.01920000000000
1 30000U          19298.26944444  .00000000  00000-0  00000-0 0 00000
2 30000 097.7000 33.0970 0000000 000.0000 014.9100 15.01920000000000
1 30000U          19298.59791667  .00000000  00000-0  00000-0 0 00000
2 30000 097.7000 33.4200 0000000 000.0000 348.6600 15.01920000000000
1 30000U          19299.05555556  .00000000  00000-0  00000-0 0 00000
2 30000 097.7010 33.8720 0000000 000.0000 299.9100 15.01920000000000
1 30000U          19299.32500000  .00000000  00000-0  00000-0 0 00000
2 30000 097.7010 34.1370 0000000 000.0000 314.9110 15.01920000000000
1 30000U          19299.64236111  .00000000  00000-0  00000-0 0 00000
2 30000 097.7020 34.4500 0000000 000.0000 228.6610 15.01920000000000
1 30000U          19299.92916667  .00000000  00000-0  00000-0 0 00000
2 30000 097.7020 34.7330 0000000 000.0000 337.4110 15.01920000000000
1 30000U          19300.31250000  .00000000  00000-0  00000-0 0 00000
2 30000 097.7030 35.1110 0000000 000.0000 247.4120 15.01920000000000
1 30000U          19300.65625000  .00000000  00000-0  00000-0 0 00000
2 30000 097.7030 35.4490 0000000 000.0000 303.6620 15.01920000000000
1 30000U          19301.01319444  .00000000  00000-0  00000-0 0 00000
2 30000 097.7040 35.8010 0000000 000.0000 071.1630 15.01920000000000
1 30000U          19301.30833333  .00000000  00000-0  00000-0 0 00000
2 30000 097.7040 36.0920 0000000 000.0000 224.9130 15.01920000000000
1 30000U          19301.59305556  .00000000  00000-0  00000-0 0 00000
2 30000 097.7050 36.3730 0000000 000.0000 322.4130 15.01920000000000
1 30000U          19302.07152778  .00000000  00000-0  00000-0 0 00000
2 30000 097.7060 36.8450 0000000 000.0000 026.1640 15.01920000000000
1 30000U          19302.39444444  .00000000  00000-0  00000-0 0 00000
2 30000 097.7060 37.1630 0000000 000.0000 329.9140 15.01920000000000
1 30000U          19302.62500000  .00000000  00000-0  00000-0 0 00000
2 30000 097.7060 37.3900 0000000 000.0000 134.9150 15.01920000000000
1 30000U          19303.00138889  .00000000  00000-0  00000-0 0 00000
2 30000 097.7070 37.7610 0000000 000.0000 007.4150 15.01920000000000
1 30000U          19303.30902778  .00000000  00000-0  00000-0 0 00000
2 30000 097.7070 38.0640 0000000 000.0000 228.6650 15.01920000000000
1 30000U          19303.65763889  .00000000  00000-0  00000-0 0 00000
2 30000 097.7080 38.4080 0000000 000.0000 311.1660 15.01920000000000
1 30000U          19303.93125000  .00000000  00000-0  00000-0 0 00000
2 30000 097.7080 38.6780 0000000 000.0000 348.6660 15.01920000000000
1 30000U          19304.26180556  .00000000  00000-0  00000-0 0 00000
2 30000 097.7090 39.0040 0000000 000.0000 333.6670 15.01920000000000
1 30000U          19304.59305556  .00000000  00000-0  00000-0 0 00000
2 30000 097.7090 39.3300 0000000 000.0000 322.4170 15.01920000000000
1 30000U          19304.99444444  .00000000  00000-0  00000-0 0 00000
2 30000 097.7100 39.7260 0000000 000.0000 329.9170 15.01920000000000
1 30000U          19305.41666667  .00000000  00000-0  00000-0 0 00000
2 30000 097.7100 40.1420 0000000 000.0000 089.9180 15.01920000000000
1 30000U          19305.72916667  .00000000  00000-0  00000-0 0 00000
2 30000 097.7110 40.4500 0000000 000.0000 337.4180 15.01920000000000
1 30000U          19305.98680556  .00000000  00000-0  00000-0 0 00000
2 30000 097.7110 40.7040 0000000 000.0000 288.6690 15.01920000000000
1 30000U          19306.41111111  .00000000  00000-0  00000-0 0 00000
2 30000 097.7120 41.1220 0000000 000.0000 059.9190 15.01920000000000
1 30000U          19306.73333333  .00000000  00000-0  00000-0 0 00000
2 30000 097.7120 41.4400 0000000 000.0000 359.9200 15.01920000000000
1 30000U          19306.99513889  .00000000  00000-0  00000-0 0 00000
2 30000 097.7130 41.6980 0000000 000.0000 333.6700 15.01920000000000
1 30000U          19307.34791667  .00000000  00000-0  00000-0 0 00000
2 30000 097.7130 42.0460 0000000 000.0000 078.6700 15.01920000000000
1 30000U          19307.70972222  .00000000  00000-0  00000-0 0 00000
2 30000 097.7140 42.4020 0000000 000.0000 232.4210 15.01920000000000
1 30000U          19307.98541667  .00000000  00000-0  00000-0 0 00000
2 30000 097.7140 42.6740 0000000 000.0000 281.1710 15.01920000000000
1 30000U          19308.26805556  .00000000  00000-0  00000-0 0 00000
2 30000 097.7140 42.9530 0000000 000.0000 007.4220 15.01920000000000
1 30000U          19308.66527778  .00000000  00000-0  00000-0 0 00000
2 30000 097.7150 43.3440 0000000 000.0000 352.4220 15.01920000000000
1 30000U          19309.07013889  .00000000  00000-0  00000-0 0 00000
2 30000 097.7150 43.7440 0000000 000.0000 018.6730 15.01920000000000
1 30000U          19309.26319444  .00000000  00000-0  00000-0 0 00000
2 30000 097.7160 43.9340 0000000 000.0000 341.1730 15.01920000000000
1 30000U          19309.71111111  .00000000  00000-0  00000-0 0 00000
2 30000 097.7160 44.3750 0000000 000.0000 239.9240 15.01920000000000
1 30000U          19310.04166667  .00000000  00000-0  00000-0 0 00000
2 30000 097.7170 44.7010 0000000 000.0000 224.9240 15.01920000000000
1 30000U          19310.33333333  .00000000  00000-0  00000-0 0 00000
2 30000 097.7170 44.9890 0000000 000.0000 359.9240 15.01920000000000
1 30000U          19310.70625000  .00000000  00000-0  00000-0 0 00000
2 30000 097.7180 45.3560 0000000 000.0000 213.6750 15.01920000000000
1 30000U          19310.99722222  .00000000  00000-0  00000-0 0 00000
2 30000 097.7180 45.6430 0000000 000.0000 344.9250 15.01920000000000
1 30000U          19311.32361111  .00000000  00000-0  00000-0 0 00000
2 30000 097.7180 45.9650 0000000 000.0000 307.4260 15.01920000000000
1 30000U          19311.72847222  .00000000  00000-0  00000-0 0 00000
2 30000 097.7190 46.3640 0000000 000.0000 333.6760 15.01920000000000
1 30000U          19311.89583333  .00000000  00000-0  00000-0 0 00000
2 30000 097.7190 46.5290 0000000 000.0000 157.4270 15.01914300000000
1 30000U          19312.22708333  .00000000  00000-0  00000-0 0 00000
2 30000 097.7190 46.8560 0000000 000.0000 146.1770 15.01914300000000
1 30000U          19312.64236111  .00000000  00000-0  00000-0 0 00000
2 30000 097.7200 47.2650 0000000 000.0000 228.6780 15.01914300000000
1 30000U          19312.85000000  .00000000  00000-0  00000-0 0 00000
2 30000 097.7200 47.4700 0000000 000.0000 269.9280 15.01914300000000
1 30000U          19313.15625000  .00000000  00000-0  00000-0 0 00000
2 30000 097.7210 47.7720 0000000 000.0000 123.6780 15.01914300000000
1 30000U          19313.48541667  .00000000  00000-0  00000-0 0 00000
2 30000 097.7210 48.0960 0000000 000.0000 101.1790 15.01914300000000
1 30000U          19313.97430556  .00000000  00000-0  00000-0 0 00000
2 30000 097.7220 48.5780 0000000 000.0000 221.1800 15.01914300000000
1 30000U          19314.26736111  .00000000  00000-0  00000-0 0 00000
2 30000 097.7220 48.8670 0000000 000.0000 003.6800 15.01914300000000
1 30000U          19314.60416667  .00000000  00000-0  00000-0 0 00000
2 30000 097.7220 49.1990 0000000 000.0000 022.4310 15.01914300000000
1 30000U          19314.83819444  .00000000  00000-0  00000-0 0 00000
2 30000 097.7230 49.4300 0000000 000.0000 206.1810 15.01914300000000
1 30000U          19315.18402778  .00000000  00000-0  00000-0 0 00000
2 30000 097.7230 49.7710 0000000 000.0000 273.6810 15.01914300000000
1 30000U          19315.64305556  .00000000  00000-0  00000-0 0 00000
2 30000 097.7240 50.2230 0000000 000.0000 232.4320 15.01914300000000
1 30000U          19315.93472222  .00000000  00000-0  00000-0 0 00000
2 30000 097.7240 50.5110 0000000 000.0000 007.4320 15.01914300000000
1 30000U          19316.26736111  .00000000  00000-0  00000-0 0 00000
2 30000 097.7240 50.8390 0000000 000.0000 003.6830 15.01914300000000
1 30000U          19316.57083333  .00000000  00000-0  00000-0 0 00000
2 30000 097.7250 51.1380 0000000 000.0000 202.4330 15.01914300000000
1 30000U          19316.84097222  .00000000  00000-0  00000-0 0 00000
2 30000 097.7250 51.4040 0000000 000.0000 221.1840 15.01914300000000
1 30000U          19317.19236111  .00000000  00000-0  00000-0 0 00000
2 30000 097.7250 51.7500 0000000 000.0000 318.6840 15.01914300000000
1 30000U          19317.54097222  .00000000  00000-0  00000-0 0 00000
2 30000 097.7260 52.0940 0000000 000.0000 041.1850 15.01914300000000
1 30000U          19317.90902778  .00000000  00000-0  00000-0 0 00000
2 30000 097.7260 52.4570 0000000 000.0000 228.6850 15.01914300000000
1 30000U          19318.24027778  .00000000  00000-0  00000-0 0 00000
2 30000 097.7270 52.7830 0000000 000.0000 217.4360 15.01914300000000
1 30000U          19318.57222222  .00000000  00000-0  00000-0 0 00000
2 30000 097.7270 53.1110 0000000 000.0000 209.9360 15.01914300000000
1 30000U          19318.82986111  .00000000  00000-0  00000-0 0 00000
2 30000 097.7270 53.3650 0000000 000.0000 161.1870 15.01914300000000
1 30000U          19318.96527778  .00000000  00000-0  00000-0 0 00000
2 30000 097.7270 53.4980 0000000 000.0000 172.4370 15.01914300000000
1 30000U          19319.30972222  .00000000  00000-0  00000-0 0 00000
2 30000 097.7280 53.8380 0000000 000.0000 232.4380 15.01914300000000
1 30000U          19319.54791667  .00000000  00000-0  00000-0 0 00000
2 30000 097.7280 54.0730 0000000 000.0000 078.6880 15.01914300000000
1 30000U          19319.91458333  .00000000  00000-0  00000-0 0 00000
2 30000 097.7280 54.4340 0000000 000.0000 258.6890 15.01914300000000
1 30000U          19320.22708333  .00000000  00000-0  00000-0 0 00000
2 30000 097.7290 54.7420 0000000 000.0000 146.1890 15.01914300000000
1 30000U          19320.59583333  .00000000  00000-0  00000-0 0 00000
2 30000 097.7290 55.1060 0000000 000.0000 337.4400 15.01914300000000
1 30000U          19320.82847222  .00000000  00000-0  00000-0 0 00000
2 30000 097.7290 55.3350 0000000 000.0000 153.6900 15.01914300000000
1 30000U          19321.17361111  .00000000  00000-0  00000-0 0 00000
2 30000 097.7300 55.6750 0000000 000.0000 217.4410 15.01914300000000
1 30000U          19321.51319444  .00000000  00000-0  00000-0 0 00000
2 30000 097.7300 56.0100 0000000 000.0000 251.1910 15.01914300000000
1 30000U          19321.95625000  .00000000  00000-0  00000-0 0 00000
2 30000 097.7310 56.4470 0000000 000.0000 123.6920 15.01914300000000
1 30000U          19322.23750000  .00000000  00000-0  00000-0 0 00000
2 30000 097.7310 56.7240 0000000 000.0000 202.4420 15.01914300000000
1 30000U          19322.51250000  .00000000  00000-0  00000-0 0 00000
2 30000 097.7310 56.9950 0000000 000.0000 247.4430 15.01914300000000
1 30000U          19322.81527778  .00000000  00000-0  00000-0 0 00000
2 30000 097.7310 57.2940 0000000 000.0000 082.4430 15.01914300000000
1 30000U          19323.17500000  .00000000  00000-0  00000-0 0 00000
2 30000 097.7320 57.6480 0000000 000.0000 224.9440 15.01914300000000
1 30000U          19323.51388889  .00000000  00000-0  00000-0 0 00000
2 30000 097.7320 57.9820 0000000 000.0000 254.9440 15.01914300000000
1 30000U          19323.89305556  .00000000  00000-0  00000-0 0 00000
2 30000 097.7330 58.3560 0000000 000.0000 142.4450 15.01914300000000
1 30000U          19324.18611111  .00000000  00000-0  00000-0 0 00000
2 30000 097.7330 58.6450 0000000 000.0000 284.9450 15.01914300000000
1 30000U          19324.47986111  .00000000  00000-0  00000-0 0 00000
2 30000 097.7330 58.9350 0000000 000.0000 071.1960 15.01914300000000
1 30000U          19324.94930556  .00000000  00000-0  00000-0 0 00000
2 30000 097.7340 59.3970 0000000 000.0000 086.1970 15.01914300000000
1 30000U          19325.27430556  .00000000  00000-0  00000-0 0 00000
2 30000 097.7340 59.7180 0000000 000.0000 041.1970 15.01914300000000
1 30000U          19325.60138889  .00000000  00000-0  00000-0 0 00000
2 30000 097.7340 60.0400 0000000 000.0000 007.4480 15.01914300000000
1 30000U          19325.89583333  .00000000  00000-0  00000-0 0 00000
2 30000 097.7340 60.3300 0000000 000.0000 157.4480 15.01914300000000
1 30000U          19325.89583333  .00000000  00000-0  00000-0 0 00000
2 30000 097.7340 60.3300 0000000 000.0000 157.4480 15.01914300000000
1 30000U          19326.20902778  .00000000  00000-0  00000-0 0 00000
2 30000 097.7350 60.6390 0000000 000.0000 048.6990 15.01914300000000
1 30000U          19326.52708333  .00000000  00000-0  00000-0 0 00000
2 30000 097.7350 60.9530 0000000 000.0000 326.1990 15.01914300000000
1 30000U          19326.85069444  .00000000  00000-0  00000-0 0 00000
2 30000 097.7350 61.2720 0000000 000.0000 273.7000 15.01914300000000
1 30000U          19327.23958333  .00000000  00000-0  00000-0 0 00000
2 30000 097.7360 61.6550 0000000 000.0000 213.7010 15.01914300000000
1 30000U          19327.49097222  .00000000  00000-0  00000-0 0 00000
2 30000 097.7360 61.9030 0000000 000.0000 131.2010 15.01914300000000
1 30000U          19327.85069444  .00000000  00000-0  00000-0 0 00000
2 30000 097.7360 62.2580 0000000 000.0000 273.7020 15.01914300000000
1 30000U          19328.18541667  .00000000  00000-0  00000-0 0 00000
2 30000 097.7360 62.5880 0000000 000.0000 281.2020 15.01914300000000
1 30000U          19328.48958333  .00000000  00000-0  00000-0 0 00000
2 30000 097.7370 62.8870 0000000 000.0000 123.7030 15.01914300000000
1 30000U          19328.83680556  .00000000  00000-0  00000-0 0 00000
2 30000 097.7370 63.2300 0000000 000.0000 198.7030 15.01914300000000
1 30000U          19329.15972222  .00000000  00000-0  00000-0 0 00000
2 30000 097.7370 63.5480 0000000 000.0000 142.4540 15.01914300000000
1 30000U          19329.56736111  .00000000  00000-0  00000-0 0 00000
2 30000 097.7380 63.9500 0000000 000.0000 183.7050 15.01914300000000
1 30000U          19329.97708333  .00000000  00000-0  00000-0 0 00000
2 30000 097.7380 64.3540 0000000 000.0000 236.2050 15.01914300000000
1 30000U          19330.15138889  .00000000  00000-0  00000-0 0 00000
2 30000 097.7380 64.5260 0000000 000.0000 097.4560 15.01914300000000
1 30000U          19330.48888889  .00000000  00000-0  00000-0 0 00000
2 30000 097.7380 64.8580 0000000 000.0000 119.9560 15.01914300000000
1 30000U          19330.95208333  .00000000  00000-0  00000-0 0 00000
2 30000 097.7390 65.3150 0000000 000.0000 101.2070 15.01914300000000
1 30000U          19331.21666667  .00000000  00000-0  00000-0 0 00000
2 30000 097.7390 65.5760 0000000 000.0000 089.9570 15.01914300000000
1 30000U          19331.50625000  .00000000  00000-0  00000-0 0 00000
2 30000 097.7390 65.8610 0000000 000.0000 213.7080 15.01914300000000
1 30000U          19331.93611111  .00000000  00000-0  00000-0 0 00000
2 30000 097.7390 66.2850 0000000 000.0000 014.9590 15.01914300000000
1 30000U          19332.24166667  .00000000  00000-0  00000-0 0 00000
2 30000 097.7400 66.5860 0000000 000.0000 224.9590 15.01914300000000
1 30000U          19332.51875000  .00000000  00000-0  00000-0 0 00000
2 30000 097.7400 66.8600 0000000 000.0000 281.2100 15.01914300000000
1 30000U          19332.84861111  .00000000  00000-0  00000-0 0 00000
2 30000 097.7400 67.1850 0000000 000.0000 262.4600 15.01914300000000
