1 33499U          19282.07222222  .00000000  00000-0  00000-0 0 00000
2 33499 097.7480 094.289  0000000 000.0000 088.2950 15.01920000000000
1 33499U          19282.31041667  .00000000  00000-0  00000-0 0 00000
2 33499 097.7480 094.523  0000000 000.0000 294.5450 15.01920000000000
1 33499U          19282.62986111  .00000000  00000-0  00000-0 0 00000
2 33499 097.7480 094.838  0000000 000.0000 219.5460 15.01920000000000
1 33499U          19282.98819444  .00000000  00000-0  00000-0 0 00000
2 33499 097.7480 095.192  0000000 000.0000 354.5460 15.01920000000000
1 33499U          19283.38611111  .00000000  00000-0  00000-0 0 00000
2 33499 097.7480 095.584  0000000 000.0000 343.2970 15.01920000000000
1 33499U          19283.63263889  .00000000  00000-0  00000-0 0 00000
2 33499 097.7480 095.827  0000000 000.0000 234.5480 15.01920000000000
1 33499U          19284.04444444  .00000000  00000-0  00000-0 0 00000
2 33499 097.7480 096.233  0000000 000.0000 298.2980 15.01920000000000
1 33499U          19284.28541667  .00000000  00000-0  00000-0 0 00000
2 33499 097.7480 096.471  0000000 000.0000 159.5490 15.01920000000000
1 33499U          19284.72152778  .00000000  00000-0  00000-0 0 00000
2 33499 097.7470 096.901  0000000 000.0000 354.5500 15.01920000000000
1 33499U          19284.93263889  .00000000  00000-0  00000-0 0 00000
2 33499 097.7470 097.109  0000000 000.0000 054.5500 15.01920000000000
1 33499U          19285.31180556  .00000000  00000-0  00000-0 0 00000
2 33499 097.7470 097.482  0000000 000.0000 302.0510 15.01920000000000
1 33499U          19285.60625000  .00000000  00000-0  00000-0 0 00000
2 33499 097.7470 097.773  0000000 000.0000 092.0510 15.01920000000000
1 33499U          19286.04375000  .00000000  00000-0  00000-0 0 00000
2 33499 097.7470 098.204  0000000 000.0000 294.5520 15.01920000000000
1 33499U          19286.32986111  .00000000  00000-0  00000-0 0 00000
2 33499 097.7470 098.486  0000000 000.0000 039.5530 15.01920000000000
1 33499U          19286.60277778  .00000000  00000-0  00000-0 0 00000
2 33499 097.7470 098.755  0000000 000.0000 073.3030 15.01920000000000
1 33499U          19286.98611111  .00000000  00000-0  00000-0 0 00000
2 33499 097.7470 099.133  0000000 000.0000 343.3040 15.01920000000000
1 33499U          19287.33750000  .00000000  00000-0  00000-0 0 00000
2 33499 097.7470 099.479  0000000 000.0000 080.8050 15.01920000000000
1 33499U          19287.70208333  .00000000  00000-0  00000-0 0 00000
2 33499 097.7470 099.839  0000000 000.0000 249.5550 15.01920000000000
1 33499U          19288.03472222  .00000000  00000-0  00000-0 0 00000
2 33499 097.7460 100.167  0000000 000.0000 245.8060 15.01920000000000
1 33499U          19288.38888889  .00000000  00000-0  00000-0 0 00000
2 33499 097.7460 100.516  0000000 000.0000 358.3070 15.01920000000000
1 33499U          19288.61944444  .00000000  00000-0  00000-0 0 00000
2 33499 097.7460 100.743  0000000 000.0000 163.3070 15.01920000000000
1 33499U          19288.98611111  .00000000  00000-0  00000-0 0 00000
2 33499 097.7460 101.105  0000000 000.0000 343.3080 15.01920000000000
1 33499U          19289.28541667  .00000000  00000-0  00000-0 0 00000
2 33499 097.7460 101.400  0000000 000.0000 159.5580 15.01920000000000
1 33499U          19289.63888889  .00000000  00000-0  00000-0 0 00000
2 33499 097.7460 101.748  0000000 000.0000 268.3090 15.01920000000000
1 33499U          19289.94513889  .00000000  00000-0  00000-0 0 00000
2 33499 097.7460 102.050  0000000 000.0000 122.0590 15.01920000000000
1 33499U          19290.38125000  .00000000  00000-0  00000-0 0 00000
2 33499 097.7460 102.480  0000000 000.0000 317.0600 15.01920000000000
1 33499U          19290.69722222  .00000000  00000-0  00000-0 0 00000
2 33499 097.7450 102.792  0000000 000.0000 223.3110 15.01920000000000
1 33499U          19290.96458333  .00000000  00000-0  00000-0 0 00000
2 33499 097.7450 103.055  0000000 000.0000 227.0610 15.01920000000000
1 33499U          19291.29027778  .00000000  00000-0  00000-0 0 00000
2 33499 097.7450 103.376  0000000 000.0000 185.8120 15.01920000000000
1 33499U          19291.58819444  .00000000  00000-0  00000-0 0 00000
2 33499 097.7450 103.670  0000000 000.0000 354.5630 15.01920000000000
1 33499U          19291.94583333  .00000000  00000-0  00000-0 0 00000
2 33499 097.7450 104.023  0000000 000.0000 125.8130 15.01920000000000
1 33499U          19292.35833333  .00000000  00000-0  00000-0 0 00000
2 33499 097.7450 104.429  0000000 000.0000 193.3140 15.01920000000000
1 33499U          19292.64305556  .00000000  00000-0  00000-0 0 00000
2 33499 097.7450 104.710  0000000 000.0000 290.8140 15.01920000000000
1 33499U          19292.95625000  .00000000  00000-0  00000-0 0 00000
2 33499 097.7440 105.019  0000000 000.0000 182.0650 15.01920000000000
1 33499U          19293.27847222  .00000000  00000-0  00000-0 0 00000
2 33499 097.7440 105.336  0000000 000.0000 122.0660 15.01920000000000
1 33499U          19293.67222222  .00000000  00000-0  00000-0 0 00000
2 33499 097.7440 105.725  0000000 000.0000 088.3160 15.01920000000000
1 33499U          19294.04305556  .00000000  00000-0  00000-0 0 00000
2 33499 097.7440 106.090  0000000 000.0000 290.8170 15.01920000000000
1 33499U          19294.37500000  .00000000  00000-0  00000-0 0 00000
2 33499 097.7440 106.417  0000000 000.0000 283.3180 15.01920000000000
1 33499U          19294.67500000  .00000000  00000-0  00000-0 0 00000
2 33499 097.7440 106.713  0000000 000.0000 103.3180 15.01920000000000
1 33499U          19295.03125000  .00000000  00000-0  00000-0 0 00000
2 33499 097.7430 107.064  0000000 000.0000 227.0690 15.01920000000000
1 33499U          19295.27986111  .00000000  00000-0  00000-0 0 00000
2 33499 097.7430 107.309  0000000 000.0000 129.5690 15.01920000000000
1 33499U          19295.61458333  .00000000  00000-0  00000-0 0 00000
2 33499 097.7430 107.639  0000000 000.0000 137.0700 15.01920000000000
1 33499U          19296.01111111  .00000000  00000-0  00000-0 0 00000
2 33499 097.7430 108.030  0000000 000.0000 118.3210 15.01920000000000
1 33499U          19296.32638889  .00000000  00000-0  00000-0 0 00000
2 33499 097.7430 108.341  0000000 000.0000 020.8210 15.01920000000000
1 33499U          19296.66666667  .00000000  00000-0  00000-0 0 00000
2 33499 097.7420 108.677  0000000 000.0000 058.3220 15.01920000000000
1 33499U          19296.96597222  .00000000  00000-0  00000-0 0 00000
2 33499 097.7420 108.972  0000000 000.0000 234.5720 15.01920000000000
1 33499U          19297.37847222  .00000000  00000-0  00000-0 0 00000
2 33499 097.7420 109.378  0000000 000.0000 302.0730 15.01920000000000
1 33499U          19297.72430556  .00000000  00000-0  00000-0 0 00000
2 33499 097.7420 109.719  0000000 000.0000 009.5740 15.01920000000000
1 33499U          19297.93888889  .00000000  00000-0  00000-0 0 00000
2 33499 097.7420 109.931  0000000 000.0000 088.3240 15.01920000000000
1 33499U          19298.32291667  .00000000  00000-0  00000-0 0 00000
2 33499 097.7410 110.309  0000000 000.0000 002.0750 15.01920000000000
1 33499U          19298.71527778  .00000000  00000-0  00000-0 0 00000
2 33499 097.7410 110.696  0000000 000.0000 320.8260 15.01920000000000
1 33499U          19298.95000000  .00000000  00000-0  00000-0 0 00000
2 33499 097.7410 110.928  0000000 000.0000 148.3260 15.01920000000000
1 33499U          19299.36250000  .00000000  00000-0  00000-0 0 00000
2 33499 097.7410 111.334  0000000 000.0000 215.8270 15.01920000000000
1 33499U          19299.62986111  .00000000  00000-0  00000-0 0 00000
2 33499 097.7400 111.598  0000000 000.0000 219.5770 15.01920000000000
1 33499U          19300.02222222  .00000000  00000-0  00000-0 0 00000
2 33499 097.7400 111.985  0000000 000.0000 178.3280 15.01920000000000
1 33499U          19300.30208333  .00000000  00000-0  00000-0 0 00000
2 33499 097.7400 112.261  0000000 000.0000 249.5780 15.01920000000000
1 33499U          19300.66111111  .00000000  00000-0  00000-0 0 00000
2 33499 097.7400 112.615  0000000 000.0000 028.3290 15.01920000000000
1 33499U          19300.91736111  .00000000  00000-0  00000-0 0 00000
2 33499 097.7400 112.867  0000000 000.0000 332.0790 15.01920000000000
1 33499U          19301.28333333  .00000000  00000-0  00000-0 0 00000
2 33499 097.7390 113.228  0000000 000.0000 148.3300 15.01920000000000
1 33499U          19301.67638889  .00000000  00000-0  00000-0 0 00000
2 33499 097.7390 113.615  0000000 000.0000 110.8310 15.01920000000000
1 33499U          19302.02013889  .00000000  00000-0  00000-0 0 00000
2 33499 097.7390 113.954  0000000 000.0000 167.0810 15.01920000000000
1 33499U          19302.35833333  .00000000  00000-0  00000-0 0 00000
2 33499 097.7380 114.288  0000000 000.0000 193.3320 15.01920000000000
1 33499U          19302.68472222  .00000000  00000-0  00000-0 0 00000
2 33499 097.7380 114.610  0000000 000.0000 155.8330 15.01920000000000
1 33499U          19302.99930556  .00000000  00000-0  00000-0 0 00000
2 33499 097.7380 114.920  0000000 000.0000 054.5830 15.01920000000000
1 33499U          19303.33472222  .00000000  00000-0  00000-0 0 00000
2 33499 097.7380 115.250  0000000 000.0000 065.8340 15.01920000000000
1 33499U          19303.58680556  .00000000  00000-0  00000-0 0 00000
2 33499 097.7370 115.499  0000000 000.0000 347.0840 15.01920000000000
1 33499U          19303.98680556  .00000000  00000-0  00000-0 0 00000
2 33499 097.7370 115.893  0000000 000.0000 347.0850 15.01920000000000
1 33499U          19304.28750000  .00000000  00000-0  00000-0 0 00000
2 33499 097.7370 116.190  0000000 000.0000 170.8350 15.01920000000000
1 33499U          19304.64166667  .00000000  00000-0  00000-0 0 00000
2 33499 097.7370 116.539  0000000 000.0000 283.3360 15.01920000000000
1 33499U          19305.06319444  .00000000  00000-0  00000-0 0 00000
2 33499 097.7360 116.954  0000000 000.0000 039.5870 15.01920000000000
1 33499U          19305.27361111  .00000000  00000-0  00000-0 0 00000
2 33499 097.7360 117.162  0000000 000.0000 095.8370 15.01920000000000
1 33499U          19305.66111111  .00000000  00000-0  00000-0 0 00000
2 33499 097.7360 117.544  0000000 000.0000 028.3380 15.01920000000000
1 33499U          19306.07013889  .00000000  00000-0  00000-0 0 00000
2 33499 097.7350 117.947  0000000 000.0000 077.0880 15.01920000000000
1 33499U          19306.25555556  .00000000  00000-0  00000-0 0 00000
2 33499 097.7350 118.130  0000000 000.0000 358.3390 15.01920000000000
1 33499U          19306.64027778  .00000000  00000-0  00000-0 0 00000
2 33499 097.7350 118.509  0000000 000.0000 275.8390 15.01920000000000
1 33499U          19306.92083333  .00000000  00000-0  00000-0 0 00000
2 33499 097.7350 118.786  0000000 000.0000 350.8400 15.01920000000000
1 33499U          19307.41458333  .00000000  00000-0  00000-0 0 00000
2 33499 097.7340 119.272  0000000 000.0000 137.0910 15.01920000000000
1 33499U          19307.70138889  .00000000  00000-0  00000-0 0 00000
2 33499 097.7340 119.555  0000000 000.0000 245.8410 15.01920000000000
1 33499U          19307.99861111  .00000000  00000-0  00000-0 0 00000
2 33499 097.7340 119.848  0000000 000.0000 050.8420 15.01920000000000
1 33499U          19308.39513889  .00000000  00000-0  00000-0 0 00000
2 33499 097.7330 120.239  0000000 000.0000 032.0920 15.01920000000000
1 33499U          19308.67013889  .00000000  00000-0  00000-0 0 00000
2 33499 097.7330 120.510  0000000 000.0000 077.0930 15.01920000000000
1 33499U          19309.05347222  .00000000  00000-0  00000-0 0 00000
2 33499 097.7330 120.888  0000000 000.0000 347.0930 15.01920000000000
1 33499U          19309.27638889  .00000000  00000-0  00000-0 0 00000
2 33499 097.7320 121.108  0000000 000.0000 110.8440 15.01920000000000
1 33499U          19309.61666667  .00000000  00000-0  00000-0 0 00000
2 33499 097.7320 121.443  0000000 000.0000 148.3440 15.01920000000000
1 33499U          19309.98541667  .00000000  00000-0  00000-0 0 00000
2 33499 097.7320 121.807  0000000 000.0000 339.5950 15.01920000000000
1 33499U          19310.36111111  .00000000  00000-0  00000-0 0 00000
2 33499 097.7310 122.177  0000000 000.0000 208.3450 15.01920000000000
1 33499U          19310.60069444  .00000000  00000-0  00000-0 0 00000
2 33499 097.7310 122.413  0000000 000.0000 062.0960 15.01920000000000
1 33499U          19311.07430556  .00000000  00000-0  00000-0 0 00000
2 33499 097.7310 122.880  0000000 000.0000 099.5970 15.01920000000000
1 33499U          19311.39583333  .00000000  00000-0  00000-0 0 00000
2 33499 097.7300 123.197  0000000 000.0000 035.8470 15.01920000000000
1 33499U          19311.72152778  .00000000  00000-0  00000-0 0 00000
2 33499 097.7300 123.518  0000000 000.0000 354.5980 15.01920000000000
1 33499U          19311.89583333  .00000000  00000-0  00000-0 0 00000
2 33499 097.7300 123.690  0000000 000.0000 215.8480 15.01914300000000
1 33499U          19312.22361111  .00000000  00000-0  00000-0 0 00000
2 33499 097.7290 124.013  0000000 000.0000 185.8480 15.01914300000000
1 33499U          19312.58958333  .00000000  00000-0  00000-0 0 00000
2 33499 097.7290 124.374  0000000 000.0000 002.0990 15.01914300000000
1 33499U          19312.96805556  .00000000  00000-0  00000-0 0 00000
2 33499 097.7290 124.747  0000000 000.0000 245.8500 15.01914300000000
1 33499U          19313.16180556  .00000000  00000-0  00000-0 0 00000
2 33499 097.7280 124.938  0000000 000.0000 212.1000 15.01914300000000
1 33499U          19313.56805556  .00000000  00000-0  00000-0 0 00000
2 33499 097.7280 125.339  0000000 000.0000 245.8510 15.01914300000000
1 33499U          19313.81666667  .00000000  00000-0  00000-0 0 00000
2 33499 097.7280 125.584  0000000 000.0000 148.3510 15.01914300000000
1 33499U          19314.26111111  .00000000  00000-0  00000-0 0 00000
2 33499 097.7270 126.022  0000000 000.0000 028.3520 15.01914300000000
1 33499U          19314.62777778  .00000000  00000-0  00000-0 0 00000
2 33499 097.7270 126.383  0000000 000.0000 208.3520 15.01914300000000
1 33499U          19314.92500000  .00000000  00000-0  00000-0 0 00000
2 33499 097.7260 126.676  0000000 000.0000 013.3530 15.01914300000000
1 33499U          19315.26388889  .00000000  00000-0  00000-0 0 00000
2 33499 097.7260 127.010  0000000 000.0000 043.3530 15.01914300000000
1 33499U          19315.58888889  .00000000  00000-0  00000-0 0 00000
2 33499 097.7260 127.331  0000000 000.0000 358.3540 15.01914300000000
1 33499U          19315.84722222  .00000000  00000-0  00000-0 0 00000
2 33499 097.7250 127.585  0000000 000.0000 313.3540 15.01914300000000
1 33499U          19316.30763889  .00000000  00000-0  00000-0 0 00000
2 33499 097.7250 128.039  0000000 000.0000 279.6050 15.01914300000000
1 33499U          19316.48333333  .00000000  00000-0  00000-0 0 00000
2 33499 097.7250 128.212  0000000 000.0000 148.3550 15.01914300000000
1 33499U          19316.91944444  .00000000  00000-0  00000-0 0 00000
2 33499 097.7240 128.642  0000000 000.0000 343.3560 15.01914300000000
1 33499U          19317.31111111  .00000000  00000-0  00000-0 0 00000
2 33499 097.7240 129.028  0000000 000.0000 298.3560 15.01914300000000
1 33499U          19317.56805556  .00000000  00000-0  00000-0 0 00000
2 33499 097.7230 129.282  0000000 000.0000 245.8570 15.01914300000000
1 33499U          19317.92430556  .00000000  00000-0  00000-0 0 00000
2 33499 097.7230 129.633  0000000 000.0000 009.6070 15.01914300000000
1 33499U          19318.14583333  .00000000  00000-0  00000-0 0 00000
2 33499 097.7230 129.851  0000000 000.0000 125.8580 15.01914300000000
1 33499U          19318.60972222  .00000000  00000-0  00000-0 0 00000
2 33499 097.7220 130.309  0000000 000.0000 110.8580 15.01914300000000
1 33499U          19318.86250000  .00000000  00000-0  00000-0 0 00000
2 33499 097.7220 130.558  0000000 000.0000 035.8590 15.01914300000000
1 33499U          19318.89583333  .00000000  00000-0  00000-0 0 00000
2 33499 097.7220 130.591  0000000 000.0000 215.8590 15.01914300000000
1 33499U          19319.17569444  .00000000  00000-0  00000-0 0 00000
2 33499 097.7210 130.867  0000000 000.0000 287.1090 15.01914300000000
1 33499U          19319.61180556  .00000000  00000-0  00000-0 0 00000
2 33499 097.7210 131.297  0000000 000.0000 122.1100 15.01914300000000
1 33499U          19319.93888889  .00000000  00000-0  00000-0 0 00000
2 33499 097.7210 131.619  0000000 000.0000 088.3600 15.01914300000000
1 33499U          19320.22569444  .00000000  00000-0  00000-0 0 00000
2 33499 097.7200 131.902  0000000 000.0000 197.1110 15.01914300000000
1 33499U          19320.48750000  .00000000  00000-0  00000-0 0 00000
2 33499 097.7200 132.160  0000000 000.0000 170.8610 15.01914300000000
1 33499U          19320.92847222  .00000000  00000-0  00000-0 0 00000
2 33499 097.7190 132.594  0000000 000.0000 032.1120 15.01914300000000
1 33499U          19321.26458333  .00000000  00000-0  00000-0 0 00000
2 33499 097.7190 132.926  0000000 000.0000 047.1120 15.01914300000000
1 33499U          19321.52361111  .00000000  00000-0  00000-0 0 00000
2 33499 097.7190 133.181  0000000 000.0000 005.8620 15.01914300000000
1 33499U          19321.87291667  .00000000  00000-0  00000-0 0 00000
2 33499 097.7180 133.526  0000000 000.0000 092.1130 15.01914300000000
1 33499U          19322.25069444  .00000000  00000-0  00000-0 0 00000
2 33499 097.7180 133.898  0000000 000.0000 332.1130 15.01914300000000
1 33499U          19322.61458333  .00000000  00000-0  00000-0 0 00000
2 33499 097.7170 134.257  0000000 000.0000 137.1140 15.01914300000000
1 33499U          19322.82986111  .00000000  00000-0  00000-0 0 00000
2 33499 097.7170 134.469  0000000 000.0000 219.6140 15.01914300000000
1 33499U          19323.28819444  .00000000  00000-0  00000-0 0 00000
2 33499 097.7160 134.921  0000000 000.0000 174.6150 15.01914300000000
1 33499U          19323.59791667  .00000000  00000-0  00000-0 0 00000
2 33499 097.7160 135.226  0000000 000.0000 047.1150 15.01914300000000
1 33499U          19323.94513889  .00000000  00000-0  00000-0 0 00000
2 33499 097.7150 135.568  0000000 000.0000 122.1160 15.01914300000000
1 33499U          19324.18680556  .00000000  00000-0  00000-0 0 00000
2 33499 097.7150 135.806  0000000 000.0000 347.1160 15.01914300000000
1 33499U          19324.61250000  .00000000  00000-0  00000-0 0 00000
2 33499 097.7140 136.226  0000000 000.0000 125.8670 15.01914300000000
1 33499U          19324.89097222  .00000000  00000-0  00000-0 0 00000
2 33499 097.7140 136.501  0000000 000.0000 189.6170 15.01914300000000
1 33499U          19325.20763889  .00000000  00000-0  00000-0 0 00000
2 33499 097.7140 136.813  0000000 000.0000 099.6170 15.01914300000000
1 33499U          19325.50902778  .00000000  00000-0  00000-0 0 00000
2 33499 097.7130 137.110  0000000 000.0000 287.1180 15.01914300000000
1 33499U          19325.87708333  .00000000  00000-0  00000-0 0 00000
2 33499 097.7130 137.473  0000000 000.0000 114.6180 15.01914300000000
1 33499U          19325.89583333  .00000000  00000-0  00000-0 0 00000
2 33499 097.7130 137.491  0000000 000.0000 215.8680 15.01914300000000
1 33499U          19326.24583333  .00000000  00000-0  00000-0 0 00000
2 33499 097.7120 137.836  0000000 000.0000 305.8690 15.01914300000000
1 33499U          19326.62430556  .00000000  00000-0  00000-0 0 00000
2 33499 097.7120 138.209  0000000 000.0000 189.6190 15.01914300000000
1 33499U          19326.86597222  .00000000  00000-0  00000-0 0 00000
2 33499 097.7110 138.448  0000000 000.0000 054.6200 15.01914300000000
1 33499U          19327.20416667  .00000000  00000-0  00000-0 0 00000
2 33499 097.7110 138.781  0000000 000.0000 080.8700 15.01914300000000
1 33499U          19327.52777778  .00000000  00000-0  00000-0 0 00000
2 33499 097.7100 139.100  0000000 000.0000 028.3700 15.01914300000000
1 33499U          19327.86041667  .00000000  00000-0  00000-0 0 00000
2 33499 097.7100 139.428  0000000 000.0000 024.6210 15.01914300000000
1 33499U          19328.17638889  .00000000  00000-0  00000-0 0 00000
2 33499 097.7100 139.739  0000000 000.0000 290.8710 15.01914300000000
1 33499U          19328.57083333  .00000000  00000-0  00000-0 0 00000
2 33499 097.7090 140.128  0000000 000.0000 260.8720 15.01914300000000
1 33499U          19328.89861111  .00000000  00000-0  00000-0 0 00000
2 33499 097.7090 140.451  0000000 000.0000 230.8720 15.01914300000000
1 33499U          19329.22430556  .00000000  00000-0  00000-0 0 00000
2 33499 097.7080 140.772  0000000 000.0000 189.6220 15.01914300000000
1 33499U          19329.53055556  .00000000  00000-0  00000-0 0 00000
2 33499 097.7080 141.074  0000000 000.0000 043.3730 15.01914300000000
1 33499U          19329.85763889  .00000000  00000-0  00000-0 0 00000
2 33499 097.7070 141.397  0000000 000.0000 009.6230 15.01914300000000
1 33499U          19330.30069444  .00000000  00000-0  00000-0 0 00000
2 33499 097.7060 141.833  0000000 000.0000 242.1240 15.01914300000000
1 33499U          19330.58055556  .00000000  00000-0  00000-0 0 00000
2 33499 097.7060 142.109  0000000 000.0000 313.3740 15.01914300000000
1 33499U          19330.95138889  .00000000  00000-0  00000-0 0 00000
2 33499 097.7060 142.475  0000000 000.0000 155.8750 15.01914300000000
1 33499U          19331.18263889  .00000000  00000-0  00000-0 0 00000
2 33499 097.7050 142.703  0000000 000.0000 324.6250 15.01914300000000
1 33499U          19331.49930556  .00000000  00000-0  00000-0 0 00000
2 33499 097.7050 143.015  0000000 000.0000 234.6250 15.01914300000000
1 33499U          19331.92638889  .00000000  00000-0  00000-0 0 00000
2 33499 097.7040 143.436  0000000 000.0000 020.8760 15.01914300000000
1 33499U          19332.29097222  .00000000  00000-0  00000-0 0 00000
2 33499 097.7040 143.795  0000000 000.0000 189.6260 15.01914300000000
1 33499U          19332.54583333  .00000000  00000-0  00000-0 0 00000
2 33499 097.7030 144.047  0000000 000.0000 125.8760 15.01914300000000
1 33499U          19332.89097222  .00000000  00000-0  00000-0 0 00000
2 33499 097.7030 144.387  0000000 000.0000 189.6270 15.01914300000000
