1 33960U          19282.02361111  .00000000  00000-0  00000-0 0 00000
2 33960 097.7410 068.520  0000000 000.0000 206.3180 15.01920000000000
1 33960U          19282.38958333  .00000000  00000-0  00000-0 0 00000
2 33960 097.7410 068.881  0000000 000.0000 022.5690 15.01920000000000
1 33960U          19282.67222222  .00000000  00000-0  00000-0 0 00000
2 33960 097.7410 069.159  0000000 000.0000 108.8190 15.01920000000000
1 33960U          19283.02708333  .00000000  00000-0  00000-0 0 00000
2 33960 097.7420 069.509  0000000 000.0000 225.0700 15.01920000000000
1 33960U          19283.32013889  .00000000  00000-0  00000-0 0 00000
2 33960 097.7420 069.798  0000000 000.0000 007.5700 15.01920000000000
1 33960U          19283.63333333  .00000000  00000-0  00000-0 0 00000
2 33960 097.7420 070.107  0000000 000.0000 258.8210 15.01920000000000
1 33960U          19284.07152778  .00000000  00000-0  00000-0 0 00000
2 33960 097.7420 070.539  0000000 000.0000 105.0720 15.01920000000000
1 33960U          19284.38333333  .00000000  00000-0  00000-0 0 00000
2 33960 097.7420 070.846  0000000 000.0000 348.8220 15.01920000000000
1 33960U          19284.60694444  .00000000  00000-0  00000-0 0 00000
2 33960 097.7430 071.067  0000000 000.0000 116.3230 15.01920000000000
1 33960U          19285.08125000  .00000000  00000-0  00000-0 0 00000
2 33960 097.7430 071.534  0000000 000.0000 157.5730 15.01920000000000
1 33960U          19285.25069444  .00000000  00000-0  00000-0 0 00000
2 33960 097.7430 071.701  0000000 000.0000 352.5740 15.01920000000000
1 33960U          19285.59305556  .00000000  00000-0  00000-0 0 00000
2 33960 097.7430 072.039  0000000 000.0000 041.3240 15.01920000000000
1 33960U          19285.99930556  .00000000  00000-0  00000-0 0 00000
2 33960 097.7430 072.439  0000000 000.0000 075.0750 15.01920000000000
1 33960U          19286.29583333  .00000000  00000-0  00000-0 0 00000
2 33960 097.7440 072.732  0000000 000.0000 236.3260 15.01920000000000
1 33960U          19286.74444444  .00000000  00000-0  00000-0 0 00000
2 33960 097.7440 073.174  0000000 000.0000 138.8260 15.01920000000000
1 33960U          19286.95972222  .00000000  00000-0  00000-0 0 00000
2 33960 097.7440 073.386  0000000 000.0000 221.3270 15.01920000000000
1 33960U          19287.25208333  .00000000  00000-0  00000-0 0 00000
2 33960 097.7440 073.674  0000000 000.0000 000.0770 15.01920000000000
1 33960U          19287.71319444  .00000000  00000-0  00000-0 0 00000
2 33960 097.7440 074.129  0000000 000.0000 330.0780 15.01920000000000
1 33960U          19288.02013889  .00000000  00000-0  00000-0 0 00000
2 33960 097.7440 074.432  0000000 000.0000 187.5790 15.01920000000000
1 33960U          19288.27986111  .00000000  00000-0  00000-0 0 00000
2 33960 097.7450 074.688  0000000 000.0000 150.0790 15.01920000000000
1 33960U          19288.64236111  .00000000  00000-0  00000-0 0 00000
2 33960 097.7450 075.045  0000000 000.0000 307.5800 15.01920000000000
1 33960U          19289.07430556  .00000000  00000-0  00000-0 0 00000
2 33960 097.7450 075.471  0000000 000.0000 120.0810 15.01920000000000
1 33960U          19289.27986111  .00000000  00000-0  00000-0 0 00000
2 33960 097.7450 075.674  0000000 000.0000 150.0810 15.01920000000000
1 33960U          19289.60000000  .00000000  00000-0  00000-0 0 00000
2 33960 097.7450 075.989  0000000 000.0000 078.8320 15.01920000000000
1 33960U          19289.95902778  .00000000  00000-0  00000-0 0 00000
2 33960 097.7450 076.343  0000000 000.0000 217.5820 15.01920000000000
1 33960U          19290.36041667  .00000000  00000-0  00000-0 0 00000
2 33960 097.7460 076.739  0000000 000.0000 225.0830 15.01920000000000
1 33960U          19290.64375000  .00000000  00000-0  00000-0 0 00000
2 33960 097.7460 077.018  0000000 000.0000 315.0840 15.01920000000000
1 33960U          19291.06597222  .00000000  00000-0  00000-0 0 00000
2 33960 097.7460 077.434  0000000 000.0000 075.0840 15.01920000000000
1 33960U          19291.34930556  .00000000  00000-0  00000-0 0 00000
2 33960 097.7460 077.714  0000000 000.0000 165.0850 15.01920000000000
1 33960U          19291.65833333  .00000000  00000-0  00000-0 0 00000
2 33960 097.7460 078.018  0000000 000.0000 033.8360 15.01920000000000
1 33960U          19291.99444444  .00000000  00000-0  00000-0 0 00000
2 33960 097.7460 078.350  0000000 000.0000 048.8360 15.01920000000000
1 33960U          19292.34375000  .00000000  00000-0  00000-0 0 00000
2 33960 097.7460 078.694  0000000 000.0000 135.0870 15.01920000000000
1 33960U          19292.70000000  .00000000  00000-0  00000-0 0 00000
2 33960 097.7460 079.045  0000000 000.0000 258.8380 15.01920000000000
1 33960U          19292.92500000  .00000000  00000-0  00000-0 0 00000
2 33960 097.7460 079.267  0000000 000.0000 033.8380 15.01920000000000
1 33960U          19293.39652778  .00000000  00000-0  00000-0 0 00000
2 33960 097.7470 079.732  0000000 000.0000 060.0890 15.01920000000000
1 33960U          19293.59236111  .00000000  00000-0  00000-0 0 00000
2 33960 097.7470 079.925  0000000 000.0000 037.5890 15.01920000000000
1 33960U          19293.93055556  .00000000  00000-0  00000-0 0 00000
2 33960 097.7470 080.258  0000000 000.0000 063.8400 15.01920000000000
1 33960U          19294.25069444  .00000000  00000-0  00000-0 0 00000
2 33960 097.7470 080.574  0000000 000.0000 352.5900 15.01920000000000
1 33960U          19294.61944444  .00000000  00000-0  00000-0 0 00000
2 33960 097.7470 080.938  0000000 000.0000 183.8410 15.01920000000000
1 33960U          19295.02152778  .00000000  00000-0  00000-0 0 00000
2 33960 097.7470 081.334  0000000 000.0000 195.0920 15.01920000000000
1 33960U          19295.25416667  .00000000  00000-0  00000-0 0 00000
2 33960 097.7470 081.563  0000000 000.0000 011.3420 15.01920000000000
1 33960U          19295.58819444  .00000000  00000-0  00000-0 0 00000
2 33960 097.7470 081.893  0000000 000.0000 015.0930 15.01920000000000
1 33960U          19296.06041667  .00000000  00000-0  00000-0 0 00000
2 33960 097.7470 082.358  0000000 000.0000 045.0940 15.01920000000000
1 33960U          19296.41319444  .00000000  00000-0  00000-0 0 00000
2 33960 097.7470 082.706  0000000 000.0000 150.0950 15.01920000000000
1 33960U          19296.70833333  .00000000  00000-0  00000-0 0 00000
2 33960 097.7480 082.997  0000000 000.0000 303.8450 15.01920000000000
1 33960U          19296.93194444  .00000000  00000-0  00000-0 0 00000
2 33960 097.7480 083.217  0000000 000.0000 071.3460 15.01920000000000
1 33960U          19297.36944444  .00000000  00000-0  00000-0 0 00000
2 33960 097.7480 083.649  0000000 000.0000 273.8460 15.01920000000000
1 33960U          19297.59027778  .00000000  00000-0  00000-0 0 00000
2 33960 097.7480 083.866  0000000 000.0000 026.3470 15.01920000000000
1 33960U          19297.93194444  .00000000  00000-0  00000-0 0 00000
2 33960 097.7480 084.203  0000000 000.0000 071.3470 15.01920000000000
1 33960U          19298.32291667  .00000000  00000-0  00000-0 0 00000
2 33960 097.7480 084.589  0000000 000.0000 022.5980 15.01920000000000
1 33960U          19298.63958333  .00000000  00000-0  00000-0 0 00000
2 33960 097.7480 084.901  0000000 000.0000 292.5990 15.01920000000000
1 33960U          19298.92986111  .00000000  00000-0  00000-0 0 00000
2 33960 097.7480 085.187  0000000 000.0000 060.0990 15.01920000000000
1 33960U          19299.33472222  .00000000  00000-0  00000-0 0 00000
2 33960 097.7480 085.586  0000000 000.0000 086.3500 15.01920000000000
1 33960U          19299.70000000  .00000000  00000-0  00000-0 0 00000
2 33960 097.7480 085.946  0000000 000.0000 258.8510 15.01920000000000
1 33960U          19299.94375000  .00000000  00000-0  00000-0 0 00000
2 33960 097.7480 086.187  0000000 000.0000 135.1010 15.01920000000000
1 33960U          19300.41111111  .00000000  00000-0  00000-0 0 00000
2 33960 097.7480 086.647  0000000 000.0000 138.8520 15.01920000000000
1 33960U          19300.70138889  .00000000  00000-0  00000-0 0 00000
2 33960 097.7480 086.934  0000000 000.0000 266.3530 15.01920000000000
1 33960U          19300.95694444  .00000000  00000-0  00000-0 0 00000
2 33960 097.7480 087.186  0000000 000.0000 206.3530 15.01920000000000
1 33960U          19301.27222222  .00000000  00000-0  00000-0 0 00000
2 33960 097.7480 087.496  0000000 000.0000 108.8540 15.01920000000000
1 33960U          19301.70347222  .00000000  00000-0  00000-0 0 00000
2 33960 097.7480 087.921  0000000 000.0000 277.6050 15.01920000000000
1 33960U          19302.02638889  .00000000  00000-0  00000-0 0 00000
2 33960 097.7480 088.240  0000000 000.0000 221.3550 15.01920000000000
1 33960U          19302.28125000  .00000000  00000-0  00000-0 0 00000
2 33960 097.7480 088.491  0000000 000.0000 157.6060 15.01920000000000
1 33960U          19302.66041667  .00000000  00000-0  00000-0 0 00000
2 33960 097.7480 088.865  0000000 000.0000 045.1060 15.01920000000000
1 33960U          19302.98402778  .00000000  00000-0  00000-0 0 00000
2 33960 097.7480 089.184  0000000 000.0000 352.6070 15.01920000000000
1 33960U          19303.26041667  .00000000  00000-0  00000-0 0 00000
2 33960 097.7480 089.456  0000000 000.0000 045.1080 15.01920000000000
1 33960U          19303.59930556  .00000000  00000-0  00000-0 0 00000
2 33960 097.7480 089.791  0000000 000.0000 075.1080 15.01920000000000
1 33960U          19303.94027778  .00000000  00000-0  00000-0 0 00000
2 33960 097.7480 090.127  0000000 000.0000 116.3590 15.01920000000000
1 33960U          19304.26527778  .00000000  00000-0  00000-0 0 00000
2 33960 097.7480 090.447  0000000 000.0000 071.3600 15.01920000000000
1 33960U          19304.58472222  .00000000  00000-0  00000-0 0 00000
2 33960 097.7480 090.762  0000000 000.0000 356.3600 15.01920000000000
1 33960U          19304.98125000  .00000000  00000-0  00000-0 0 00000
2 33960 097.7480 091.153  0000000 000.0000 337.6110 15.01920000000000
1 33960U          19305.37152778  .00000000  00000-0  00000-0 0 00000
2 33960 097.7480 091.538  0000000 000.0000 285.1120 15.01920000000000
1 33960U          19305.66250000  .00000000  00000-0  00000-0 0 00000
2 33960 097.7480 091.825  0000000 000.0000 056.3620 15.01920000000000
1 33960U          19305.92152778  .00000000  00000-0  00000-0 0 00000
2 33960 097.7480 092.080  0000000 000.0000 015.1130 15.01920000000000
1 33960U          19306.32569444  .00000000  00000-0  00000-0 0 00000
2 33960 097.7480 092.478  0000000 000.0000 037.6130 15.01920000000000
1 33960U          19306.69722222  .00000000  00000-0  00000-0 0 00000
2 33960 097.7480 092.845  0000000 000.0000 243.8640 15.01920000000000
1 33960U          19307.07013889  .00000000  00000-0  00000-0 0 00000
2 33960 097.7480 093.212  0000000 000.0000 097.6150 15.01920000000000
1 33960U          19307.33055556  .00000000  00000-0  00000-0 0 00000
2 33960 097.7480 093.469  0000000 000.0000 063.8650 15.01920000000000
1 33960U          19307.67013889  .00000000  00000-0  00000-0 0 00000
2 33960 097.7480 093.804  0000000 000.0000 097.6160 15.01920000000000
1 33960U          19308.03750000  .00000000  00000-0  00000-0 0 00000
2 33960 097.7480 094.166  0000000 000.0000 281.3670 15.01920000000000
1 33960U          19308.27013889  .00000000  00000-0  00000-0 0 00000
2 33960 097.7480 094.395  0000000 000.0000 097.6170 15.01920000000000
1 33960U          19308.74791667  .00000000  00000-0  00000-0 0 00000
2 33960 097.7480 094.866  0000000 000.0000 157.6180 15.01920000000000
1 33960U          19309.07500000  .00000000  00000-0  00000-0 0 00000
2 33960 097.7480 095.189  0000000 000.0000 123.8690 15.01920000000000
1 33960U          19309.40277778  .00000000  00000-0  00000-0 0 00000
2 33960 097.7480 095.512  0000000 000.0000 093.8690 15.01920000000000
1 33960U          19309.73194444  .00000000  00000-0  00000-0 0 00000
2 33960 097.7480 095.836  0000000 000.0000 071.3700 15.01920000000000
1 33960U          19310.00208333  .00000000  00000-0  00000-0 0 00000
2 33960 097.7480 096.103  0000000 000.0000 090.1210 15.01920000000000
1 33960U          19310.34930556  .00000000  00000-0  00000-0 0 00000
2 33960 097.7480 096.445  0000000 000.0000 165.1210 15.01920000000000
1 33960U          19310.58819444  .00000000  00000-0  00000-0 0 00000
2 33960 097.7470 096.681  0000000 000.0000 015.1220 15.01920000000000
1 33960U          19310.93263889  .00000000  00000-0  00000-0 0 00000
2 33960 097.7470 097.020  0000000 000.0000 075.1220 15.01920000000000
1 33960U          19311.35138889  .00000000  00000-0  00000-0 0 00000
2 33960 097.7470 097.433  0000000 000.0000 176.3730 15.01920000000000
1 33960U          19311.59513889  .00000000  00000-0  00000-0 0 00000
2 33960 097.7470 097.673  0000000 000.0000 052.6240 15.01920000000000
1 33960U          19311.96527778  .00000000  00000-0  00000-0 0 00000
2 33960 097.7470 098.038  0000000 000.0000 251.3740 15.01914300000000
1 33960U          19312.21944444  .00000000  00000-0  00000-0 0 00000
2 33960 097.7470 098.289  0000000 000.0000 183.8750 15.01914300000000
1 33960U          19312.55972222  .00000000  00000-0  00000-0 0 00000
2 33960 097.7470 098.624  0000000 000.0000 221.3750 15.01914300000000
1 33960U          19312.86527778  .00000000  00000-0  00000-0 0 00000
2 33960 097.7470 098.925  0000000 000.0000 071.3760 15.01914300000000
1 33960U          19313.15972222  .00000000  00000-0  00000-0 0 00000
2 33960 097.7470 099.216  0000000 000.0000 221.3760 15.01914300000000
1 33960U          19313.60416667  .00000000  00000-0  00000-0 0 00000
2 33960 097.7470 099.654  0000000 000.0000 101.3770 15.01914300000000
1 33960U          19313.87500000  .00000000  00000-0  00000-0 0 00000
2 33960 097.7470 099.921  0000000 000.0000 123.8780 15.01914300000000
1 33960U          19314.16944444  .00000000  00000-0  00000-0 0 00000
2 33960 097.7460 100.211  0000000 000.0000 273.8780 15.01914300000000
1 33960U          19314.62291667  .00000000  00000-0  00000-0 0 00000
2 33960 097.7460 100.658  0000000 000.0000 202.6290 15.01914300000000
1 33960U          19314.87777778  .00000000  00000-0  00000-0 0 00000
2 33960 097.7460 100.909  0000000 000.0000 138.8800 15.01914300000000
1 33960U          19315.22777778  .00000000  00000-0  00000-0 0 00000
2 33960 097.7460 101.255  0000000 000.0000 228.8800 15.01914300000000
1 33960U          19315.58055556  .00000000  00000-0  00000-0 0 00000
2 33960 097.7460 101.602  0000000 000.0000 333.8810 15.01914300000000
1 33960U          19315.96458333  .00000000  00000-0  00000-0 0 00000
2 33960 097.7460 101.981  0000000 000.0000 247.6320 15.01914300000000
1 33960U          19316.16041667  .00000000  00000-0  00000-0 0 00000
2 33960 097.7460 102.174  0000000 000.0000 225.1320 15.01914300000000
1 33960U          19316.48541667  .00000000  00000-0  00000-0 0 00000
2 33960 097.7460 102.494  0000000 000.0000 180.1330 15.01914300000000
1 33960U          19316.94305556  .00000000  00000-0  00000-0 0 00000
2 33960 097.7450 102.946  0000000 000.0000 131.3840 15.01914300000000
1 33960U          19317.28055556  .00000000  00000-0  00000-0 0 00000
2 33960 097.7450 103.278  0000000 000.0000 153.8840 15.01914300000000
1 33960U          19317.64027778  .00000000  00000-0  00000-0 0 00000
2 33960 097.7450 103.633  0000000 000.0000 296.3850 15.01914300000000
1 33960U          19317.94791667  .00000000  00000-0  00000-0 0 00000
2 33960 097.7450 103.936  0000000 000.0000 157.6350 15.01914300000000
1 33960U          19318.18055556  .00000000  00000-0  00000-0 0 00000
2 33960 097.7450 104.166  0000000 000.0000 333.8860 15.01914300000000
1 33960U          19318.59375000  .00000000  00000-0  00000-0 0 00000
2 33960 097.7450 104.573  0000000 000.0000 045.1370 15.01914300000000
1 33960U          19318.83611111  .00000000  00000-0  00000-0 0 00000
2 33960 097.7450 104.812  0000000 000.0000 273.8870 15.01914300000000
1 33960U          19318.95763889  .00000000  00000-0  00000-0 0 00000
2 33960 097.7440 104.932  0000000 000.0000 210.1370 15.01914300000000
1 33960U          19319.24375000  .00000000  00000-0  00000-0 0 00000
2 33960 097.7440 105.214  0000000 000.0000 315.1380 15.01914300000000
1 33960U          19319.50833333  .00000000  00000-0  00000-0 0 00000
2 33960 097.7440 105.475  0000000 000.0000 303.8880 15.01914300000000
1 33960U          19319.85694444  .00000000  00000-0  00000-0 0 00000
2 33960 097.7440 105.818  0000000 000.0000 026.3890 15.01914300000000
1 33960U          19320.18750000  .00000000  00000-0  00000-0 0 00000
2 33960 097.7440 106.144  0000000 000.0000 011.3900 15.01914300000000
1 33960U          19320.53958333  .00000000  00000-0  00000-0 0 00000
2 33960 097.7440 106.491  0000000 000.0000 112.6400 15.01914300000000
1 33960U          19320.87361111  .00000000  00000-0  00000-0 0 00000
2 33960 097.7430 106.820  0000000 000.0000 116.3910 15.01914300000000
1 33960U          19321.15208333  .00000000  00000-0  00000-0 0 00000
2 33960 097.7430 107.095  0000000 000.0000 180.1410 15.01914300000000
1 33960U          19321.51041667  .00000000  00000-0  00000-0 0 00000
2 33960 097.7430 107.448  0000000 000.0000 315.1420 15.01914300000000
1 33960U          19321.95902778  .00000000  00000-0  00000-0 0 00000
2 33960 097.7430 107.891  0000000 000.0000 217.6430 15.01914300000000
1 33960U          19322.17500000  .00000000  00000-0  00000-0 0 00000
2 33960 097.7430 108.103  0000000 000.0000 303.8930 15.01914300000000
1 33960U          19322.48819444  .00000000  00000-0  00000-0 0 00000
2 33960 097.7430 108.412  0000000 000.0000 195.1440 15.01914300000000
1 33960U          19322.95902778  .00000000  00000-0  00000-0 0 00000
2 33960 097.7420 108.876  0000000 000.0000 217.6450 15.01914300000000
1 33960U          19323.27638889  .00000000  00000-0  00000-0 0 00000
2 33960 097.7420 109.189  0000000 000.0000 131.3950 15.01914300000000
1 33960U          19323.64444444  .00000000  00000-0  00000-0 0 00000
2 33960 097.7420 109.552  0000000 000.0000 318.8960 15.01914300000000
1 33960U          19323.96041667  .00000000  00000-0  00000-0 0 00000
2 33960 097.7420 109.864  0000000 000.0000 225.1460 15.01914300000000
1 33960U          19324.21111111  .00000000  00000-0  00000-0 0 00000
2 33960 097.7410 110.111  0000000 000.0000 138.8970 15.01914300000000
1 33960U          19324.56666667  .00000000  00000-0  00000-0 0 00000
2 33960 097.7410 110.461  0000000 000.0000 258.8980 15.01914300000000
1 33960U          19324.88819444  .00000000  00000-0  00000-0 0 00000
2 33960 097.7410 110.778  0000000 000.0000 195.1480 15.01914300000000
1 33960U          19325.26597222  .00000000  00000-0  00000-0 0 00000
2 33960 097.7410 111.151  0000000 000.0000 075.1490 15.01914300000000
1 33960U          19325.61736111  .00000000  00000-0  00000-0 0 00000
2 33960 097.7410 111.497  0000000 000.0000 172.6490 15.01914300000000
1 33960U          19325.85555556  .00000000  00000-0  00000-0 0 00000
2 33960 097.7400 111.732  0000000 000.0000 018.9000 15.01914300000000
1 33960U          19325.89583333  .00000000  00000-0  00000-0 0 00000
2 33960 097.7400 111.772  0000000 000.0000 236.4000 15.01914300000000
1 33960U          19326.24513889  .00000000  00000-0  00000-0 0 00000
2 33960 097.7400 112.116  0000000 000.0000 322.6510 15.01914300000000
1 33960U          19326.53055556  .00000000  00000-0  00000-0 0 00000
2 33960 097.7400 112.397  0000000 000.0000 063.9010 15.01914300000000
1 33960U          19326.93819444  .00000000  00000-0  00000-0 0 00000
2 33960 097.7400 112.799  0000000 000.0000 105.1520 15.01914300000000
1 33960U          19327.21944444  .00000000  00000-0  00000-0 0 00000
2 33960 097.7390 113.077  0000000 000.0000 183.9020 15.01914300000000
1 33960U          19327.51666667  .00000000  00000-0  00000-0 0 00000
2 33960 097.7390 113.370  0000000 000.0000 348.9030 15.01914300000000
1 33960U          19327.87361111  .00000000  00000-0  00000-0 0 00000
2 33960 097.7390 113.721  0000000 000.0000 116.4030 15.01914300000000
1 33960U          19328.18333333  .00000000  00000-0  00000-0 0 00000
2 33960 097.7390 114.027  0000000 000.0000 348.9040 15.01914300000000
1 33960U          19328.59166667  .00000000  00000-0  00000-0 0 00000
2 33960 097.7380 114.429  0000000 000.0000 033.9050 15.01914300000000
1 33960U          19328.82361111  .00000000  00000-0  00000-0 0 00000
2 33960 097.7380 114.658  0000000 000.0000 206.4050 15.01914300000000
1 33960U          19329.15416667  .00000000  00000-0  00000-0 0 00000
2 33960 097.7380 114.984  0000000 000.0000 191.4060 15.01914300000000
1 33960U          19329.61875000  .00000000  00000-0  00000-0 0 00000
2 33960 097.7380 115.442  0000000 000.0000 180.1560 15.01914300000000
1 33960U          19329.81458333  .00000000  00000-0  00000-0 0 00000
2 33960 097.7370 115.635  0000000 000.0000 157.6570 15.01914300000000
1 33960U          19330.24375000  .00000000  00000-0  00000-0 0 00000
2 33960 097.7370 116.058  0000000 000.0000 315.1580 15.01914300000000
1 33960U          19330.52083333  .00000000  00000-0  00000-0 0 00000
2 33960 097.7370 116.331  0000000 000.0000 011.4080 15.01914300000000
1 33960U          19330.92152778  .00000000  00000-0  00000-0 0 00000
2 33960 097.7360 116.726  0000000 000.0000 015.1590 15.01914300000000
1 33960U          19331.25138889  .00000000  00000-0  00000-0 0 00000
2 33960 097.7360 117.051  0000000 000.0000 356.4090 15.01914300000000
1 33960U          19331.63680556  .00000000  00000-0  00000-0 0 00000
2 33960 097.7360 117.431  0000000 000.0000 277.6600 15.01914300000000
1 33960U          19331.96666667  .00000000  00000-0  00000-0 0 00000
2 33960 097.7360 117.756  0000000 000.0000 258.9100 15.01914300000000
1 33960U          19332.29930556  .00000000  00000-0  00000-0 0 00000
2 33960 097.7350 118.084  0000000 000.0000 255.1610 15.01914300000000
1 33960U          19332.62152778  .00000000  00000-0  00000-0 0 00000
2 33960 097.7350 118.402  0000000 000.0000 195.1620 15.01914300000000
1 33960U          19332.89583333  .00000000  00000-0  00000-0 0 00000
2 33960 097.7350 118.672  0000000 000.0000 236.4120 15.01914300000000
