1 34077U          19281.92777778  .00000000  00000-0  00000-0 0 00000
2 34077 097.6560 171.3020 0000000 000.0000 110.6790 15.01920000000000
1 34077U          19282.38819444  .00000000  00000-0  00000-0 0 00000
2 34077 097.6550 171.7560 0000000 000.0000 076.9300 15.01920000000000
1 34077U          19282.70555556  .00000000  00000-0  00000-0 0 00000
2 34077 097.6540 172.0690 0000000 000.0000 350.6800 15.01920000000000
1 34077U          19282.95069444  .00000000  00000-0  00000-0 0 00000
2 34077 097.6540 172.3110 0000000 000.0000 234.4300 15.01920000000000
1 34077U          19283.37708333  .00000000  00000-0  00000-0 0 00000
2 34077 097.6530 172.7310 0000000 000.0000 016.9300 15.01920000000000
1 34077U          19283.69652778  .00000000  00000-0  00000-0 0 00000
2 34077 097.6530 173.0460 0000000 000.0000 301.9300 15.01920000000000
1 34077U          19283.94791667  .00000000  00000-0  00000-0 0 00000
2 34077 097.6520 173.2930 0000000 000.0000 219.4300 15.01920000000000
1 34077U          19284.31041667  .00000000  00000-0  00000-0 0 00000
2 34077 097.6510 173.6510 0000000 000.0000 016.9300 15.01920000000000
1 34077U          19284.72638889  .00000000  00000-0  00000-0 0 00000
2 34077 097.6510 174.0610 0000000 000.0000 103.1800 15.01920000000000
1 34077U          19284.96319444  .00000000  00000-0  00000-0 0 00000
2 34077 097.6500 174.2940 0000000 000.0000 301.9300 15.01920000000000
1 34077U          19285.37916667  .00000000  00000-0  00000-0 0 00000
2 34077 097.6500 174.7040 0000000 000.0000 028.1800 15.01920000000000
1 34077U          19285.64444444  .00000000  00000-0  00000-0 0 00000
2 34077 097.6490 174.9660 0000000 000.0000 020.6800 15.01920000000000
1 34077U          19285.99375000  .00000000  00000-0  00000-0 0 00000
2 34077 097.6480 175.3100 0000000 000.0000 106.9300 15.01920000000000
1 34077U          19286.28750000  .00000000  00000-0  00000-0 0 00000
2 34077 097.6480 175.5990 0000000 000.0000 253.1800 15.01920000000000
1 34077U          19286.68055556  .00000000  00000-0  00000-0 0 00000
2 34077 097.6470 175.9870 0000000 000.0000 215.6800 15.01920000000000
1 34077U          19287.07361111  .00000000  00000-0  00000-0 0 00000
2 34077 097.6460 176.3740 0000000 000.0000 178.1810 15.01920000000000
1 34077U          19287.30000000  .00000000  00000-0  00000-0 0 00000
2 34077 097.6460 176.5970 0000000 000.0000 320.6810 15.01920000000000
1 34077U          19287.73402778  .00000000  00000-0  00000-0 0 00000
2 34077 097.6450 177.0250 0000000 000.0000 144.4310 15.01920000000000
1 34077U          19288.01319444  .00000000  00000-0  00000-0 0 00000
2 34077 097.6450 177.3000 0000000 000.0000 211.9310 15.01920000000000
1 34077U          19288.36736111  .00000000  00000-0  00000-0 0 00000
2 34077 097.6440 177.6490 0000000 000.0000 324.4310 15.01920000000000
1 34077U          19288.63333333  .00000000  00000-0  00000-0 0 00000
2 34077 097.6430 177.9120 0000000 000.0000 320.6810 15.01920000000000
1 34077U          19289.05277778  .00000000  00000-0  00000-0 0 00000
2 34077 097.6430 178.3250 0000000 000.0000 065.6810 15.01920000000000
1 34077U          19289.36875000  .00000000  00000-0  00000-0 0 00000
2 34077 097.6420 178.6360 0000000 000.0000 331.9310 15.01920000000000
1 34077U          19289.61041667  .00000000  00000-0  00000-0 0 00000
2 34077 097.6420 178.8750 0000000 000.0000 196.9310 15.01920000000000
1 34077U          19289.96111111  .00000000  00000-0  00000-0 0 00000
2 34077 097.6410 179.2200 0000000 000.0000 290.6810 15.01920000000000
1 34077U          19290.36944444  .00000000  00000-0  00000-0 0 00000
2 34077 097.6400 179.6230 0000000 000.0000 335.6810 15.01920000000000
1 34077U          19290.73888889  .00000000  00000-0  00000-0 0 00000
2 34077 097.6400 179.9870 0000000 000.0000 170.6810 15.01920000000000
1 34077U          19290.97013889  .00000000  00000-0  00000-0 0 00000
2 34077 097.6390 180.2150 0000000 000.0000 339.4310 15.01920000000000
1 34077U          19291.29513889  .00000000  00000-0  00000-0 0 00000
2 34077 097.6390 180.5350 0000000 000.0000 294.4310 15.01920000000000
1 34077U          19291.73611111  .00000000  00000-0  00000-0 0 00000
2 34077 097.6380 180.9700 0000000 000.0000 155.6810 15.01920000000000
1 34077U          19292.00833333  .00000000  00000-0  00000-0 0 00000
2 34077 097.6370 181.2380 0000000 000.0000 185.6810 15.01920000000000
1 34077U          19292.25972222  .00000000  00000-0  00000-0 0 00000
2 34077 097.6370 181.4860 0000000 000.0000 103.1810 15.01920000000000
1 34077U          19292.67083333  .00000000  00000-0  00000-0 0 00000
2 34077 097.6360 181.8910 0000000 000.0000 163.1810 15.01920000000000
1 34077U          19292.95069444  .00000000  00000-0  00000-0 0 00000
2 34077 097.6350 182.1670 0000000 000.0000 234.4310 15.01920000000000
1 34077U          19293.32430556  .00000000  00000-0  00000-0 0 00000
2 34077 097.6350 182.5350 0000000 000.0000 091.9310 15.01920000000000
1 34077U          19293.61944444  .00000000  00000-0  00000-0 0 00000
2 34077 097.6340 182.8260 0000000 000.0000 245.6810 15.01920000000000
1 34077U          19293.95833333  .00000000  00000-0  00000-0 0 00000
2 34077 097.6340 183.1600 0000000 000.0000 275.6810 15.01920000000000
1 34077U          19294.32708333  .00000000  00000-0  00000-0 0 00000
2 34077 097.6330 183.5230 0000000 000.0000 106.9310 15.01920000000000
1 34077U          19294.63611111  .00000000  00000-0  00000-0 0 00000
2 34077 097.6320 183.8280 0000000 000.0000 335.6810 15.01920000000000
1 34077U          19295.00277778  .00000000  00000-0  00000-0 0 00000
2 34077 097.6320 184.1890 0000000 000.0000 155.6810 15.01920000000000
1 34077U          19295.25069444  .00000000  00000-0  00000-0 0 00000
2 34077 097.6310 184.4340 0000000 000.0000 054.4310 15.01920000000000
1 34077U          19295.72916667  .00000000  00000-0  00000-0 0 00000
2 34077 097.6300 184.9050 0000000 000.0000 118.1810 15.01920000000000
1 34077U          19295.93125000  .00000000  00000-0  00000-0 0 00000
2 34077 097.6300 185.1040 0000000 000.0000 129.4310 15.01920000000000
1 34077U          19296.37430556  .00000000  00000-0  00000-0 0 00000
2 34077 097.6290 185.5410 0000000 000.0000 001.9310 15.01920000000000
1 34077U          19296.65486111  .00000000  00000-0  00000-0 0 00000
2 34077 097.6290 185.8180 0000000 000.0000 076.9300 15.01920000000000
1 34077U          19296.96458333  .00000000  00000-0  00000-0 0 00000
2 34077 097.6280 186.1230 0000000 000.0000 309.4300 15.01920000000000
1 34077U          19297.37986111  .00000000  00000-0  00000-0 0 00000
2 34077 097.6270 186.5320 0000000 000.0000 031.9300 15.01920000000000
1 34077U          19297.70277778  .00000000  00000-0  00000-0 0 00000
2 34077 097.6270 186.8500 0000000 000.0000 335.6800 15.01920000000000
1 34077U          19297.97222222  .00000000  00000-0  00000-0 0 00000
2 34077 097.6260 187.1160 0000000 000.0000 350.6800 15.01920000000000
1 34077U          19298.31875000  .00000000  00000-0  00000-0 0 00000
2 34077 097.6260 187.4570 0000000 000.0000 061.9300 15.01920000000000
1 34077U          19298.66666667  .00000000  00000-0  00000-0 0 00000
2 34077 097.6250 187.8000 0000000 000.0000 140.6800 15.01920000000000
1 34077U          19298.99375000  .00000000  00000-0  00000-0 0 00000
2 34077 097.6240 188.1230 0000000 000.0000 106.9300 15.01920000000000
1 34077U          19299.27916667  .00000000  00000-0  00000-0 0 00000
2 34077 097.6240 188.4040 0000000 000.0000 208.1800 15.01920000000000
1 34077U          19299.58888889  .00000000  00000-0  00000-0 0 00000
2 34077 097.6230 188.7090 0000000 000.0000 080.6800 15.01920000000000
1 34077U          19300.06319444  .00000000  00000-0  00000-0 0 00000
2 34077 097.6220 189.1770 0000000 000.0000 121.9300 15.01920000000000
1 34077U          19300.35000000  .00000000  00000-0  00000-0 0 00000
2 34077 097.6220 189.4590 0000000 000.0000 230.6800 15.01920000000000
1 34077U          19300.64305556  .00000000  00000-0  00000-0 0 00000
2 34077 097.6210 189.7480 0000000 000.0000 013.1800 15.01920000000000
1 34077U          19301.07222222  .00000000  00000-0  00000-0 0 00000
2 34077 097.6200 190.1710 0000000 000.0000 170.6790 15.01920000000000
1 34077U          19301.27430556  .00000000  00000-0  00000-0 0 00000
2 34077 097.6200 190.3700 0000000 000.0000 181.9290 15.01920000000000
1 34077U          19301.68333333  .00000000  00000-0  00000-0 0 00000
2 34077 097.6190 190.7730 0000000 000.0000 230.6790 15.01920000000000
1 34077U          19302.03125000  .00000000  00000-0  00000-0 0 00000
2 34077 097.6190 191.1160 0000000 000.0000 309.4290 15.01920000000000
1 34077U          19302.36805556  .00000000  00000-0  00000-0 0 00000
2 34077 097.6180 191.4480 0000000 000.0000 328.1790 15.01920000000000
1 34077U          19302.66597222  .00000000  00000-0  00000-0 0 00000
2 34077 097.6180 191.7420 0000000 000.0000 136.9290 15.01920000000000
1 34077U          19303.01388889  .00000000  00000-0  00000-0 0 00000
2 34077 097.6170 192.0850 0000000 000.0000 215.6790 15.01920000000000
1 34077U          19303.30972222  .00000000  00000-0  00000-0 0 00000
2 34077 097.6160 192.3760 0000000 000.0000 013.1790 15.01920000000000
1 34077U          19303.69652778  .00000000  00000-0  00000-0 0 00000
2 34077 097.6160 192.7580 0000000 000.0000 301.9290 15.01920000000000
1 34077U          19303.94444444  .00000000  00000-0  00000-0 0 00000
2 34077 097.6150 193.0020 0000000 000.0000 200.6780 15.01920000000000
1 34077U          19304.30625000  .00000000  00000-0  00000-0 0 00000
2 34077 097.6150 193.3580 0000000 000.0000 354.4280 15.01920000000000
1 34077U          19304.62777778  .00000000  00000-0  00000-0 0 00000
2 34077 097.6140 193.6750 0000000 000.0000 290.6780 15.01920000000000
1 34077U          19304.97500000  .00000000  00000-0  00000-0 0 00000
2 34077 097.6130 194.0180 0000000 000.0000 005.6780 15.01920000000000
1 34077U          19305.39375000  .00000000  00000-0  00000-0 0 00000
2 34077 097.6130 194.4300 0000000 000.0000 106.9280 15.01920000000000
1 34077U          19305.62916667  .00000000  00000-0  00000-0 0 00000
2 34077 097.6120 194.6620 0000000 000.0000 298.1780 15.01920000000000
1 34077U          19305.92152778  .00000000  00000-0  00000-0 0 00000
2 34077 097.6120 194.9500 0000000 000.0000 076.9280 15.01920000000000
1 34077U          19306.26250000  .00000000  00000-0  00000-0 0 00000
2 34077 097.6110 195.2860 0000000 000.0000 118.1770 15.01920000000000
1 34077U          19306.68055556  .00000000  00000-0  00000-0 0 00000
2 34077 097.6100 195.6980 0000000 000.0000 215.6770 15.01920000000000
1 34077U          19307.00902778  .00000000  00000-0  00000-0 0 00000
2 34077 097.6100 196.0220 0000000 000.0000 189.4270 15.01920000000000
1 34077U          19307.31180556  .00000000  00000-0  00000-0 0 00000
2 34077 097.6090 196.3210 0000000 000.0000 024.4270 15.01920000000000
1 34077U          19307.68402778  .00000000  00000-0  00000-0 0 00000
2 34077 097.6090 196.6870 0000000 000.0000 234.4270 15.01920000000000
1 34077U          19308.06875000  .00000000  00000-0  00000-0 0 00000
2 34077 097.6080 197.0670 0000000 000.0000 151.9270 15.01920000000000
1 34077U          19308.38055556  .00000000  00000-0  00000-0 0 00000
2 34077 097.6070 197.3740 0000000 000.0000 035.6760 15.01920000000000
1 34077U          19308.60000000  .00000000  00000-0  00000-0 0 00000
2 34077 097.6070 197.5900 0000000 000.0000 140.6760 15.01920000000000
1 34077U          19309.00277778  .00000000  00000-0  00000-0 0 00000
2 34077 097.6060 197.9870 0000000 000.0000 155.6760 15.01920000000000
1 34077U          19309.36527778  .00000000  00000-0  00000-0 0 00000
2 34077 097.6060 198.3440 0000000 000.0000 313.1760 15.01920000000000
1 34077U          19309.64166667  .00000000  00000-0  00000-0 0 00000
2 34077 097.6050 198.6170 0000000 000.0000 005.6760 15.01920000000000
1 34077U          19309.92291667  .00000000  00000-0  00000-0 0 00000
2 34077 097.6050 198.8940 0000000 000.0000 084.4260 15.01920000000000
1 34077U          19310.36388889  .00000000  00000-0  00000-0 0 00000
2 34077 097.6040 199.3280 0000000 000.0000 305.6750 15.01920000000000
1 34077U          19310.74305556  .00000000  00000-0  00000-0 0 00000
2 34077 097.6030 199.7020 0000000 000.0000 193.1750 15.01920000000000
1 34077U          19310.97986111  .00000000  00000-0  00000-0 0 00000
2 34077 097.6030 199.9360 0000000 000.0000 031.9250 15.01920000000000
1 34077U          19311.33194444  .00000000  00000-0  00000-0 0 00000
2 34077 097.6020 200.2830 0000000 000.0000 133.1750 15.01920000000000
1 34077U          19311.71736111  .00000000  00000-0  00000-0 0 00000
2 34077 097.6010 200.6620 0000000 000.0000 054.4240 15.01920000000000
1 34077U          19311.89583333  .00000000  00000-0  00000-0 0 00000
2 34077 097.6010 200.8380 0000000 000.0000 298.1740 15.01914300000000
1 34077U          19312.25694444  .00000000  00000-0  00000-0 0 00000
2 34077 097.6000 201.1940 0000000 000.0000 088.1740 15.01914300000000
1 34077U          19312.60138889  .00000000  00000-0  00000-0 0 00000
2 34077 097.6000 201.5340 0000000 000.0000 148.1740 15.01914300000000
1 34077U          19312.94722222  .00000000  00000-0  00000-0 0 00000
2 34077 097.5990 201.8740 0000000 000.0000 215.6740 15.01914300000000
1 34077U          19313.25625000  .00000000  00000-0  00000-0 0 00000
2 34077 097.5990 202.1790 0000000 000.0000 084.4230 15.01914300000000
1 34077U          19313.59375000  .00000000  00000-0  00000-0 0 00000
2 34077 097.5980 202.5120 0000000 000.0000 106.9230 15.01914300000000
1 34077U          19313.83958333  .00000000  00000-0  00000-0 0 00000
2 34077 097.5980 202.7540 0000000 000.0000 354.4230 15.01914300000000
1 34077U          19314.24444444  .00000000  00000-0  00000-0 0 00000
2 34077 097.5970 203.1530 0000000 000.0000 020.6730 15.01914300000000
1 34077U          19314.61319444  .00000000  00000-0  00000-0 0 00000
2 34077 097.5960 203.5160 0000000 000.0000 211.9220 15.01914300000000
1 34077U          19314.95763889  .00000000  00000-0  00000-0 0 00000
2 34077 097.5960 203.8560 0000000 000.0000 271.9220 15.01914300000000
1 34077U          19315.18611111  .00000000  00000-0  00000-0 0 00000
2 34077 097.5950 204.0810 0000000 000.0000 065.6720 15.01914300000000
1 34077U          19315.56319444  .00000000  00000-0  00000-0 0 00000
2 34077 097.5950 204.4520 0000000 000.0000 301.9220 15.01914300000000
1 34077U          19315.97013889  .00000000  00000-0  00000-0 0 00000
2 34077 097.5940 204.8540 0000000 000.0000 339.4210 15.01914300000000
1 34077U          19316.25138889  .00000000  00000-0  00000-0 0 00000
2 34077 097.5940 205.1310 0000000 000.0000 058.1710 15.01914300000000
1 34077U          19316.56666667  .00000000  00000-0  00000-0 0 00000
2 34077 097.5930 205.4410 0000000 000.0000 320.6710 15.01914300000000
1 34077U          19316.93750000  .00000000  00000-0  00000-0 0 00000
2 34077 097.5930 205.8070 0000000 000.0000 163.1710 15.01914300000000
1 34077U          19317.28125000  .00000000  00000-0  00000-0 0 00000
2 34077 097.5920 206.1460 0000000 000.0000 219.4200 15.01914300000000
1 34077U          19317.50208333  .00000000  00000-0  00000-0 0 00000
2 34077 097.5920 206.3630 0000000 000.0000 331.9200 15.01914300000000
1 34077U          19317.95555556  .00000000  00000-0  00000-0 0 00000
2 34077 097.5910 206.8100 0000000 000.0000 260.6700 15.01914300000000
1 34077U          19318.16458333  .00000000  00000-0  00000-0 0 00000
2 34077 097.5900 207.0160 0000000 000.0000 309.4200 15.01914300000000
1 34077U          19318.49027778  .00000000  00000-0  00000-0 0 00000
2 34077 097.5900 207.3370 0000000 000.0000 268.1690 15.01914300000000
1 34077U          19318.89583333  .00000000  00000-0  00000-0 0 00000
2 34077 097.5890 207.7370 0000000 000.0000 298.1690 15.01914300000000
1 34077U          19318.89583333  .00000000  00000-0  00000-0 0 00000
2 34077 097.5890 207.7370 0000000 000.0000 298.1690 15.01914300000000
1 34077U          19319.18055556  .00000000  00000-0  00000-0 0 00000
2 34077 097.5890 208.0170 0000000 000.0000 035.6690 15.01914300000000
1 34077U          19319.59861111  .00000000  00000-0  00000-0 0 00000
2 34077 097.5880 208.4290 0000000 000.0000 133.1690 15.01914300000000
1 34077U          19319.95416667  .00000000  00000-0  00000-0 0 00000
2 34077 097.5880 208.7800 0000000 000.0000 253.1680 15.01914300000000
1 34077U          19320.17847222  .00000000  00000-0  00000-0 0 00000
2 34077 097.5870 209.0010 0000000 000.0000 024.4180 15.01914300000000
1 34077U          19320.52013889  .00000000  00000-0  00000-0 0 00000
2 34077 097.5870 209.3380 0000000 000.0000 069.4180 15.01914300000000
1 34077U          19320.85763889  .00000000  00000-0  00000-0 0 00000
2 34077 097.5860 209.6700 0000000 000.0000 091.9170 15.01914300000000
1 34077U          19321.23402778  .00000000  00000-0  00000-0 0 00000
2 34077 097.5850 210.0410 0000000 000.0000 324.4170 15.01914300000000
1 34077U          19321.56111111  .00000000  00000-0  00000-0 0 00000
2 34077 097.5850 210.3630 0000000 000.0000 290.6670 15.01914300000000
1 34077U          19321.87847222  .00000000  00000-0  00000-0 0 00000
2 34077 097.5840 210.6760 0000000 000.0000 204.4160 15.01914300000000
1 34077U          19322.24236111  .00000000  00000-0  00000-0 0 00000
2 34077 097.5840 211.0350 0000000 000.0000 009.4160 15.01914300000000
1 34077U          19322.56597222  .00000000  00000-0  00000-0 0 00000
2 34077 097.5830 211.3540 0000000 000.0000 316.9160 15.01914300000000
1 34077U          19322.93819444  .00000000  00000-0  00000-0 0 00000
2 34077 097.5830 211.7200 0000000 000.0000 166.9150 15.01914300000000
1 34077U          19323.21388889  .00000000  00000-0  00000-0 0 00000
2 34077 097.5820 211.9920 0000000 000.0000 215.6650 15.01914300000000
1 34077U          19323.60000000  .00000000  00000-0  00000-0 0 00000
2 34077 097.5820 212.3730 0000000 000.0000 140.6650 15.01914300000000
1 34077U          19323.93750000  .00000000  00000-0  00000-0 0 00000
2 34077 097.5810 212.7050 0000000 000.0000 163.1650 15.01914300000000
1 34077U          19324.30208333  .00000000  00000-0  00000-0 0 00000
2 34077 097.5810 213.0650 0000000 000.0000 331.9140 15.01914300000000
1 34077U          19324.52152778  .00000000  00000-0  00000-0 0 00000
2 34077 097.5800 213.2810 0000000 000.0000 076.9140 15.01914300000000
1 34077U          19324.83125000  .00000000  00000-0  00000-0 0 00000
2 34077 097.5800 213.5860 0000000 000.0000 309.4140 15.01914300000000
1 34077U          19325.30000000  .00000000  00000-0  00000-0 0 00000
2 34077 097.5790 214.0480 0000000 000.0000 320.6630 15.01914300000000
1 34077U          19325.54444444  .00000000  00000-0  00000-0 0 00000
2 34077 097.5790 214.2890 0000000 000.0000 200.6630 15.01914300000000
1 34077U          19325.89583333  .00000000  00000-0  00000-0 0 00000
2 34077 097.5780 214.6350 0000000 000.0000 298.1630 15.01914300000000
1 34077U          19325.96597222  .00000000  00000-0  00000-0 0 00000
2 34077 097.5780 214.7040 0000000 000.0000 316.9120 15.01914300000000
1 34077U          19326.19652778  .00000000  00000-0  00000-0 0 00000
2 34077 097.5780 214.9310 0000000 000.0000 121.9120 15.01914300000000
1 34077U          19326.51805556  .00000000  00000-0  00000-0 0 00000
2 34077 097.5770 215.2480 0000000 000.0000 058.1620 15.01914300000000
1 34077U          19326.87986111  .00000000  00000-0  00000-0 0 00000
2 34077 097.5770 215.6050 0000000 000.0000 211.9110 15.01914300000000
1 34077U          19327.20625000  .00000000  00000-0  00000-0 0 00000
2 34077 097.5760 215.9260 0000000 000.0000 174.4110 15.01914300000000
1 34077U          19327.60208333  .00000000  00000-0  00000-0 0 00000
2 34077 097.5760 216.3170 0000000 000.0000 151.9110 15.01914300000000
1 34077U          19327.93263889  .00000000  00000-0  00000-0 0 00000
2 34077 097.5750 216.6420 0000000 000.0000 136.9100 15.01914300000000
1 34077U          19328.29722222  .00000000  00000-0  00000-0 0 00000
2 34077 097.5750 217.0020 0000000 000.0000 305.6600 15.01914300000000
1 34077U          19328.49791667  .00000000  00000-0  00000-0 0 00000
2 34077 097.5740 217.1990 0000000 000.0000 309.4100 15.01914300000000
1 34077U          19328.86736111  .00000000  00000-0  00000-0 0 00000
2 34077 097.5740 217.5630 0000000 000.0000 144.4090 15.01914300000000
1 34077U          19329.21875000  .00000000  00000-0  00000-0 0 00000
2 34077 097.5730 217.9100 0000000 000.0000 241.9090 15.01914300000000
1 34077U          19329.61250000  .00000000  00000-0  00000-0 0 00000
2 34077 097.5730 218.2980 0000000 000.0000 208.1580 15.01914300000000
1 34077U          19329.86666667  .00000000  00000-0  00000-0 0 00000
2 34077 097.5720 218.5480 0000000 000.0000 140.6580 15.01914300000000
1 34077U          19330.29722222  .00000000  00000-0  00000-0 0 00000
2 34077 097.5720 218.9720 0000000 000.0000 305.6580 15.01914300000000
1 34077U          19330.49930556  .00000000  00000-0  00000-0 0 00000
2 34077 097.5710 219.1720 0000000 000.0000 316.9070 15.01914300000000
1 34077U          19330.94027778  .00000000  00000-0  00000-0 0 00000
2 34077 097.5710 219.6060 0000000 000.0000 178.1570 15.01914300000000
1 34077U          19331.28194444  .00000000  00000-0  00000-0 0 00000
2 34077 097.5700 219.9430 0000000 000.0000 223.1570 15.01914300000000
1 34077U          19331.54097222  .00000000  00000-0  00000-0 0 00000
2 34077 097.5700 220.1980 0000000 000.0000 181.9060 15.01914300000000
1 34077U          19331.94375000  .00000000  00000-0  00000-0 0 00000
2 34077 097.5690 220.5950 0000000 000.0000 196.9060 15.01914300000000
1 34077U          19332.15763889  .00000000  00000-0  00000-0 0 00000
2 34077 097.5690 220.8060 0000000 000.0000 271.9060 15.01914300000000
1 34077U          19332.50347222  .00000000  00000-0  00000-0 0 00000
2 34077 097.5690 221.1470 0000000 000.0000 339.4050 15.01914300000000
1 34077U          19332.83819444  .00000000  00000-0  00000-0 0 00000
2 34077 097.5680 221.4760 0000000 000.0000 346.9050 15.01914300000000
