1 36829U          19281.99930556  .00000000  00000-0  00000-0 0 00000
2 36829 097.7140 42.7760 0000000 000.0000 119.5990 00.06258000000000
1 36829U          19282.26111111  .00000000  00000-0  00000-0 0 00000
2 36829 097.7140 43.0340 0000000 000.0000 093.3490 00.06258000000000
1 36829U          19282.63263889  .00000000  00000-0  00000-0 0 00000
2 36829 097.7150 43.4010 0000000 000.0000 299.6000 00.06258000000000
1 36829U          19283.07500000  .00000000  00000-0  00000-0 0 00000
2 36829 097.7160 43.8370 0000000 000.0000 168.3500 00.06258000000000
1 36829U          19283.33888889  .00000000  00000-0  00000-0 0 00000
2 36829 097.7160 44.0970 0000000 000.0000 153.3510 00.06258000000000
1 36829U          19283.62291667  .00000000  00000-0  00000-0 0 00000
2 36829 097.7160 44.3770 0000000 000.0000 247.1010 00.06258000000000
1 36829U          19283.99652778  .00000000  00000-0  00000-0 0 00000
2 36829 097.7170 44.7450 0000000 000.0000 104.6020 00.06258000000000
1 36829U          19284.39444444  .00000000  00000-0  00000-0 0 00000
2 36829 097.7170 45.1370 0000000 000.0000 093.3520 00.06258000000000
1 36829U          19284.72430556  .00000000  00000-0  00000-0 0 00000
2 36829 097.7180 45.4630 0000000 000.0000 074.6030 00.06258000000000
1 36829U          19285.06388889  .00000000  00000-0  00000-0 0 00000
2 36829 097.7180 45.7970 0000000 000.0000 108.3530 00.06258000000000
1 36829U          19285.28333333  .00000000  00000-0  00000-0 0 00000
2 36829 097.7180 46.0140 0000000 000.0000 213.3530 00.06258000000000
1 36829U          19285.72361111  .00000000  00000-0  00000-0 0 00000
2 36829 097.7190 46.4480 0000000 000.0000 070.8540 00.06258000000000
1 36829U          19286.07708333  .00000000  00000-0  00000-0 0 00000
2 36829 097.7190 46.7960 0000000 000.0000 179.6050 00.06258000000000
1 36829U          19286.26597222  .00000000  00000-0  00000-0 0 00000
2 36829 097.7200 46.9820 0000000 000.0000 119.6050 00.06258000000000
1 36829U          19286.62152778  .00000000  00000-0  00000-0 0 00000
2 36829 097.7200 47.3330 0000000 000.0000 239.6050 00.06258000000000
1 36829U          19286.91666667  .00000000  00000-0  00000-0 0 00000
2 36829 097.7200 47.6240 0000000 000.0000 033.3560 00.06258000000000
1 36829U          19287.29861111  .00000000  00000-0  00000-0 0 00000
2 36829 097.7210 48.0000 0000000 000.0000 295.8560 00.06258000000000
1 36829U          19287.71666667  .00000000  00000-0  00000-0 0 00000
2 36829 097.7210 48.4130 0000000 000.0000 033.3570 00.06258000000000
1 36829U          19287.99930556  .00000000  00000-0  00000-0 0 00000
2 36829 097.7220 48.6910 0000000 000.0000 119.6070 00.06258000000000
1 36829U          19288.32291667  .00000000  00000-0  00000-0 0 00000
2 36829 097.7220 49.0100 0000000 000.0000 067.1080 00.06258000000000
1 36829U          19288.62569444  .00000000  00000-0  00000-0 0 00000
2 36829 097.7230 49.3090 0000000 000.0000 262.1080 00.06258000000000
1 36829U          19288.94097222  .00000000  00000-0  00000-0 0 00000
2 36829 097.7230 49.6190 0000000 000.0000 164.6090 00.06258000000000
1 36829U          19289.36180556  .00000000  00000-0  00000-0 0 00000
2 36829 097.7230 50.0340 0000000 000.0000 277.1090 00.06258000000000
1 36829U          19289.73958333  .00000000  00000-0  00000-0 0 00000
2 36829 097.7240 50.4070 0000000 000.0000 157.1100 00.06258000000000
1 36829U          19290.04930556  .00000000  00000-0  00000-0 0 00000
2 36829 097.7240 50.7120 0000000 000.0000 029.6100 00.06258000000000
1 36829U          19290.39861111  .00000000  00000-0  00000-0 0 00000
2 36829 097.7250 51.0560 0000000 000.0000 115.8610 00.06258000000000
1 36829U          19290.62291667  .00000000  00000-0  00000-0 0 00000
2 36829 097.7250 51.2770 0000000 000.0000 247.1110 00.06258000000000
1 36829U          19290.99583333  .00000000  00000-0  00000-0 0 00000
2 36829 097.7250 51.6450 0000000 000.0000 100.8620 00.06258000000000
1 36829U          19291.34375000  .00000000  00000-0  00000-0 0 00000
2 36829 097.7260 51.9880 0000000 000.0000 179.6120 00.06258000000000
1 36829U          19291.60694444  .00000000  00000-0  00000-0 0 00000
2 36829 097.7260 52.2480 0000000 000.0000 160.8630 00.06258000000000
1 36829U          19291.97430556  .00000000  00000-0  00000-0 0 00000
2 36829 097.7260 52.6100 0000000 000.0000 344.6130 00.06258000000000
1 36829U          19292.34305556  .00000000  00000-0  00000-0 0 00000
2 36829 097.7270 52.9730 0000000 000.0000 175.8640 00.06258000000000
1 36829U          19292.59652778  .00000000  00000-0  00000-0 0 00000
2 36829 097.7270 53.2230 0000000 000.0000 104.6140 00.06258000000000
1 36829U          19293.07916667  .00000000  00000-0  00000-0 0 00000
2 36829 097.7280 53.6990 0000000 000.0000 190.8650 00.06258000000000
1 36829U          19293.34166667  .00000000  00000-0  00000-0 0 00000
2 36829 097.7280 53.9580 0000000 000.0000 168.3650 00.06258000000000
1 36829U          19293.64930556  .00000000  00000-0  00000-0 0 00000
2 36829 097.7280 54.2610 0000000 000.0000 029.6160 00.06258000000000
1 36829U          19293.91736111  .00000000  00000-0  00000-0 0 00000
2 36829 097.7290 54.5250 0000000 000.0000 037.1160 00.06258000000000
1 36829U          19294.35694444  .00000000  00000-0  00000-0 0 00000
2 36829 097.7290 54.9590 0000000 000.0000 250.8670 00.06258000000000
1 36829U          19294.71250000  .00000000  00000-0  00000-0 0 00000
2 36829 097.7290 55.3090 0000000 000.0000 010.8680 00.06258000000000
1 36829U          19294.93125000  .00000000  00000-0  00000-0 0 00000
2 36829 097.7300 55.5250 0000000 000.0000 112.1180 00.06258000000000
1 36829U          19295.26250000  .00000000  00000-0  00000-0 0 00000
2 36829 097.7300 55.8510 0000000 000.0000 100.8680 00.06258000000000
1 36829U          19295.73125000  .00000000  00000-0  00000-0 0 00000
2 36829 097.7300 56.3130 0000000 000.0000 112.1190 00.06258000000000
1 36829U          19296.00763889  .00000000  00000-0  00000-0 0 00000
2 36829 097.7310 56.5860 0000000 000.0000 164.6200 00.06258000000000
1 36829U          19296.34166667  .00000000  00000-0  00000-0 0 00000
2 36829 097.7310 56.9150 0000000 000.0000 168.3700 00.06258000000000
1 36829U          19296.61805556  .00000000  00000-0  00000-0 0 00000
2 36829 097.7310 57.1880 0000000 000.0000 220.8710 00.06258000000000
1 36829U          19296.97013889  .00000000  00000-0  00000-0 0 00000
2 36829 097.7320 57.5350 0000000 000.0000 322.1210 00.06258000000000
1 36829U          19297.26250000  .00000000  00000-0  00000-0 0 00000
2 36829 097.7320 57.8230 0000000 000.0000 100.8720 00.06258000000000
1 36829U          19297.72361111  .00000000  00000-0  00000-0 0 00000
2 36829 097.7320 58.2770 0000000 000.0000 070.8720 00.06258000000000
1 36829U          19297.98055556  .00000000  00000-0  00000-0 0 00000
2 36829 097.7330 58.5310 0000000 000.0000 018.3730 00.06258000000000
1 36829U          19298.33888889  .00000000  00000-0  00000-0 0 00000
2 36829 097.7330 58.8840 0000000 000.0000 153.3730 00.06258000000000
1 36829U          19298.67569444  .00000000  00000-0  00000-0 0 00000
2 36829 097.7330 59.2160 0000000 000.0000 172.1240 00.06258000000000
1 36829U          19299.05972222  .00000000  00000-0  00000-0 0 00000
2 36829 097.7340 59.5950 0000000 000.0000 085.8750 00.06258000000000
1 36829U          19299.34652778  .00000000  00000-0  00000-0 0 00000
2 36829 097.7340 59.8770 0000000 000.0000 194.6250 00.06258000000000
1 36829U          19299.66944444  .00000000  00000-0  00000-0 0 00000
2 36829 097.7340 60.1960 0000000 000.0000 138.3760 00.06258000000000
1 36829U          19300.08055556  .00000000  00000-0  00000-0 0 00000
2 36829 097.7350 60.6010 0000000 000.0000 198.3760 00.06258000000000
1 36829U          19300.29444444  .00000000  00000-0  00000-0 0 00000
2 36829 097.7350 60.8120 0000000 000.0000 273.3770 00.06258000000000
1 36829U          19300.61597222  .00000000  00000-0  00000-0 0 00000
2 36829 097.7350 61.1290 0000000 000.0000 209.6270 00.06258000000000
1 36829U          19300.95347222  .00000000  00000-0  00000-0 0 00000
2 36829 097.7350 61.4620 0000000 000.0000 232.1280 00.06258000000000
1 36829U          19301.38541667  .00000000  00000-0  00000-0 0 00000
2 36829 097.7360 61.8870 0000000 000.0000 044.6290 00.06258000000000
1 36829U          19301.72708333  .00000000  00000-0  00000-0 0 00000
2 36829 097.7360 62.2240 0000000 000.0000 089.6290 00.06258000000000
1 36829U          19301.94305556  .00000000  00000-0  00000-0 0 00000
2 36829 097.7360 62.4370 0000000 000.0000 175.8790 00.06258000000000
1 36829U          19302.26666667  .00000000  00000-0  00000-0 0 00000
2 36829 097.7370 62.7560 0000000 000.0000 123.3800 00.06258000000000
1 36829U          19302.71180556  .00000000  00000-0  00000-0 0 00000
2 36829 097.7370 63.1950 0000000 000.0000 007.1310 00.06258000000000
1 36829U          19302.93611111  .00000000  00000-0  00000-0 0 00000
2 36829 097.7370 63.4160 0000000 000.0000 138.3810 00.06258000000000
1 36829U          19303.38888889  .00000000  00000-0  00000-0 0 00000
2 36829 097.7370 63.8620 0000000 000.0000 063.3820 00.06258000000000
1 36829U          19303.70208333  .00000000  00000-0  00000-0 0 00000
2 36829 097.7380 64.1710 0000000 000.0000 314.6330 00.06258000000000
1 36829U          19304.00000000  .00000000  00000-0  00000-0 0 00000
2 36829 097.7380 64.4650 0000000 000.0000 123.3830 00.06258000000000
1 36829U          19304.30138889  .00000000  00000-0  00000-0 0 00000
2 36829 097.7380 64.7620 0000000 000.0000 310.8840 00.06258000000000
1 36829U          19304.60833333  .00000000  00000-0  00000-0 0 00000
2 36829 097.7380 65.0650 0000000 000.0000 168.3840 00.06258000000000
1 36829U          19305.05555556  .00000000  00000-0  00000-0 0 00000
2 36829 097.7390 65.5060 0000000 000.0000 063.3850 00.06258000000000
1 36829U          19305.34444444  .00000000  00000-0  00000-0 0 00000
2 36829 097.7390 65.7900 0000000 000.0000 183.3850 00.06258000000000
1 36829U          19305.58819444  .00000000  00000-0  00000-0 0 00000
2 36829 097.7390 66.0310 0000000 000.0000 059.6360 00.06258000000000
1 36829U          19306.00138889  .00000000  00000-0  00000-0 0 00000
2 36829 097.7400 66.4380 0000000 000.0000 130.8870 00.06258000000000
1 36829U          19306.30486111  .00000000  00000-0  00000-0 0 00000
2 36829 097.7400 66.7370 0000000 000.0000 329.6370 00.06258000000000
1 36829U          19306.63125000  .00000000  00000-0  00000-0 0 00000
2 36829 097.7400 67.0590 0000000 000.0000 292.1380 00.06258000000000
1 36829U          19307.05833333  .00000000  00000-0  00000-0 0 00000
2 36829 097.7400 67.4800 0000000 000.0000 078.3880 00.06258000000000
1 36829U          19307.29027778  .00000000  00000-0  00000-0 0 00000
2 36829 097.7400 67.7090 0000000 000.0000 250.8890 00.06258000000000
1 36829U          19307.68819444  .00000000  00000-0  00000-0 0 00000
2 36829 097.7410 68.1010 0000000 000.0000 239.6400 00.06258000000000
1 36829U          19307.96250000  .00000000  00000-0  00000-0 0 00000
2 36829 097.7410 68.3710 0000000 000.0000 280.8900 00.06258000000000
1 36829U          19308.26944444  .00000000  00000-0  00000-0 0 00000
2 36829 097.7410 68.6740 0000000 000.0000 138.3910 00.06258000000000
1 36829U          19308.72708333  .00000000  00000-0  00000-0 0 00000
2 36829 097.7410 69.1250 0000000 000.0000 089.6410 00.06258000000000
1 36829U          19308.99444444  .00000000  00000-0  00000-0 0 00000
2 36829 097.7420 69.3890 0000000 000.0000 093.3920 00.06258000000000
1 36829U          19309.31736111  .00000000  00000-0  00000-0 0 00000
2 36829 097.7420 69.7070 0000000 000.0000 037.1420 00.06258000000000
1 36829U          19309.66388889  .00000000  00000-0  00000-0 0 00000
2 36829 097.7420 70.0490 0000000 000.0000 108.3930 00.06258000000000
1 36829U          19309.93055556  .00000000  00000-0  00000-0 0 00000
2 36829 097.7420 70.3110 0000000 000.0000 108.3940 00.06258000000000
1 36829U          19310.35625000  .00000000  00000-0  00000-0 0 00000
2 36829 097.7420 70.7310 0000000 000.0000 247.1440 00.06258000000000
1 36829U          19310.60000000  .00000000  00000-0  00000-0 0 00000
2 36829 097.7430 70.9710 0000000 000.0000 123.3950 00.06258000000000
1 36829U          19310.95972222  .00000000  00000-0  00000-0 0 00000
2 36829 097.7430 71.3260 0000000 000.0000 265.8950 00.06258000000000
1 36829U          19311.34444444  .00000000  00000-0  00000-0 0 00000
2 36829 097.7430 71.7050 0000000 000.0000 183.3960 00.06258000000000
1 36829U          19311.73402778  .00000000  00000-0  00000-0 0 00000
2 36829 097.7430 72.0890 0000000 000.0000 127.1470 00.06258000000000
1 36829U          19311.89583333  .00000000  00000-0  00000-0 0 00000
2 36829 097.7430 72.2490 0000000 000.0000 280.8970 15.01914300000000
1 36829U          19312.23055556  .00000000  00000-0  00000-0 0 00000
2 36829 097.7440 72.5790 0000000 000.0000 288.3980 15.01914300000000
1 36829U          19312.59652778  .00000000  00000-0  00000-0 0 00000
2 36829 097.7440 72.9400 0000000 000.0000 104.6480 15.01914300000000
1 36829U          19312.95625000  .00000000  00000-0  00000-0 0 00000
2 36829 097.7440 73.2940 0000000 000.0000 247.1490 15.01914300000000
1 36829U          19313.24861111  .00000000  00000-0  00000-0 0 00000
2 36829 097.7440 73.5830 0000000 000.0000 025.9000 15.01914300000000
1 36829U          19313.50694444  .00000000  00000-0  00000-0 0 00000
2 36829 097.7440 73.8370 0000000 000.0000 340.9000 15.01914300000000
1 36829U          19313.94652778  .00000000  00000-0  00000-0 0 00000
2 36829 097.7440 74.2710 0000000 000.0000 194.6510 15.01914300000000
1 36829U          19314.16180556  .00000000  00000-0  00000-0 0 00000
2 36829 097.7440 74.4830 0000000 000.0000 277.1510 15.01914300000000
1 36829U          19314.53333333  .00000000  00000-0  00000-0 0 00000
2 36829 097.7450 74.8490 0000000 000.0000 123.4020 15.01914300000000
1 36829U          19314.93333333  .00000000  00000-0  00000-0 0 00000
2 36829 097.7450 75.2430 0000000 000.0000 123.4030 15.01914300000000
1 36829U          19315.20625000  .00000000  00000-0  00000-0 0 00000
2 36829 097.7450 75.5130 0000000 000.0000 157.1530 15.01914300000000
1 36829U          19315.64375000  .00000000  00000-0  00000-0 0 00000
2 36829 097.7450 75.9440 0000000 000.0000 359.6540 15.01914300000000
1 36829U          19315.82847222  .00000000  00000-0  00000-0 0 00000
2 36829 097.7450 76.1260 0000000 000.0000 277.1540 15.01914300000000
1 36829U          19316.30416667  .00000000  00000-0  00000-0 0 00000
2 36829 097.7450 76.5950 0000000 000.0000 325.9050 15.01914300000000
1 36829U          19316.54861111  .00000000  00000-0  00000-0 0 00000
2 36829 097.7460 76.8360 0000000 000.0000 205.9060 15.01914300000000
1 36829U          19316.97777778  .00000000  00000-0  00000-0 0 00000
2 36829 097.7460 77.2590 0000000 000.0000 003.4070 15.01914300000000
1 36829U          19317.18611111  .00000000  00000-0  00000-0 0 00000
2 36829 097.7460 77.4640 0000000 000.0000 048.4070 15.01914300000000
1 36829U          19317.61736111  .00000000  00000-0  00000-0 0 00000
2 36829 097.7460 77.8900 0000000 000.0000 217.1580 15.01914300000000
1 36829U          19317.83680556  .00000000  00000-0  00000-0 0 00000
2 36829 097.7460 78.1060 0000000 000.0000 322.1580 15.01914300000000
1 36829U          19318.20277778  .00000000  00000-0  00000-0 0 00000
2 36829 097.7460 78.4670 0000000 000.0000 138.4090 15.01914300000000
1 36829U          19318.50972222  .00000000  00000-0  00000-0 0 00000
2 36829 097.7460 78.7690 0000000 000.0000 355.9090 15.01914300000000
1 36829U          19318.89166667  .00000000  00000-0  00000-0 0 00000
2 36829 097.7460 79.1460 0000000 000.0000 258.4100 15.01914300000000
1 36829U          19318.94166667  .00000000  00000-0  00000-0 0 00000
2 36829 097.7460 79.1950 0000000 000.0000 168.4100 15.01914300000000
1 36829U          19319.27083333  .00000000  00000-0  00000-0 0 00000
2 36829 097.7470 79.5200 0000000 000.0000 145.9110 15.01914300000000
1 36829U          19319.48541667  .00000000  00000-0  00000-0 0 00000
2 36829 097.7470 79.7310 0000000 000.0000 224.6610 15.01914300000000
1 36829U          19319.96319444  .00000000  00000-0  00000-0 0 00000
2 36829 097.7470 80.2020 0000000 000.0000 284.6620 15.01914300000000
1 36829U          19320.24305556  .00000000  00000-0  00000-0 0 00000
2 36829 097.7470 80.4780 0000000 000.0000 355.9130 15.01914300000000
1 36829U          19320.54027778  .00000000  00000-0  00000-0 0 00000
2 36829 097.7470 80.7710 0000000 000.0000 160.9130 15.01914300000000
1 36829U          19320.94791667  .00000000  00000-0  00000-0 0 00000
2 36829 097.7470 81.1730 0000000 000.0000 202.1640 15.01914300000000
1 36829U          19321.17847222  .00000000  00000-0  00000-0 0 00000
2 36829 097.7470 81.4000 0000000 000.0000 007.1640 15.01914300000000
1 36829U          19321.52777778  .00000000  00000-0  00000-0 0 00000
2 36829 097.7470 81.7450 0000000 000.0000 093.4150 15.01914300000000
1 36829U          19321.88888889  .00000000  00000-0  00000-0 0 00000
2 36829 097.7470 82.1010 0000000 000.0000 243.4160 15.01914300000000
1 36829U          19322.22013889  .00000000  00000-0  00000-0 0 00000
2 36829 097.7470 82.4270 0000000 000.0000 232.1660 15.01914300000000
1 36829U          19322.52361111  .00000000  00000-0  00000-0 0 00000
2 36829 097.7470 82.7260 0000000 000.0000 070.9170 15.01914300000000
1 36829U          19322.86875000  .00000000  00000-0  00000-0 0 00000
2 36829 097.7480 83.0670 0000000 000.0000 134.6680 15.01914300000000
1 36829U          19323.17291667  .00000000  00000-0  00000-0 0 00000
2 36829 097.7480 83.3670 0000000 000.0000 337.1680 15.01914300000000
1 36829U          19323.57430556  .00000000  00000-0  00000-0 0 00000
2 36829 097.7480 83.7620 0000000 000.0000 344.6690 15.01914300000000
1 36829U          19323.93402778  .00000000  00000-0  00000-0 0 00000
2 36829 097.7480 84.1170 0000000 000.0000 127.1700 15.01914300000000
1 36829U          19324.20555556  .00000000  00000-0  00000-0 0 00000
2 36829 097.7480 84.3850 0000000 000.0000 153.4200 15.01914300000000
1 36829U          19324.57986111  .00000000  00000-0  00000-0 0 00000
2 36829 097.7480 84.7540 0000000 000.0000 014.6710 15.01914300000000
1 36829U          19324.97361111  .00000000  00000-0  00000-0 0 00000
2 36829 097.7480 85.1420 0000000 000.0000 340.9220 15.01914300000000
1 36829U          19325.26875000  .00000000  00000-0  00000-0 0 00000
2 36829 097.7480 85.4330 0000000 000.0000 134.6720 15.01914300000000
1 36829U          19325.53958333  .00000000  00000-0  00000-0 0 00000
2 36829 097.7480 85.7000 0000000 000.0000 157.1730 15.01914300000000
1 36829U          19325.89583333  .00000000  00000-0  00000-0 0 00000
2 36829 097.7480 86.0510 0000000 000.0000 280.9230 15.01914300000000
1 36829U          19325.92430556  .00000000  00000-0  00000-0 0 00000
2 36829 097.7490 86.0740 0031070 267.0260 167.4110 15.01655400000000
1 36829U          19326.27013889  .00000000  00000-0  00000-0 0 00000
2 36829 097.7460 86.2670 1993140 280.1460 111.6620 10.76748000000000
1 36829U          19326.53819444  .00000000  00000-0  00000-0 0 00000
2 36829 097.7430 86.4030 1991590 279.9130 069.9540 10.75307200000000
1 36829U          19326.82083333  .00000000  00000-0  00000-0 0 00000
2 36829 097.7430 86.5390 1990460 279.3440 085.0910 10.75859600000000
1 36829U          19327.29375000  .00000000  00000-0  00000-0 0 00000
2 36829 097.7470 86.7710 1993929 278.4080 117.4670 10.76820700000000
1 36829U          19327.52430556  .00000000  00000-0  00000-0 0 00000
2 36829 097.7440 86.8790 1993540 278.1090 290.6280 10.75185800000000
1 36829U          19327.82291667  .00000000  00000-0  00000-0 0 00000
2 36829 097.7490 87.0340 1977920 277.4970 007.5890 10.79181400000000
1 36829U          19328.27222222  .00000000  00000-0  00000-0 0 00000
2 36829 097.7440 87.2440 1995200 276.9430 308.2220 10.75573800000000
1 36829U          19328.57777778  .00000000  00000-0  00000-0 0 00000
2 36829 097.7440 87.4080 1995150 276.4380 051.9460 10.75049600000000
1 36829U          19328.91250000  .00000000  00000-0  00000-0 0 00000
2 36829 097.7440 87.5630 1990810 275.7950 268.8710 10.75588500000000
1 36829U          19329.18263889  .00000000  00000-0  00000-0 0 00000
2 36829 097.7480 87.6980 1993200 275.4740 235.3280 10.76519000000000
1 36829U          19329.56527778  .00000000  00000-0  00000-0 0 00000
2 36829 097.7450 87.8840 1991390 274.6590 277.9850 10.75366200000000
1 36829U          19329.85902778  .00000000  00000-0  00000-0 0 00000
2 36829 097.7490 88.0250 1985270 274.4920 335.7840 10.78103600000000
1 36829U          19330.27986111  .00000000  00000-0  00000-0 0 00000
2 36829 097.7510 88.2390 2000080 273.4480 166.5120 10.77260600000000
1 36829U          19330.49930556  .00000000  00000-0  00000-0 0 00000
2 36829 097.7450 88.3420 1994100 273.0710 296.7400 10.75137500000000
1 36829U          19330.93125000  .00000000  00000-0  00000-0 0 00000
2 36829 097.7510 88.5590 2000290 272.3560 170.1890 10.77259600000000
1 36829U          19331.27638889  .00000000  00000-0  00000-0 0 00000
2 36829 097.7440 88.7340 1992950 271.8940 067.2340 10.75132200000000
1 36829U          19331.56805556  .00000000  00000-0  00000-0 0 00000
2 36829 097.7490 88.8730 1993120 271.1990 117.4780 10.76576000000000
1 36829U          19331.81597222  .00000000  00000-0  00000-0 0 00000
2 36829 097.7520 88.9940 1974840 270.9380 357.8160 10.79788300000000
1 36829U          19332.19305556  .00000000  00000-0  00000-0 0 00000
2 36829 097.7520 89.1850 1983190 269.9990 019.0050 10.78402800000000
1 36829U          19332.48819444  .00000000  00000-0  00000-0 0 00000
2 36829 097.7460 89.3290 1991130 269.8080 082.2070 10.75463100000000
1 36829U          19332.89583333  .00000000  00000-0  00000-0 0 00000
2 36829 097.7490 89.5250 1996870 269.2060 221.4260 10.76979500000000
