1 37538U          19281.92083333  .00000000  00000-0  00000-0 0 00000
2 37538 097.6560 171.295  0000000 000.0000 313.1790 15.01920000000000
1 37538U          19282.25277778  .00000000  00000-0  00000-0 0 00000
2 37538 097.6550 171.623  0000000 000.0000 305.6790 15.01920000000000
1 37538U          19282.60902778  .00000000  00000-0  00000-0 0 00000
2 37538 097.6550 171.974  0000000 000.0000 069.4300 15.01920000000000
1 37538U          19283.04722222  .00000000  00000-0  00000-0 0 00000
2 37538 097.6540 172.406  0000000 000.0000 275.6800 15.01920000000000
1 37538U          19283.34305556  .00000000  00000-0  00000-0 0 00000
2 37538 097.6530 172.697  0000000 000.0000 073.1800 15.01920000000000
1 37538U          19283.62291667  .00000000  00000-0  00000-0 0 00000
2 37538 097.6530 172.973  0000000 000.0000 144.4300 15.01920000000000
1 37538U          19284.01250000  .00000000  00000-0  00000-0 0 00000
2 37538 097.6520 173.357  0000000 000.0000 088.1800 15.01920000000000
1 37538U          19284.29236111  .00000000  00000-0  00000-0 0 00000
2 37538 097.6520 173.633  0000000 000.0000 159.4300 15.01920000000000
1 37538U          19284.59791667  .00000000  00000-0  00000-0 0 00000
2 37538 097.6510 173.934  0000000 000.0000 009.4300 15.01920000000000
1 37538U          19284.92291667  .00000000  00000-0  00000-0 0 00000
2 37538 097.6500 174.254  0000000 000.0000 324.4300 15.01920000000000
1 37538U          19285.40000000  .00000000  00000-0  00000-0 0 00000
2 37538 097.6490 174.725  0000000 000.0000 020.6800 15.01920000000000
1 37538U          19285.66250000  .00000000  00000-0  00000-0 0 00000
2 37538 097.6490 174.983  0000000 000.0000 358.1800 15.01920000000000
1 37538U          19286.07500000  .00000000  00000-0  00000-0 0 00000
2 37538 097.6480 175.390  0000000 000.0000 065.6800 15.01920000000000
1 37538U          19286.29444444  .00000000  00000-0  00000-0 0 00000
2 37538 097.6480 175.606  0000000 000.0000 170.6800 15.01920000000000
1 37538U          19286.65486111  .00000000  00000-0  00000-0 0 00000
2 37538 097.6470 175.962  0000000 000.0000 316.9300 15.01920000000000
1 37538U          19287.03055556  .00000000  00000-0  00000-0 0 00000
2 37538 097.6460 176.332  0000000 000.0000 185.6810 15.01920000000000
1 37538U          19287.25486111  .00000000  00000-0  00000-0 0 00000
2 37538 097.6460 176.553  0000000 000.0000 316.9310 15.01920000000000
1 37538U          19287.60000000  .00000000  00000-0  00000-0 0 00000
2 37538 097.6450 176.893  0000000 000.0000 020.6810 15.01920000000000
1 37538U          19287.96875000  .00000000  00000-0  00000-0 0 00000
2 37538 097.6450 177.257  0000000 000.0000 211.9310 15.01920000000000
1 37538U          19288.35555556  .00000000  00000-0  00000-0 0 00000
2 37538 097.6440 177.638  0000000 000.0000 140.6810 15.01920000000000
1 37538U          19288.65208333  .00000000  00000-0  00000-0 0 00000
2 37538 097.6430 177.930  0000000 000.0000 301.9310 15.01920000000000
1 37538U          19289.00555556  .00000000  00000-0  00000-0 0 00000
2 37538 097.6430 178.278  0000000 000.0000 050.6810 15.01920000000000
1 37538U          19289.34583333  .00000000  00000-0  00000-0 0 00000
2 37538 097.6420 178.614  0000000 000.0000 088.1810 15.01920000000000
1 37538U          19289.71666667  .00000000  00000-0  00000-0 0 00000
2 37538 097.6410 178.979  0000000 000.0000 290.6810 15.01920000000000
1 37538U          19289.92013889  .00000000  00000-0  00000-0 0 00000
2 37538 097.6410 179.180  0000000 000.0000 309.4310 15.01920000000000
1 37538U          19290.38055556  .00000000  00000-0  00000-0 0 00000
2 37538 097.6400 179.634  0000000 000.0000 275.6810 15.01920000000000
1 37538U          19290.60972222  .00000000  00000-0  00000-0 0 00000
2 37538 097.6400 179.859  0000000 000.0000 073.1810 15.01920000000000
1 37538U          19290.95972222  .00000000  00000-0  00000-0 0 00000
2 37538 097.6390 180.204  0000000 000.0000 163.1810 15.01920000000000
1 37538U          19291.27638889  .00000000  00000-0  00000-0 0 00000
2 37538 097.6390 180.517  0000000 000.0000 073.1810 15.01920000000000
1 37538U          19291.62569444  .00000000  00000-0  00000-0 0 00000
2 37538 097.6380 180.861  0000000 000.0000 159.4310 15.01920000000000
1 37538U          19292.04375000  .00000000  00000-0  00000-0 0 00000
2 37538 097.6370 181.273  0000000 000.0000 256.9310 15.01920000000000
1 37538U          19292.38333333  .00000000  00000-0  00000-0 0 00000
2 37538 097.6360 181.608  0000000 000.0000 290.6810 15.01920000000000
1 37538U          19292.60694444  .00000000  00000-0  00000-0 0 00000
2 37538 097.6360 181.828  0000000 000.0000 058.1810 15.01920000000000
1 37538U          19292.91736111  .00000000  00000-0  00000-0 0 00000
2 37538 097.6360 182.134  0000000 000.0000 294.4310 15.01920000000000
1 37538U          19293.40902778  .00000000  00000-0  00000-0 0 00000
2 37538 097.6350 182.618  0000000 000.0000 069.4310 15.01920000000000
1 37538U          19293.61458333  .00000000  00000-0  00000-0 0 00000
2 37538 097.6340 182.821  0000000 000.0000 099.4310 15.01920000000000
1 37538U          19293.98958333  .00000000  00000-0  00000-0 0 00000
2 37538 097.6340 183.191  0000000 000.0000 324.4310 15.01920000000000
1 37538U          19294.33125000  .00000000  00000-0  00000-0 0 00000
2 37538 097.6330 183.527  0000000 000.0000 009.4310 15.01920000000000
1 37538U          19294.66319444  .00000000  00000-0  00000-0 0 00000
2 37538 097.6320 183.855  0000000 000.0000 001.9310 15.01920000000000
1 37538U          19294.92986111  .00000000  00000-0  00000-0 0 00000
2 37538 097.6320 184.117  0000000 000.0000 001.9310 15.01920000000000
1 37538U          19295.26458333  .00000000  00000-0  00000-0 0 00000
2 37538 097.6310 184.447  0000000 000.0000 009.4310 15.01920000000000
1 37538U          19295.67916667  .00000000  00000-0  00000-0 0 00000
2 37538 097.6300 184.856  0000000 000.0000 088.1810 15.01920000000000
1 37538U          19295.94444444  .00000000  00000-0  00000-0 0 00000
2 37538 097.6300 185.117  0000000 000.0000 080.6810 15.01920000000000
1 37538U          19296.38750000  .00000000  00000-0  00000-0 0 00000
2 37538 097.6290 185.554  0000000 000.0000 313.1810 15.01920000000000
1 37538U          19296.60347222  .00000000  00000-0  00000-0 0 00000
2 37538 097.6290 185.767  0000000 000.0000 039.4300 15.01920000000000
1 37538U          19297.01736111  .00000000  00000-0  00000-0 0 00000
2 37538 097.6280 186.175  0000000 000.0000 114.4300 15.01920000000000
1 37538U          19297.26805556  .00000000  00000-0  00000-0 0 00000
2 37538 097.6270 186.422  0000000 000.0000 028.1800 15.01920000000000
1 37538U          19297.74583333  .00000000  00000-0  00000-0 0 00000
2 37538 097.6270 186.893  0000000 000.0000 088.1800 15.01920000000000
1 37538U          19298.06041667  .00000000  00000-0  00000-0 0 00000
2 37538 097.6260 187.203  0000000 000.0000 346.9300 15.01920000000000
1 37538U          19298.25277778  .00000000  00000-0  00000-0 0 00000
2 37538 097.6260 187.392  0000000 000.0000 305.6800 15.01920000000000
1 37538U          19298.59236111  .00000000  00000-0  00000-0 0 00000
2 37538 097.6250 187.727  0000000 000.0000 339.4300 15.01920000000000
1 37538U          19298.99236111  .00000000  00000-0  00000-0 0 00000
2 37538 097.6240 188.121  0000000 000.0000 339.4300 15.01920000000000
1 37538U          19299.26666667  .00000000  00000-0  00000-0 0 00000
2 37538 097.6240 188.392  0000000 000.0000 020.6800 15.01920000000000
1 37538U          19299.61597222  .00000000  00000-0  00000-0 0 00000
2 37538 097.6230 188.736  0000000 000.0000 106.9300 15.01920000000000
1 37538U          19299.99375000  .00000000  00000-0  00000-0 0 00000
2 37538 097.6220 189.108  0000000 000.0000 346.9300 15.01920000000000
1 37538U          19300.40486111  .00000000  00000-0  00000-0 0 00000
2 37538 097.6220 189.513  0000000 000.0000 046.9300 15.01920000000000
1 37538U          19300.68611111  .00000000  00000-0  00000-0 0 00000
2 37538 097.6210 189.791  0000000 000.0000 125.6800 15.01920000000000
1 37538U          19301.02222222  .00000000  00000-0  00000-0 0 00000
2 37538 097.6210 190.122  0000000 000.0000 140.6790 15.01920000000000
1 37538U          19301.32291667  .00000000  00000-0  00000-0 0 00000
2 37538 097.6200 190.418  0000000 000.0000 324.4290 15.01920000000000
1 37538U          19301.73472222  .00000000  00000-0  00000-0 0 00000
2 37538 097.6190 190.824  0000000 000.0000 028.1790 15.01920000000000
1 37538U          19301.94236111  .00000000  00000-0  00000-0 0 00000
2 37538 097.6190 191.029  0000000 000.0000 069.4290 15.01920000000000
1 37538U          19302.41041667  .00000000  00000-0  00000-0 0 00000
2 37538 097.6180 191.490  0000000 000.0000 076.9290 15.01920000000000
1 37538U          19302.69861111  .00000000  00000-0  00000-0 0 00000
2 37538 097.6170 191.774  0000000 000.0000 193.1790 15.01920000000000
1 37538U          19302.95625000  .00000000  00000-0  00000-0 0 00000
2 37538 097.6170 192.028  0000000 000.0000 144.4290 15.01920000000000
1 37538U          19303.35902778  .00000000  00000-0  00000-0 0 00000
2 37538 097.6160 192.425  0000000 000.0000 159.4290 15.01920000000000
1 37538U          19303.73958333  .00000000  00000-0  00000-0 0 00000
2 37538 097.6160 192.800  0000000 000.0000 054.4290 15.01920000000000
1 37538U          19303.96527778  .00000000  00000-0  00000-0 0 00000
2 37538 097.6150 193.022  0000000 000.0000 193.1780 15.01920000000000
1 37538U          19304.41319444  .00000000  00000-0  00000-0 0 00000
2 37538 097.6140 193.464  0000000 000.0000 091.9280 15.01920000000000
1 37538U          19304.68402778  .00000000  00000-0  00000-0 0 00000
2 37538 097.6140 193.731  0000000 000.0000 114.4280 15.01920000000000
1 37538U          19305.04027778  .00000000  00000-0  00000-0 0 00000
2 37538 097.6130 194.082  0000000 000.0000 238.1780 15.01920000000000
1 37538U          19305.27708333  .00000000  00000-0  00000-0 0 00000
2 37538 097.6130 194.315  0000000 000.0000 076.9280 15.01920000000000
1 37538U          19305.62013889  .00000000  00000-0  00000-0 0 00000
2 37538 097.6120 194.653  0000000 000.0000 129.4280 15.01920000000000
1 37538U          19305.95625000  .00000000  00000-0  00000-0 0 00000
2 37538 097.6120 194.985  0000000 000.0000 144.4280 15.01920000000000
1 37538U          19306.36805556  .00000000  00000-0  00000-0 0 00000
2 37538 097.6110 195.390  0000000 000.0000 208.1770 15.01920000000000
1 37538U          19306.69583333  .00000000  00000-0  00000-0 0 00000
2 37538 097.6100 195.713  0000000 000.0000 178.1770 15.01920000000000
1 37538U          19306.92361111  .00000000  00000-0  00000-0 0 00000
2 37538 097.6100 195.938  0000000 000.0000 328.1770 15.01920000000000
1 37538U          19307.25833333  .00000000  00000-0  00000-0 0 00000
2 37538 097.6090 196.268  0000000 000.0000 335.6770 15.01920000000000
1 37538U          19307.73680556  .00000000  00000-0  00000-0 0 00000
2 37538 097.6080 196.739  0000000 000.0000 039.4270 15.01920000000000
1 37538U          19308.02013889  .00000000  00000-0  00000-0 0 00000
2 37538 097.6080 197.019  0000000 000.0000 129.4270 15.01920000000000
1 37538U          19308.26319444  .00000000  00000-0  00000-0 0 00000
2 37538 097.6070 197.258  0000000 000.0000 001.9260 15.01920000000000
1 37538U          19308.62847222  .00000000  00000-0  00000-0 0 00000
2 37538 097.6070 197.618  0000000 000.0000 174.4260 15.01920000000000
1 37538U          19309.03194444  .00000000  00000-0  00000-0 0 00000
2 37538 097.6060 198.016  0000000 000.0000 193.1760 15.01920000000000
1 37538U          19309.30069444  .00000000  00000-0  00000-0 0 00000
2 37538 097.6060 198.281  0000000 000.0000 204.4260 15.01920000000000
1 37538U          19309.60833333  .00000000  00000-0  00000-0 0 00000
2 37538 097.6050 198.584  0000000 000.0000 065.6760 15.01920000000000
1 37538U          19309.92013889  .00000000  00000-0  00000-0 0 00000
2 37538 097.6050 198.891  0000000 000.0000 309.4260 15.01920000000000
1 37538U          19310.31458333  .00000000  00000-0  00000-0 0 00000
2 37538 097.6040 199.280  0000000 000.0000 279.4250 15.01920000000000
1 37538U          19310.68263889  .00000000  00000-0  00000-0 0 00000
2 37538 097.6030 199.643  0000000 000.0000 106.9250 15.01920000000000
1 37538U          19311.02430556  .00000000  00000-0  00000-0 0 00000
2 37538 097.6030 199.979  0000000 000.0000 151.9250 15.01920000000000
1 37538U          19311.26180556  .00000000  00000-0  00000-0 0 00000
2 37538 097.6020 200.213  0000000 000.0000 354.4250 15.01920000000000
1 37538U          19311.61805556  .00000000  00000-0  00000-0 0 00000
2 37538 097.6020 200.564  0000000 000.0000 118.1740 15.01920000000000
1 37538U          19311.89583333  .00000000  00000-0  00000-0 0 00000
2 37538 097.6010 200.838  0000000 000.0000 178.1740 15.01914300000000
1 37538U          19312.19305556  .00000000  00000-0  00000-0 0 00000
2 37538 097.6010 201.131  0000000 000.0000 343.1740 15.01914300000000
1 37538U          19312.55694444  .00000000  00000-0  00000-0 0 00000
2 37538 097.6000 201.490  0000000 000.0000 148.1740 15.01914300000000
1 37538U          19312.89930556  .00000000  00000-0  00000-0 0 00000
2 37538 097.5990 201.827  0000000 000.0000 196.9240 15.01914300000000
1 37538U          19313.30277778  .00000000  00000-0  00000-0 0 00000
2 37538 097.5990 202.225  0000000 000.0000 215.6730 15.01914300000000
1 37538U          19313.61805556  .00000000  00000-0  00000-0 0 00000
2 37538 097.5980 202.536  0000000 000.0000 118.1730 15.01914300000000
1 37538U          19313.94166667  .00000000  00000-0  00000-0 0 00000
2 37538 097.5980 202.854  0000000 000.0000 065.6730 15.01914300000000
1 37538U          19314.22569444  .00000000  00000-0  00000-0 0 00000
2 37538 097.5970 203.134  0000000 000.0000 159.4230 15.01914300000000
1 37538U          19314.53125000  .00000000  00000-0  00000-0 0 00000
2 37538 097.5970 203.435  0000000 000.0000 009.4230 15.01914300000000
1 37538U          19314.86041667  .00000000  00000-0  00000-0 0 00000
2 37538 097.5960 203.760  0000000 000.0000 346.9220 15.01914300000000
1 37538U          19315.20416667  .00000000  00000-0  00000-0 0 00000
2 37538 097.5950 204.099  0000000 000.0000 043.1720 15.01914300000000
1 37538U          19315.57986111  .00000000  00000-0  00000-0 0 00000
2 37538 097.5950 204.469  0000000 000.0000 271.9220 15.01914300000000
1 37538U          19315.83958333  .00000000  00000-0  00000-0 0 00000
2 37538 097.5940 204.725  0000000 000.0000 234.4220 15.01914300000000
1 37538U          19316.19791667  .00000000  00000-0  00000-0 0 00000
2 37538 097.5940 205.078  0000000 000.0000 009.4210 15.01914300000000
1 37538U          19316.53333333  .00000000  00000-0  00000-0 0 00000
2 37538 097.5930 205.409  0000000 000.0000 020.6710 15.01914300000000
1 37538U          19316.91388889  .00000000  00000-0  00000-0 0 00000
2 37538 097.5930 205.784  0000000 000.0000 275.6710 15.01914300000000
1 37538U          19317.30486111  .00000000  00000-0  00000-0 0 00000
2 37538 097.5920 206.169  0000000 000.0000 226.9200 15.01914300000000
1 37538U          19317.63888889  .00000000  00000-0  00000-0 0 00000
2 37538 097.5910 206.498  0000000 000.0000 230.6700 15.01914300000000
1 37538U          19317.84791667  .00000000  00000-0  00000-0 0 00000
2 37538 097.5910 206.704  0000000 000.0000 279.4200 15.01914300000000
1 37538U          19318.26111111  .00000000  00000-0  00000-0 0 00000
2 37538 097.5900 207.111  0000000 000.0000 350.6700 15.01914300000000
1 37538U          19318.57916667  .00000000  00000-0  00000-0 0 00000
2 37538 097.5900 207.425  0000000 000.0000 268.1690 15.01914300000000
1 37538U          19318.89305556  .00000000  00000-0  00000-0 0 00000
2 37538 097.5890 207.734  0000000 000.0000 163.1690 15.01914300000000
1 37538U          19318.89583333  .00000000  00000-0  00000-0 0 00000
2 37538 097.5890 207.737  0000000 000.0000 178.1690 15.01914300000000
1 37538U          19319.24930556  .00000000  00000-0  00000-0 0 00000
2 37538 097.5890 208.085  0000000 000.0000 286.9190 15.01914300000000
1 37538U          19319.63194444  .00000000  00000-0  00000-0 0 00000
2 37538 097.5880 208.462  0000000 000.0000 193.1680 15.01914300000000
1 37538U          19319.88125000  .00000000  00000-0  00000-0 0 00000
2 37538 097.5880 208.708  0000000 000.0000 099.4180 15.01914300000000
1 37538U          19320.26666667  .00000000  00000-0  00000-0 0 00000
2 37538 097.5870 209.088  0000000 000.0000 020.6680 15.01914300000000
1 37538U          19320.60486111  .00000000  00000-0  00000-0 0 00000
2 37538 097.5870 209.421  0000000 000.0000 046.9180 15.01914300000000
1 37538U          19320.91319444  .00000000  00000-0  00000-0 0 00000
2 37538 097.5860 209.725  0000000 000.0000 271.9170 15.01914300000000
1 37538U          19321.27013889  .00000000  00000-0  00000-0 0 00000
2 37538 097.5850 210.077  0000000 000.0000 039.4170 15.01914300000000
1 37538U          19321.50347222  .00000000  00000-0  00000-0 0 00000
2 37538 097.5850 210.307  0000000 000.0000 219.4170 15.01914300000000
1 37538U          19321.93055556  .00000000  00000-0  00000-0 0 00000
2 37538 097.5840 210.727  0000000 000.0000 005.6660 15.01914300000000
1 37538U          19322.20486111  .00000000  00000-0  00000-0 0 00000
2 37538 097.5840 210.998  0000000 000.0000 046.9160 15.01914300000000
1 37538U          19322.62291667  .00000000  00000-0  00000-0 0 00000
2 37538 097.5830 211.410  0000000 000.0000 144.4160 15.01914300000000
1 37538U          19322.83541667  .00000000  00000-0  00000-0 0 00000
2 37538 097.5830 211.619  0000000 000.0000 211.9160 15.01914300000000
1 37538U          19323.22500000  .00000000  00000-0  00000-0 0 00000
2 37538 097.5820 212.003  0000000 000.0000 155.6650 15.01914300000000
1 37538U          19323.57916667  .00000000  00000-0  00000-0 0 00000
2 37538 097.5820 212.352  0000000 000.0000 268.1650 15.01914300000000
1 37538U          19323.83333333  .00000000  00000-0  00000-0 0 00000
2 37538 097.5810 212.603  0000000 000.0000 200.6650 15.01914300000000
1 37538U          19324.25902778  .00000000  00000-0  00000-0 0 00000
2 37538 097.5810 213.022  0000000 000.0000 339.4140 15.01914300000000
1 37538U          19324.53263889  .00000000  00000-0  00000-0 0 00000
2 37538 097.5800 213.292  0000000 000.0000 016.9140 15.01914300000000
1 37538U          19324.94027778  .00000000  00000-0  00000-0 0 00000
2 37538 097.5800 213.693  0000000 000.0000 058.1640 15.01914300000000
1 37538U          19325.17569444  .00000000  00000-0  00000-0 0 00000
2 37538 097.5790 213.925  0000000 000.0000 249.4130 15.01914300000000
1 37538U          19325.61111111  .00000000  00000-0  00000-0 0 00000
2 37538 097.5790 214.355  0000000 000.0000 080.6630 15.01914300000000
1 37538U          19325.82777778  .00000000  00000-0  00000-0 0 00000
2 37538 097.5780 214.568  0000000 000.0000 170.6630 15.01914300000000
1 37538U          19325.91388889  .00000000  00000-0  00000-0 0 00000
2 37538 097.5780 214.653  0000000 000.0000 275.6630 15.01914300000000
1 37538U          19326.26319444  .00000000  00000-0  00000-0 0 00000
2 37538 097.5780 214.997  0000000 000.0000 001.9120 15.01914300000000
1 37538U          19326.61250000  .00000000  00000-0  00000-0 0 00000
2 37538 097.5770 215.341  0000000 000.0000 088.1620 15.01914300000000
1 37538U          19326.92638889  .00000000  00000-0  00000-0 0 00000
2 37538 097.5770 215.651  0000000 000.0000 343.1610 15.01914300000000
1 37538U          19327.30972222  .00000000  00000-0  00000-0 0 00000
2 37538 097.5760 216.028  0000000 000.0000 253.1610 15.01914300000000
1 37538U          19327.54722222  .00000000  00000-0  00000-0 0 00000
2 37538 097.5760 216.262  0000000 000.0000 095.6610 15.01914300000000
1 37538U          19327.88055556  .00000000  00000-0  00000-0 0 00000
2 37538 097.5750 216.591  0000000 000.0000 095.6600 15.01914300000000
1 37538U          19328.17500000  .00000000  00000-0  00000-0 0 00000
2 37538 097.5750 216.881  0000000 000.0000 245.6600 15.01914300000000
1 37538U          19328.59513889  .00000000  00000-0  00000-0 0 00000
2 37538 097.5740 217.295  0000000 000.0000 354.4100 15.01914300000000
1 37538U          19328.96458333  .00000000  00000-0  00000-0 0 00000
2 37538 097.5740 217.659  0000000 000.0000 189.4090 15.01914300000000
1 37538U          19329.21875000  .00000000  00000-0  00000-0 0 00000
2 37538 097.5730 217.910  0000000 000.0000 121.9090 15.01914300000000
1 37538U          19329.58402778  .00000000  00000-0  00000-0 0 00000
2 37538 097.5730 218.270  0000000 000.0000 294.4090 15.01914300000000
1 37538U          19329.97708333  .00000000  00000-0  00000-0 0 00000
2 37538 097.5720 218.657  0000000 000.0000 256.9080 15.01914300000000
1 37538U          19330.26944444  .00000000  00000-0  00000-0 0 00000
2 37538 097.5720 218.945  0000000 000.0000 035.6580 15.01914300000000
1 37538U          19330.59444444  .00000000  00000-0  00000-0 0 00000
2 37538 097.5710 219.265  0000000 000.0000 350.6570 15.01914300000000
1 37538U          19330.88263889  .00000000  00000-0  00000-0 0 00000
2 37538 097.5710 219.549  0000000 000.0000 106.9070 15.01914300000000
1 37538U          19331.22291667  .00000000  00000-0  00000-0 0 00000
2 37538 097.5700 219.885  0000000 000.0000 144.4070 15.01914300000000
1 37538U          19331.52777778  .00000000  00000-0  00000-0 0 00000
2 37538 097.5700 220.185  0000000 000.0000 350.6560 15.01914300000000
1 37538U          19331.91527778  .00000000  00000-0  00000-0 0 00000
2 37538 097.5690 220.567  0000000 000.0000 283.1560 15.01914300000000
1 37538U          19332.26111111  .00000000  00000-0  00000-0 0 00000
2 37538 097.5690 220.908  0000000 000.0000 350.6550 15.01914300000000
1 37538U          19332.58194444  .00000000  00000-0  00000-0 0 00000
2 37538 097.5680 221.224  0000000 000.0000 283.1550 15.01914300000000
1 37538U          19332.83333333  .00000000  00000-0  00000-0 0 00000
2 37538 097.5680 221.472  0000000 000.0000 200.6550 15.01914300000000
