1 38025U          19281.98611111  .00000000  00000-0  00000-0 0 00000
2 38025 097.6720 017.046  0000000 000.0000 212.8960 15.01920000000000
1 38025U          19282.28125000  .00000000  00000-0  00000-0 0 00000
2 38025 097.6730 017.337  0000000 000.0000 006.6460 15.01920000000000
1 38025U          19282.59652778  .00000000  00000-0  00000-0 0 00000
2 38025 097.6740 017.648  0000000 000.0000 269.1460 15.01920000000000
1 38025U          19283.02916667  .00000000  00000-0  00000-0 0 00000
2 38025 097.6740 018.074  0000000 000.0000 085.3970 15.01920000000000
1 38025U          19283.37986111  .00000000  00000-0  00000-0 0 00000
2 38025 097.6750 018.420  0000000 000.0000 179.1470 15.01920000000000
1 38025U          19283.72638889  .00000000  00000-0  00000-0 0 00000
2 38025 097.6760 018.761  0000000 000.0000 250.3970 15.01920000000000
1 38025U          19283.92569444  .00000000  00000-0  00000-0 0 00000
2 38025 097.6760 018.958  0000000 000.0000 246.6470 15.01920000000000
1 38025U          19284.33333333  .00000000  00000-0  00000-0 0 00000
2 38025 097.6770 019.360  0000000 000.0000 287.8970 15.01920000000000
1 38025U          19284.66805556  .00000000  00000-0  00000-0 0 00000
2 38025 097.6770 019.689  0000000 000.0000 295.3980 15.01920000000000
1 38025U          19284.97916667  .00000000  00000-0  00000-0 0 00000
2 38025 097.6780 019.996  0000000 000.0000 175.3980 15.01920000000000
1 38025U          19285.26250000  .00000000  00000-0  00000-0 0 00000
2 38025 097.6780 020.275  0000000 000.0000 265.3980 15.01920000000000
1 38025U          19285.59375000  .00000000  00000-0  00000-0 0 00000
2 38025 097.6790 020.602  0000000 000.0000 254.1480 15.01920000000000
1 38025U          19285.93055556  .00000000  00000-0  00000-0 0 00000
2 38025 097.6790 020.934  0000000 000.0000 272.8990 15.01920000000000
1 38025U          19286.30625000  .00000000  00000-0  00000-0 0 00000
2 38025 097.6800 021.304  0000000 000.0000 141.6490 15.01920000000000
1 38025U          19286.61458333  .00000000  00000-0  00000-0 0 00000
2 38025 097.6810 021.608  0000000 000.0000 006.6490 15.01920000000000
1 38025U          19287.00069444  .00000000  00000-0  00000-0 0 00000
2 38025 097.6810 021.989  0000000 000.0000 291.6490 15.01920000000000
1 38025U          19287.39583333  .00000000  00000-0  00000-0 0 00000
2 38025 097.6820 022.378  0000000 000.0000 265.4000 15.01920000000000
1 38025U          19287.72569444  .00000000  00000-0  00000-0 0 00000
2 38025 097.6820 022.703  0000000 000.0000 246.6500 15.01920000000000
1 38025U          19287.96805556  .00000000  00000-0  00000-0 0 00000
2 38025 097.6830 022.942  0000000 000.0000 115.4000 15.01920000000000
1 38025U          19288.35972222  .00000000  00000-0  00000-0 0 00000
2 38025 097.6840 023.328  0000000 000.0000 070.4000 15.01920000000000
1 38025U          19288.58958333  .00000000  00000-0  00000-0 0 00000
2 38025 097.6840 023.555  0000000 000.0000 231.6510 15.01920000000000
1 38025U          19289.06180556  .00000000  00000-0  00000-0 0 00000
2 38025 097.6850 024.020  0000000 000.0000 261.6510 15.01920000000000
1 38025U          19289.32847222  .00000000  00000-0  00000-0 0 00000
2 38025 097.6850 024.283  0000000 000.0000 261.6510 15.01920000000000
1 38025U          19289.60972222  .00000000  00000-0  00000-0 0 00000
2 38025 097.6860 024.560  0000000 000.0000 340.4010 15.01920000000000
1 38025U          19289.97500000  .00000000  00000-0  00000-0 0 00000
2 38025 097.6860 024.921  0000000 000.0000 152.9020 15.01920000000000
1 38025U          19290.32777778  .00000000  00000-0  00000-0 0 00000
2 38025 097.6870 025.268  0000000 000.0000 257.9020 15.01920000000000
1 38025U          19290.75000000  .00000000  00000-0  00000-0 0 00000
2 38025 097.6880 025.684  0000000 000.0000 017.9020 15.01920000000000
1 38025U          19290.92500000  .00000000  00000-0  00000-0 0 00000
2 38025 097.6880 025.857  0000000 000.0000 242.9030 15.01920000000000
1 38025U          19291.35625000  .00000000  00000-0  00000-0 0 00000
2 38025 097.6890 026.282  0000000 000.0000 051.6530 15.01920000000000
1 38025U          19291.66319444  .00000000  00000-0  00000-0 0 00000
2 38025 097.6890 026.585  0000000 000.0000 269.1530 15.01920000000000
1 38025U          19292.07916667  .00000000  00000-0  00000-0 0 00000
2 38025 097.6900 026.995  0000000 000.0000 355.4040 15.01920000000000
1 38025U          19292.29236111  .00000000  00000-0  00000-0 0 00000
2 38025 097.6900 027.205  0000000 000.0000 066.6540 15.01920000000000
1 38025U          19292.67083333  .00000000  00000-0  00000-0 0 00000
2 38025 097.6910 027.578  0000000 000.0000 310.4040 15.01920000000000
1 38025U          19292.99444444  .00000000  00000-0  00000-0 0 00000
2 38025 097.6910 027.897  0000000 000.0000 257.9040 15.01920000000000
1 38025U          19293.25625000  .00000000  00000-0  00000-0 0 00000
2 38025 097.6920 028.155  0000000 000.0000 231.6550 15.01920000000000
1 38025U          19293.74722222  .00000000  00000-0  00000-0 0 00000
2 38025 097.6930 028.639  0000000 000.0000 002.9050 15.01920000000000
1 38025U          19293.93750000  .00000000  00000-0  00000-0 0 00000
2 38025 097.6930 028.826  0000000 000.0000 310.4050 15.01920000000000
1 38025U          19294.34583333  .00000000  00000-0  00000-0 0 00000
2 38025 097.6940 029.229  0000000 000.0000 355.4060 15.01920000000000
1 38025U          19294.61666667  .00000000  00000-0  00000-0 0 00000
2 38025 097.6940 029.496  0000000 000.0000 017.9060 15.01920000000000
1 38025U          19294.97847222  .00000000  00000-0  00000-0 0 00000
2 38025 097.6950 029.853  0000000 000.0000 171.6560 15.01920000000000
1 38025U          19295.35555556  .00000000  00000-0  00000-0 0 00000
2 38025 097.6950 030.224  0000000 000.0000 047.9070 15.01920000000000
1 38025U          19295.70694444  .00000000  00000-0  00000-0 0 00000
2 38025 097.6960 030.571  0000000 000.0000 145.4070 15.01920000000000
1 38025U          19295.93888889  .00000000  00000-0  00000-0 0 00000
2 38025 097.6960 030.799  0000000 000.0000 317.9070 15.01920000000000
1 38025U          19296.33888889  .00000000  00000-0  00000-0 0 00000
2 38025 097.6970 031.194  0000000 000.0000 317.9080 15.01920000000000
1 38025U          19296.65069444  .00000000  00000-0  00000-0 0 00000
2 38025 097.6970 031.501  0000000 000.0000 201.6580 15.01920000000000
1 38025U          19297.05902778  .00000000  00000-0  00000-0 0 00000
2 38025 097.6980 031.903  0000000 000.0000 246.6580 15.01920000000000
1 38025U          19297.26944444  .00000000  00000-0  00000-0 0 00000
2 38025 097.6980 032.111  0000000 000.0000 302.9090 15.01920000000000
1 38025U          19297.68263889  .00000000  00000-0  00000-0 0 00000
2 38025 097.6990 032.518  0000000 000.0000 014.1590 15.01920000000000
1 38025U          19298.02847222  .00000000  00000-0  00000-0 0 00000
2 38025 097.6990 032.859  0000000 000.0000 081.6590 15.01920000000000
1 38025U          19298.29027778  .00000000  00000-0  00000-0 0 00000
2 38025 097.7000 033.117  0000000 000.0000 055.4100 15.01920000000000
1 38025U          19298.74166667  .00000000  00000-0  00000-0 0 00000
2 38025 097.7000 033.562  0000000 000.0000 332.9100 15.01920000000000
1 38025U          19299.05416667  .00000000  00000-0  00000-0 0 00000
2 38025 097.7010 033.870  0000000 000.0000 220.4100 15.01920000000000
1 38025U          19299.27638889  .00000000  00000-0  00000-0 0 00000
2 38025 097.7010 034.089  0000000 000.0000 340.4110 15.01920000000000
1 38025U          19299.63750000  .00000000  00000-0  00000-0 0 00000
2 38025 097.7020 034.445  0000000 000.0000 130.4110 15.01920000000000
1 38025U          19299.99722222  .00000000  00000-0  00000-0 0 00000
2 38025 097.7020 034.800  0000000 000.0000 272.9120 15.01920000000000
1 38025U          19300.39097222  .00000000  00000-0  00000-0 0 00000
2 38025 097.7030 035.188  0000000 000.0000 239.1620 15.01920000000000
1 38025U          19300.61527778  .00000000  00000-0  00000-0 0 00000
2 38025 097.7030 035.409  0000000 000.0000 010.4120 15.01920000000000
1 38025U          19301.06111111  .00000000  00000-0  00000-0 0 00000
2 38025 097.7040 035.848  0000000 000.0000 257.9130 15.01920000000000
1 38025U          19301.28611111  .00000000  00000-0  00000-0 0 00000
2 38025 097.7040 036.070  0000000 000.0000 032.9130 15.01920000000000
1 38025U          19301.71805556  .00000000  00000-0  00000-0 0 00000
2 38025 097.7050 036.496  0000000 000.0000 205.4140 15.01920000000000
1 38025U          19301.92013889  .00000000  00000-0  00000-0 0 00000
2 38025 097.7050 036.695  0000000 000.0000 216.6640 15.01920000000000
1 38025U          19302.25069444  .00000000  00000-0  00000-0 0 00000
2 38025 097.7060 037.021  0000000 000.0000 201.6640 15.01920000000000
1 38025U          19302.69236111  .00000000  00000-0  00000-0 0 00000
2 38025 097.7060 037.457  0000000 000.0000 066.6650 15.01920000000000
1 38025U          19302.96111111  .00000000  00000-0  00000-0 0 00000
2 38025 097.7070 037.721  0000000 000.0000 077.9150 15.01920000000000
1 38025U          19303.27500000  .00000000  00000-0  00000-0 0 00000
2 38025 097.7070 038.031  0000000 000.0000 332.9150 15.01920000000000
1 38025U          19303.71458333  .00000000  00000-0  00000-0 0 00000
2 38025 097.7080 038.464  0000000 000.0000 186.6660 15.01920000000000
1 38025U          19303.97708333  .00000000  00000-0  00000-0 0 00000
2 38025 097.7080 038.723  0000000 000.0000 164.1660 15.01920000000000
1 38025U          19304.36527778  .00000000  00000-0  00000-0 0 00000
2 38025 097.7090 039.106  0000000 000.0000 100.4170 15.01920000000000
1 38025U          19304.73888889  .00000000  00000-0  00000-0 0 00000
2 38025 097.7090 039.474  0000000 000.0000 317.9170 15.01920000000000
1 38025U          19305.04513889  .00000000  00000-0  00000-0 0 00000
2 38025 097.7100 039.776  0000000 000.0000 171.6680 15.01920000000000
1 38025U          19305.33819444  .00000000  00000-0  00000-0 0 00000
2 38025 097.7100 040.065  0000000 000.0000 314.1680 15.01920000000000
1 38025U          19305.63680556  .00000000  00000-0  00000-0 0 00000
2 38025 097.7110 040.359  0000000 000.0000 126.6680 15.01920000000000
1 38025U          19306.00625000  .00000000  00000-0  00000-0 0 00000
2 38025 097.7110 040.723  0000000 000.0000 321.6690 15.01920000000000
1 38025U          19306.27013889  .00000000  00000-0  00000-0 0 00000
2 38025 097.7120 040.983  0000000 000.0000 306.6690 15.01920000000000
1 38025U          19306.73055556  .00000000  00000-0  00000-0 0 00000
2 38025 097.7120 041.437  0000000 000.0000 272.9200 15.01920000000000
1 38025U          19307.01944444  .00000000  00000-0  00000-0 0 00000
2 38025 097.7130 041.722  0000000 000.0000 032.9200 15.01920000000000
1 38025U          19307.39791667  .00000000  00000-0  00000-0 0 00000
2 38025 097.7130 042.095  0000000 000.0000 276.6710 15.01920000000000
1 38025U          19307.63263889  .00000000  00000-0  00000-0 0 00000
2 38025 097.7130 042.326  0000000 000.0000 104.1710 15.01920000000000
1 38025U          19308.02986111  .00000000  00000-0  00000-0 0 00000
2 38025 097.7140 042.718  0000000 000.0000 089.1710 15.01920000000000
1 38025U          19308.25694444  .00000000  00000-0  00000-0 0 00000
2 38025 097.7140 042.942  0000000 000.0000 235.4220 15.01920000000000
1 38025U          19308.59861111  .00000000  00000-0  00000-0 0 00000
2 38025 097.7150 043.279  0000000 000.0000 280.4220 15.01920000000000
1 38025U          19308.98333333  .00000000  00000-0  00000-0 0 00000
2 38025 097.7150 043.658  0000000 000.0000 197.9230 15.01920000000000
1 38025U          19309.35902778  .00000000  00000-0  00000-0 0 00000
2 38025 097.7160 044.028  0000000 000.0000 066.6730 15.01920000000000
1 38025U          19309.61597222  .00000000  00000-0  00000-0 0 00000
2 38025 097.7160 044.282  0000000 000.0000 014.1730 15.01920000000000
1 38025U          19310.01111111  .00000000  00000-0  00000-0 0 00000
2 38025 097.7170 044.671  0000000 000.0000 347.9240 15.01920000000000
1 38025U          19310.27083333  .00000000  00000-0  00000-0 0 00000
2 38025 097.7170 044.927  0000000 000.0000 310.4240 15.01920000000000
1 38025U          19310.72916667  .00000000  00000-0  00000-0 0 00000
2 38025 097.7180 045.379  0000000 000.0000 265.4250 15.01920000000000
1 38025U          19310.95277778  .00000000  00000-0  00000-0 0 00000
2 38025 097.7180 045.599  0000000 000.0000 032.9250 15.01920000000000
1 38025U          19311.35763889  .00000000  00000-0  00000-0 0 00000
2 38025 097.7180 045.999  0000000 000.0000 059.1760 15.01920000000000
1 38025U          19311.61458333  .00000000  00000-0  00000-0 0 00000
2 38025 097.7190 046.252  0000000 000.0000 006.6760 15.01920000000000
1 38025U          19311.97152778  .00000000  00000-0  00000-0 0 00000
2 38025 097.7190 046.604  0000000 000.0000 134.1770 15.01914300000000
1 38025U          19312.17013889  .00000000  00000-0  00000-0 0 00000
2 38025 097.7190 046.799  0000000 000.0000 126.6770 15.01914300000000
1 38025U          19312.58819444  .00000000  00000-0  00000-0 0 00000
2 38025 097.7200 047.212  0000000 000.0000 224.1780 15.01914300000000
1 38025U          19312.81319444  .00000000  00000-0  00000-0 0 00000
2 38025 097.7200 047.433  0000000 000.0000 359.1780 15.01914300000000
1 38025U          19313.27569444  .00000000  00000-0  00000-0 0 00000
2 38025 097.7210 047.889  0000000 000.0000 336.6790 15.01914300000000
1 38025U          19313.51527778  .00000000  00000-0  00000-0 0 00000
2 38025 097.7210 048.126  0000000 000.0000 190.4290 15.01914300000000
1 38025U          19313.89305556  .00000000  00000-0  00000-0 0 00000
2 38025 097.7220 048.498  0000000 000.0000 070.4290 15.01914300000000
1 38025U          19314.16388889  .00000000  00000-0  00000-0 0 00000
2 38025 097.7220 048.765  0000000 000.0000 092.9300 15.01914300000000
1 38025U          19314.48541667  .00000000  00000-0  00000-0 0 00000
2 38025 097.7220 049.082  0000000 000.0000 029.1800 15.01914300000000
1 38025U          19314.82708333  .00000000  00000-0  00000-0 0 00000
2 38025 097.7230 049.419  0000000 000.0000 074.1810 15.01914300000000
1 38025U          19315.17847222  .00000000  00000-0  00000-0 0 00000
2 38025 097.7230 049.765  0000000 000.0000 171.6810 15.01914300000000
1 38025U          19315.51319444  .00000000  00000-0  00000-0 0 00000
2 38025 097.7240 050.095  0000000 000.0000 179.1820 15.01914300000000
1 38025U          19315.97500000  .00000000  00000-0  00000-0 0 00000
2 38025 097.7240 050.550  0000000 000.0000 152.9330 15.01914300000000
1 38025U          19316.29930556  .00000000  00000-0  00000-0 0 00000
2 38025 097.7240 050.870  0000000 000.0000 104.1830 15.01914300000000
1 38025U          19316.57291667  .00000000  00000-0  00000-0 0 00000
2 38025 097.7250 051.140  0000000 000.0000 141.6830 15.01914300000000
1 38025U          19316.89930556  .00000000  00000-0  00000-0 0 00000
2 38025 097.7250 051.461  0000000 000.0000 104.1840 15.01914300000000
1 38025U          19317.24583333  .00000000  00000-0  00000-0 0 00000
2 38025 097.7260 051.803  0000000 000.0000 175.4340 15.01914300000000
1 38025U          19317.63888889  .00000000  00000-0  00000-0 0 00000
2 38025 097.7260 052.191  0000000 000.0000 137.9350 15.01914300000000
1 38025U          19317.95486111  .00000000  00000-0  00000-0 0 00000
2 38025 097.7260 052.502  0000000 000.0000 044.1860 15.01914300000000
1 38025U          19318.20625000  .00000000  00000-0  00000-0 0 00000
2 38025 097.7270 052.750  0000000 000.0000 321.6860 15.01914300000000
1 38025U          19318.59930556  .00000000  00000-0  00000-0 0 00000
2 38025 097.7270 053.137  0000000 000.0000 284.1870 15.01914300000000
1 38025U          19318.89583333  .00000000  00000-0  00000-0 0 00000
2 38025 097.7270 053.430  0000000 000.0000 085.4370 15.01914300000000
1 38025U          19318.93055556  .00000000  00000-0  00000-0 0 00000
2 38025 097.7270 053.464  0000000 000.0000 272.9370 15.01914300000000
1 38025U          19319.29236111  .00000000  00000-0  00000-0 0 00000
2 38025 097.7280 053.821  0000000 000.0000 066.6880 15.01914300000000
1 38025U          19319.57569444  .00000000  00000-0  00000-0 0 00000
2 38025 097.7280 054.100  0000000 000.0000 156.6880 15.01914300000000
1 38025U          19319.81875000  .00000000  00000-0  00000-0 0 00000
2 38025 097.7280 054.340  0000000 000.0000 029.1880 15.01914300000000
1 38025U          19320.19305556  .00000000  00000-0  00000-0 0 00000
2 38025 097.7290 054.709  0000000 000.0000 250.4390 15.01914300000000
1 38025U          19320.56250000  .00000000  00000-0  00000-0 0 00000
2 38025 097.7290 055.073  0000000 000.0000 085.4400 15.01914300000000
1 38025U          19320.86319444  .00000000  00000-0  00000-0 0 00000
2 38025 097.7290 055.369  0000000 000.0000 269.1900 15.01914300000000
1 38025U          19321.15069444  .00000000  00000-0  00000-0 0 00000
2 38025 097.7300 055.653  0000000 000.0000 021.6910 15.01914300000000
1 38025U          19321.51388889  .00000000  00000-0  00000-0 0 00000
2 38025 097.7300 056.011  0000000 000.0000 182.9410 15.01914300000000
1 38025U          19321.92083333  .00000000  00000-0  00000-0 0 00000
2 38025 097.7310 056.412  0000000 000.0000 220.4420 15.01914300000000
1 38025U          19322.23680556  .00000000  00000-0  00000-0 0 00000
2 38025 097.7310 056.723  0000000 000.0000 126.6920 15.01914300000000
1 38025U          19322.61666667  .00000000  00000-0  00000-0 0 00000
2 38025 097.7310 057.098  0000000 000.0000 017.9430 15.01914300000000
1 38025U          19322.82569444  .00000000  00000-0  00000-0 0 00000
2 38025 097.7310 057.304  0000000 000.0000 066.6930 15.01914300000000
1 38025U          19323.20486111  .00000000  00000-0  00000-0 0 00000
2 38025 097.7320 057.678  0000000 000.0000 314.1940 15.01914300000000
1 38025U          19323.63819444  .00000000  00000-0  00000-0 0 00000
2 38025 097.7320 058.105  0000000 000.0000 134.1950 15.01914300000000
1 38025U          19323.85069444  .00000000  00000-0  00000-0 0 00000
2 38025 097.7320 058.314  0000000 000.0000 201.6950 15.01914300000000
1 38025U          19324.26597222  .00000000  00000-0  00000-0 0 00000
2 38025 097.7330 058.724  0000000 000.0000 284.1960 15.01914300000000
1 38025U          19324.48055556  .00000000  00000-0  00000-0 0 00000
2 38025 097.7330 058.935  0000000 000.0000 002.9460 15.01914300000000
1 38025U          19324.83680556  .00000000  00000-0  00000-0 0 00000
2 38025 097.7330 059.286  0000000 000.0000 126.6970 15.01914300000000
1 38025U          19325.29861111  .00000000  00000-0  00000-0 0 00000
2 38025 097.7340 059.742  0000000 000.0000 100.4470 15.01914300000000
1 38025U          19325.55000000  .00000000  00000-0  00000-0 0 00000
2 38025 097.7340 059.989  0000000 000.0000 017.9480 15.01914300000000
1 38025U          19325.87083333  .00000000  00000-0  00000-0 0 00000
2 38025 097.7340 060.306  0000000 000.0000 310.4480 15.01914300000000
1 38025U          19325.89583333  .00000000  00000-0  00000-0 0 00000
2 38025 097.7340 060.330  0000000 000.0000 085.4480 15.01914300000000
1 38025U          19326.18194444  .00000000  00000-0  00000-0 0 00000
2 38025 097.7350 060.612  0000000 000.0000 190.4490 15.01914300000000
1 38025U          19326.56875000  .00000000  00000-0  00000-0 0 00000
2 38025 097.7350 060.994  0000000 000.0000 119.1990 15.01914300000000
1 38025U          19326.86944444  .00000000  00000-0  00000-0 0 00000
2 38025 097.7350 061.290  0000000 000.0000 302.9500 15.01914300000000
1 38025U          19327.18541667  .00000000  00000-0  00000-0 0 00000
2 38025 097.7360 061.602  0000000 000.0000 209.2000 15.01914300000000
1 38025U          19327.63611111  .00000000  00000-0  00000-0 0 00000
2 38025 097.7360 062.046  0000000 000.0000 122.9510 15.01914300000000
1 38025U          19327.92291667  .00000000  00000-0  00000-0 0 00000
2 38025 097.7360 062.329  0000000 000.0000 231.7020 15.01914300000000
1 38025U          19328.30972222  .00000000  00000-0  00000-0 0 00000
2 38025 097.7370 062.710  0000000 000.0000 160.4520 15.01914300000000
1 38025U          19328.60208333  .00000000  00000-0  00000-0 0 00000
2 38025 097.7370 062.998  0000000 000.0000 299.2030 15.01914300000000
1 38025U          19328.88541667  .00000000  00000-0  00000-0 0 00000
2 38025 097.7370 063.278  0000000 000.0000 029.2030 15.01914300000000
1 38025U          19329.18055556  .00000000  00000-0  00000-0 0 00000
2 38025 097.7370 063.569  0000000 000.0000 182.9540 15.01914300000000
1 38025U          19329.62777778  .00000000  00000-0  00000-0 0 00000
2 38025 097.7380 064.009  0000000 000.0000 077.9550 15.01914300000000
1 38025U          19329.93680556  .00000000  00000-0  00000-0 0 00000
2 38025 097.7380 064.314  0000000 000.0000 306.7050 15.01914300000000
1 38025U          19330.20277778  .00000000  00000-0  00000-0 0 00000
2 38025 097.7380 064.576  0000000 000.0000 302.9560 15.01914300000000
1 38025U          19330.59166667  .00000000  00000-0  00000-0 0 00000
2 38025 097.7380 064.960  0000000 000.0000 242.9560 15.01914300000000
1 38025U          19330.90833333  .00000000  00000-0  00000-0 0 00000
2 38025 097.7390 065.272  0000000 000.0000 152.9570 15.01914300000000
1 38025U          19331.31111111  .00000000  00000-0  00000-0 0 00000
2 38025 097.7390 065.669  0000000 000.0000 167.9580 15.01914300000000
1 38025U          19331.59236111  .00000000  00000-0  00000-0 0 00000
2 38025 097.7390 065.946  0000000 000.0000 246.7080 15.01914300000000
1 38025U          19331.81597222  .00000000  00000-0  00000-0 0 00000
2 38025 097.7390 066.167  0000000 000.0000 014.2080 15.01914300000000
1 38025U          19332.15138889  .00000000  00000-0  00000-0 0 00000
2 38025 097.7400 066.497  0000000 000.0000 025.4590 15.01914300000000
1 38025U          19332.56319444  .00000000  00000-0  00000-0 0 00000
2 38025 097.7400 066.903  0000000 000.0000 089.2100 15.01914300000000
1 38025U          19332.85138889  .00000000  00000-0  00000-0 0 00000
2 38025 097.7400 067.187  0000000 000.0000 205.4600 15.01914300000000
