1 38967U          19281.92152778  .00000000  00000-0  00000-0 0 00000
2 38967 097.7010 145.5800 0000000 000.0000 241.4830 15.01920000000000
1 38967U          19282.37569444  .00000000  00000-0  00000-0 0 00000
2 38967 097.7000 146.0270 0000000 000.0000 173.9840 15.01920000000000
1 38967U          19282.61041667  .00000000  00000-0  00000-0 0 00000
2 38967 097.7000 146.2590 0000000 000.0000 001.4840 15.01920000000000
1 38967U          19282.94930556  .00000000  00000-0  00000-0 0 00000
2 38967 097.6990 146.5930 0000000 000.0000 031.4840 15.01920000000000
1 38967U          19283.39097222  .00000000  00000-0  00000-0 0 00000
2 38967 097.6980 147.0280 0000000 000.0000 256.4850 15.01920000000000
1 38967U          19283.66805556  .00000000  00000-0  00000-0 0 00000
2 38967 097.6980 147.3010 0000000 000.0000 312.7350 15.01920000000000
1 38967U          19283.92152778  .00000000  00000-0  00000-0 0 00000
2 38967 097.6980 147.5510 0000000 000.0000 241.4850 15.01920000000000
1 38967U          19284.35069444  .00000000  00000-0  00000-0 0 00000
2 38967 097.6970 147.9740 0000000 000.0000 038.9860 15.01920000000000
1 38967U          19284.72916667  .00000000  00000-0  00000-0 0 00000
2 38967 097.6960 148.3470 0000000 000.0000 282.7360 15.01920000000000
1 38967U          19284.97986111  .00000000  00000-0  00000-0 0 00000
2 38967 097.6960 148.5940 0000000 000.0000 196.4860 15.01920000000000
1 38967U          19285.26180556  .00000000  00000-0  00000-0 0 00000
2 38967 097.6960 148.8720 0000000 000.0000 278.9870 15.01920000000000
1 38967U          19285.69861111  .00000000  00000-0  00000-0 0 00000
2 38967 097.6950 149.3030 0000000 000.0000 117.7370 15.01920000000000
1 38967U          19286.00833333  .00000000  00000-0  00000-0 0 00000
2 38967 097.6940 149.6080 0000000 000.0000 350.2370 15.01920000000000
1 38967U          19286.29375000  .00000000  00000-0  00000-0 0 00000
2 38967 097.6940 149.8890 0000000 000.0000 091.4880 15.01920000000000
1 38967U          19286.62291667  .00000000  00000-0  00000-0 0 00000
2 38967 097.6930 150.2140 0000000 000.0000 068.9880 15.01920000000000
1 38967U          19286.91875000  .00000000  00000-0  00000-0 0 00000
2 38967 097.6930 150.5060 0000000 000.0000 226.4880 15.01920000000000
1 38967U          19287.32777778  .00000000  00000-0  00000-0 0 00000
2 38967 097.6920 150.9090 0000000 000.0000 275.2390 15.01920000000000
1 38967U          19287.67152778  .00000000  00000-0  00000-0 0 00000
2 38967 097.6920 151.2480 0000000 000.0000 331.4890 15.01920000000000
1 38967U          19287.95763889  .00000000  00000-0  00000-0 0 00000
2 38967 097.6910 151.5300 0000000 000.0000 076.4890 15.01920000000000
1 38967U          19288.25069444  .00000000  00000-0  00000-0 0 00000
2 38967 097.6910 151.8180 0000000 000.0000 218.9900 15.01920000000000
1 38967U          19288.71250000  .00000000  00000-0  00000-0 0 00000
2 38967 097.6900 152.2740 0000000 000.0000 192.7400 15.01920000000000
1 38967U          19289.04444444  .00000000  00000-0  00000-0 0 00000
2 38967 097.6890 152.6010 0000000 000.0000 185.2400 15.01920000000000
1 38967U          19289.37430556  .00000000  00000-0  00000-0 0 00000
2 38967 097.6890 152.9260 0000000 000.0000 166.4910 15.01920000000000
1 38967U          19289.66597222  .00000000  00000-0  00000-0 0 00000
2 38967 097.6880 153.2140 0000000 000.0000 301.4910 15.01920000000000
1 38967U          19289.96319444  .00000000  00000-0  00000-0 0 00000
2 38967 097.6880 153.5070 0000000 000.0000 106.4910 15.01920000000000
1 38967U          19290.38125000  .00000000  00000-0  00000-0 0 00000
2 38967 097.6870 153.9190 0000000 000.0000 203.9910 15.01920000000000
1 38967U          19290.62708333  .00000000  00000-0  00000-0 0 00000
2 38967 097.6870 154.1610 0000000 000.0000 091.4920 15.01920000000000
1 38967U          19290.92986111  .00000000  00000-0  00000-0 0 00000
2 38967 097.6860 154.4590 0000000 000.0000 286.4920 15.01920000000000
1 38967U          19291.35416667  .00000000  00000-0  00000-0 0 00000
2 38967 097.6850 154.8780 0000000 000.0000 057.7420 15.01920000000000
1 38967U          19291.64166667  .00000000  00000-0  00000-0 0 00000
2 38967 097.6850 155.1610 0000000 000.0000 170.2430 15.01920000000000
1 38967U          19291.94166667  .00000000  00000-0  00000-0 0 00000
2 38967 097.6840 155.4570 0000000 000.0000 350.2430 15.01920000000000
1 38967U          19292.30972222  .00000000  00000-0  00000-0 0 00000
2 38967 097.6840 155.8200 0000000 000.0000 177.7430 15.01920000000000
1 38967U          19292.65347222  .00000000  00000-0  00000-0 0 00000
2 38967 097.6830 156.1580 0000000 000.0000 233.9930 15.01920000000000
1 38967U          19293.00277778  .00000000  00000-0  00000-0 0 00000
2 38967 097.6830 156.5030 0000000 000.0000 320.2440 15.01920000000000
1 38967U          19293.40208333  .00000000  00000-0  00000-0 0 00000
2 38967 097.6820 156.8960 0000000 000.0000 316.4940 15.01920000000000
1 38967U          19293.65763889  .00000000  00000-0  00000-0 0 00000
2 38967 097.6820 157.1480 0000000 000.0000 256.4940 15.01920000000000
1 38967U          19293.94027778  .00000000  00000-0  00000-0 0 00000
2 38967 097.6810 157.4270 0000000 000.0000 342.7440 15.01920000000000
1 38967U          19294.35138889  .00000000  00000-0  00000-0 0 00000
2 38967 097.6800 157.8320 0000000 000.0000 042.7450 15.01920000000000
1 38967U          19294.64583333  .00000000  00000-0  00000-0 0 00000
2 38967 097.6800 158.1220 0000000 000.0000 192.7450 15.01920000000000
1 38967U          19295.03750000  .00000000  00000-0  00000-0 0 00000
2 38967 097.6790 158.5080 0000000 000.0000 147.7450 15.01920000000000
1 38967U          19295.30972222  .00000000  00000-0  00000-0 0 00000
2 38967 097.6790 158.7770 0000000 000.0000 177.7450 15.01920000000000
1 38967U          19295.73055556  .00000000  00000-0  00000-0 0 00000
2 38967 097.6780 159.1910 0000000 000.0000 290.2460 15.01920000000000
1 38967U          19295.99027778  .00000000  00000-0  00000-0 0 00000
2 38967 097.6780 159.4470 0000000 000.0000 252.7460 15.01920000000000
1 38967U          19296.34513889  .00000000  00000-0  00000-0 0 00000
2 38967 097.6770 159.7970 0000000 000.0000 008.9960 15.01920000000000
1 38967U          19296.60486111  .00000000  00000-0  00000-0 0 00000
2 38967 097.6760 160.0530 0000000 000.0000 331.4960 15.01920000000000
1 38967U          19297.03541667  .00000000  00000-0  00000-0 0 00000
2 38967 097.6760 160.4780 0000000 000.0000 136.4960 15.01920000000000
1 38967U          19297.41666667  .00000000  00000-0  00000-0 0 00000
2 38967 097.6750 160.8530 0000000 000.0000 035.2470 15.01920000000000
1 38967U          19297.66041667  .00000000  00000-0  00000-0 0 00000
2 38967 097.6750 161.0940 0000000 000.0000 271.4970 15.01920000000000
1 38967U          19297.97708333  .00000000  00000-0  00000-0 0 00000
2 38967 097.6740 161.4060 0000000 000.0000 181.4970 15.01920000000000
1 38967U          19298.28888889  .00000000  00000-0  00000-0 0 00000
2 38967 097.6730 161.7130 0000000 000.0000 065.2470 15.01920000000000
1 38967U          19298.60486111  .00000000  00000-0  00000-0 0 00000
2 38967 097.6730 162.0250 0000000 000.0000 331.4970 15.01920000000000
1 38967U          19298.95486111  .00000000  00000-0  00000-0 0 00000
2 38967 097.6720 162.3700 0000000 000.0000 061.4980 15.01920000000000
1 38967U          19299.39861111  .00000000  00000-0  00000-0 0 00000
2 38967 097.6720 162.8070 0000000 000.0000 297.7480 15.01920000000000
1 38967U          19299.60416667  .00000000  00000-0  00000-0 0 00000
2 38967 097.6710 163.0100 0000000 000.0000 327.7480 15.01920000000000
1 38967U          19299.97361111  .00000000  00000-0  00000-0 0 00000
2 38967 097.6700 163.3740 0000000 000.0000 162.7480 15.01920000000000
1 38967U          19300.41388889  .00000000  00000-0  00000-0 0 00000
2 38967 097.6700 163.8080 0000000 000.0000 020.2490 15.01920000000000
1 38967U          19300.72708333  .00000000  00000-0  00000-0 0 00000
2 38967 097.6690 164.1160 0000000 000.0000 271.4990 15.01920000000000
1 38967U          19300.99861111  .00000000  00000-0  00000-0 0 00000
2 38967 097.6690 164.3840 0000000 000.0000 297.7490 15.01920000000000
1 38967U          19301.34652778  .00000000  00000-0  00000-0 0 00000
2 38967 097.6680 164.7270 0000000 000.0000 016.4990 15.01920000000000
1 38967U          19301.62222222  .00000000  00000-0  00000-0 0 00000
2 38967 097.6680 164.9990 0000000 000.0000 065.2490 15.01920000000000
1 38967U          19302.03819444  .00000000  00000-0  00000-0 0 00000
2 38967 097.6670 165.4090 0000000 000.0000 151.4990 15.01920000000000
1 38967U          19302.32638889  .00000000  00000-0  00000-0 0 00000
2 38967 097.6660 165.6930 0000000 000.0000 267.7500 15.01920000000000
1 38967U          19302.69375000  .00000000  00000-0  00000-0 0 00000
2 38967 097.6660 166.0550 0000000 000.0000 091.5000 15.01920000000000
1 38967U          19302.96597222  .00000000  00000-0  00000-0 0 00000
2 38967 097.6650 166.3230 0000000 000.0000 121.5000 15.01920000000000
1 38967U          19303.31666667  .00000000  00000-0  00000-0 0 00000
2 38967 097.6640 166.6690 0000000 000.0000 215.2500 15.01920000000000
1 38967U          19303.62986111  .00000000  00000-0  00000-0 0 00000
2 38967 097.6640 166.9780 0000000 000.0000 106.5000 15.01920000000000
1 38967U          19304.06875000  .00000000  00000-0  00000-0 0 00000
2 38967 097.6630 167.4100 0000000 000.0000 316.5000 15.01920000000000
1 38967U          19304.29722222  .00000000  00000-0  00000-0 0 00000
2 38967 097.6630 167.6350 0000000 000.0000 110.2500 15.01920000000000
1 38967U          19304.59861111  .00000000  00000-0  00000-0 0 00000
2 38967 097.6620 167.9320 0000000 000.0000 297.7510 15.01920000000000
1 38967U          19305.07083333  .00000000  00000-0  00000-0 0 00000
2 38967 097.6610 168.3980 0000000 000.0000 327.7510 15.01920000000000
1 38967U          19305.25972222  .00000000  00000-0  00000-0 0 00000
2 38967 097.6610 168.5840 0000000 000.0000 267.7510 15.01920000000000
1 38967U          19305.62013889  .00000000  00000-0  00000-0 0 00000
2 38967 097.6600 168.9390 0000000 000.0000 054.0010 15.01920000000000
1 38967U          19306.02083333  .00000000  00000-0  00000-0 0 00000
2 38967 097.6600 169.3340 0000000 000.0000 057.7510 15.01920000000000
1 38967U          19306.25416667  .00000000  00000-0  00000-0 0 00000
2 38967 097.6590 169.5640 0000000 000.0000 237.7510 15.01920000000000
1 38967U          19306.74930556  .00000000  00000-0  00000-0 0 00000
2 38967 097.6580 170.0520 0000000 000.0000 031.5010 15.01920000000000
1 38967U          19307.00069444  .00000000  00000-0  00000-0 0 00000
2 38967 097.6580 170.3000 0000000 000.0000 309.0010 15.01920000000000
1 38967U          19307.35416667  .00000000  00000-0  00000-0 0 00000
2 38967 097.6570 170.6490 0000000 000.0000 057.7520 15.01920000000000
1 38967U          19307.62152778  .00000000  00000-0  00000-0 0 00000
2 38967 097.6570 170.9120 0000000 000.0000 061.5020 15.01920000000000
1 38967U          19307.91666667  .00000000  00000-0  00000-0 0 00000
2 38967 097.6560 171.2030 0000000 000.0000 215.2520 15.01920000000000
1 38967U          19308.25138889  .00000000  00000-0  00000-0 0 00000
2 38967 097.6550 171.5330 0000000 000.0000 222.7520 15.01920000000000
1 38967U          19308.70555556  .00000000  00000-0  00000-0 0 00000
2 38967 097.6550 171.9800 0000000 000.0000 155.2520 15.01920000000000
1 38967U          19308.95000000  .00000000  00000-0  00000-0 0 00000
2 38967 097.6540 172.2210 0000000 000.0000 035.2520 15.01920000000000
1 38967U          19309.39861111  .00000000  00000-0  00000-0 0 00000
2 38967 097.6530 172.6640 0000000 000.0000 297.7520 15.01920000000000
1 38967U          19309.60277778  .00000000  00000-0  00000-0 0 00000
2 38967 097.6530 172.8650 0000000 000.0000 320.2520 15.01920000000000
1 38967U          19309.98611111  .00000000  00000-0  00000-0 0 00000
2 38967 097.6520 173.2430 0000000 000.0000 230.2520 15.01920000000000
1 38967U          19310.28958333  .00000000  00000-0  00000-0 0 00000
2 38967 097.6520 173.5420 0000000 000.0000 069.0020 15.01920000000000
1 38967U          19310.65277778  .00000000  00000-0  00000-0 0 00000
2 38967 097.6510 173.9000 0000000 000.0000 230.2530 15.01920000000000
1 38967U          19310.94861111  .00000000  00000-0  00000-0 0 00000
2 38967 097.6500 174.1910 0000000 000.0000 027.7530 15.01920000000000
1 38967U          19311.25486111  .00000000  00000-0  00000-0 0 00000
2 38967 097.6500 174.4930 0000000 000.0000 241.5030 15.01920000000000
1 38967U          19311.67500000  .00000000  00000-0  00000-0 0 00000
2 38967 097.6490 174.9070 0000000 000.0000 350.2530 15.01920000000000
1 38967U          19311.89583333  .00000000  00000-0  00000-0 0 00000
2 38967 097.6490 175.1250 0000000 000.0000 102.7530 15.01914300000000
1 38967U          19312.14791667  .00000000  00000-0  00000-0 0 00000
2 38967 097.6480 175.3730 0000000 000.0000 024.0030 15.01914300000000
1 38967U          19312.52569444  .00000000  00000-0  00000-0 0 00000
2 38967 097.6480 175.7460 0000000 000.0000 264.0030 15.01914300000000
1 38967U          19312.96319444  .00000000  00000-0  00000-0 0 00000
2 38967 097.6470 176.1770 0000000 000.0000 106.5030 15.01914300000000
1 38967U          19313.22152778  .00000000  00000-0  00000-0 0 00000
2 38967 097.6460 176.4320 0000000 000.0000 061.5030 15.01914300000000
1 38967U          19313.55208333  .00000000  00000-0  00000-0 0 00000
2 38967 097.6460 176.7570 0000000 000.0000 046.5030 15.01914300000000
1 38967U          19313.84513889  .00000000  00000-0  00000-0 0 00000
2 38967 097.6450 177.0460 0000000 000.0000 189.0030 15.01914300000000
1 38967U          19314.23402778  .00000000  00000-0  00000-0 0 00000
2 38967 097.6440 177.4300 0000000 000.0000 129.0030 15.01914300000000
1 38967U          19314.55555556  .00000000  00000-0  00000-0 0 00000
2 38967 097.6440 177.7460 0000000 000.0000 065.2530 15.01914300000000
1 38967U          19314.95208333  .00000000  00000-0  00000-0 0 00000
2 38967 097.6430 178.1370 0000000 000.0000 046.5030 15.01914300000000
1 38967U          19315.15694444  .00000000  00000-0  00000-0 0 00000
2 38967 097.6430 178.3390 0000000 000.0000 072.7530 15.01914300000000
1 38967U          19315.61944444  .00000000  00000-0  00000-0 0 00000
2 38967 097.6420 178.7950 0000000 000.0000 050.2530 15.01914300000000
1 38967U          19315.91250000  .00000000  00000-0  00000-0 0 00000
2 38967 097.6410 179.0840 0000000 000.0000 192.7530 15.01914300000000
1 38967U          19316.17569444  .00000000  00000-0  00000-0 0 00000
2 38967 097.6410 179.3430 0000000 000.0000 174.0030 15.01914300000000
1 38967U          19316.52569444  .00000000  00000-0  00000-0 0 00000
2 38967 097.6400 179.6880 0000000 000.0000 264.0030 15.01914300000000
1 38967U          19316.96041667  .00000000  00000-0  00000-0 0 00000
2 38967 097.6390 180.1170 0000000 000.0000 091.5030 15.01914300000000
1 38967U          19317.16111111  .00000000  00000-0  00000-0 0 00000
2 38967 097.6390 180.3140 0000000 000.0000 095.2530 15.01914300000000
1 38967U          19317.51527778  .00000000  00000-0  00000-0 0 00000
2 38967 097.6380 180.6640 0000000 000.0000 207.7530 15.01914300000000
1 38967U          19317.89791667  .00000000  00000-0  00000-0 0 00000
2 38967 097.6380 181.0410 0000000 000.0000 114.0030 15.01914300000000
1 38967U          19318.17222222  .00000000  00000-0  00000-0 0 00000
2 38967 097.6370 181.3110 0000000 000.0000 155.2530 15.01914300000000
1 38967U          19318.60416667  .00000000  00000-0  00000-0 0 00000
2 38967 097.6360 181.7370 0000000 000.0000 327.7530 15.01914300000000
1 38967U          19318.89583333  .00000000  00000-0  00000-0 0 00000
2 38967 097.6360 182.0240 0000000 000.0000 102.7530 15.01914300000000
1 38967U          19318.97777778  .00000000  00000-0  00000-0 0 00000
2 38967 097.6360 182.1050 0000000 000.0000 185.2530 15.01914300000000
1 38967U          19319.18125000  .00000000  00000-0  00000-0 0 00000
2 38967 097.6350 182.3060 0000000 000.0000 204.0030 15.01914300000000
1 38967U          19319.52361111  .00000000  00000-0  00000-0 0 00000
2 38967 097.6350 182.6430 0000000 000.0000 252.7530 15.01914300000000
1 38967U          19319.88263889  .00000000  00000-0  00000-0 0 00000
2 38967 097.6340 182.9970 0000000 000.0000 031.5030 15.01914300000000
1 38967U          19320.16736111  .00000000  00000-0  00000-0 0 00000
2 38967 097.6330 183.2770 0000000 000.0000 129.0030 15.01914300000000
1 38967U          19320.50069444  .00000000  00000-0  00000-0 0 00000
2 38967 097.6330 183.6060 0000000 000.0000 129.0030 15.01914300000000
1 38967U          19320.88402778  .00000000  00000-0  00000-0 0 00000
2 38967 097.6320 183.9840 0000000 000.0000 039.0030 15.01914300000000
1 38967U          19321.25486111  .00000000  00000-0  00000-0 0 00000
2 38967 097.6310 184.3490 0000000 000.0000 241.5030 15.01914300000000
1 38967U          19321.62777778  .00000000  00000-0  00000-0 0 00000
2 38967 097.6310 184.7170 0000000 000.0000 095.2530 15.01914300000000
1 38967U          19321.87708333  .00000000  00000-0  00000-0 0 00000
2 38967 097.6300 184.9630 0000000 000.0000 001.5030 15.01914300000000
1 38967U          19322.20277778  .00000000  00000-0  00000-0 0 00000
2 38967 097.6300 185.2840 0000000 000.0000 320.2530 15.01914300000000
1 38967U          19322.61319444  .00000000  00000-0  00000-0 0 00000
2 38967 097.6290 185.6880 0000000 000.0000 016.5030 15.01914300000000
1 38967U          19322.83472222  .00000000  00000-0  00000-0 0 00000
2 38967 097.6280 185.9060 0000000 000.0000 132.7530 15.01914300000000
1 38967U          19323.28194444  .00000000  00000-0  00000-0 0 00000
2 38967 097.6280 186.3470 0000000 000.0000 027.7530 15.01914300000000
1 38967U          19323.63194444  .00000000  00000-0  00000-0 0 00000
2 38967 097.6270 186.6920 0000000 000.0000 117.7530 15.01914300000000
1 38967U          19323.97013889  .00000000  00000-0  00000-0 0 00000
2 38967 097.6260 187.0250 0000000 000.0000 144.0030 15.01914300000000
1 38967U          19324.26319444  .00000000  00000-0  00000-0 0 00000
2 38967 097.6260 187.3140 0000000 000.0000 286.5030 15.01914300000000
1 38967U          19324.59930556  .00000000  00000-0  00000-0 0 00000
2 38967 097.6250 187.6450 0000000 000.0000 301.5030 15.01914300000000
1 38967U          19324.91736111  .00000000  00000-0  00000-0 0 00000
2 38967 097.6250 187.9590 0000000 000.0000 219.0020 15.01914300000000
1 38967U          19325.14930556  .00000000  00000-0  00000-0 0 00000
2 38967 097.6240 188.1880 0000000 000.0000 031.5020 15.01914300000000
1 38967U          19325.51250000  .00000000  00000-0  00000-0 0 00000
2 38967 097.6230 188.5450 0000000 000.0000 192.7520 15.01914300000000
1 38967U          19325.85347222  .00000000  00000-0  00000-0 0 00000
2 38967 097.6230 188.8820 0000000 000.0000 234.0020 15.01914300000000
1 38967U          19325.91875000  .00000000  00000-0  00000-0 0 00000
2 38967 097.6230 188.9460 0000000 000.0000 226.5020 15.01914300000000
1 38967U          19326.27013889  .00000000  00000-0  00000-0 0 00000
2 38967 097.6220 189.2920 0000000 000.0000 324.0020 15.01914300000000
1 38967U          19326.62500000  .00000000  00000-0  00000-0 0 00000
2 38967 097.6210 189.6420 0000000 000.0000 080.2520 15.01914300000000
1 38967U          19326.94722222  .00000000  00000-0  00000-0 0 00000
2 38967 097.6210 189.9600 0000000 000.0000 020.2520 15.01914300000000
1 38967U          19327.15347222  .00000000  00000-0  00000-0 0 00000
2 38967 097.6200 190.1630 0000000 000.0000 054.0020 15.01914300000000
1 38967U          19327.54166667  .00000000  00000-0  00000-0 0 00000
2 38967 097.6200 190.5450 0000000 000.0000 350.2520 15.01914300000000
1 38967U          19327.90208333  .00000000  00000-0  00000-0 0 00000
2 38967 097.6190 190.9010 0000000 000.0000 136.5020 15.01914300000000
1 38967U          19328.15208333  .00000000  00000-0  00000-0 0 00000
2 38967 097.6190 191.1470 0000000 000.0000 046.5020 15.01914300000000
1 38967U          19328.55694444  .00000000  00000-0  00000-0 0 00000
2 38967 097.6180 191.5460 0000000 000.0000 072.7510 15.01914300000000
1 38967U          19328.96805556  .00000000  00000-0  00000-0 0 00000
2 38967 097.6170 191.9510 0000000 000.0000 132.7510 15.01914300000000
1 38967U          19329.22083333  .00000000  00000-0  00000-0 0 00000
2 38967 097.6170 192.2000 0000000 000.0000 057.7510 15.01914300000000
1 38967U          19329.52638889  .00000000  00000-0  00000-0 0 00000
2 38967 097.6160 192.5010 0000000 000.0000 267.7510 15.01914300000000
1 38967U          19329.91944444  .00000000  00000-0  00000-0 0 00000
2 38967 097.6150 192.8890 0000000 000.0000 230.2510 15.01914300000000
1 38967U          19330.16875000  .00000000  00000-0  00000-0 0 00000
2 38967 097.6150 193.1340 0000000 000.0000 136.5010 15.01914300000000
1 38967U          19330.60625000  .00000000  00000-0  00000-0 0 00000
2 38967 097.6140 193.5660 0000000 000.0000 339.0010 15.01914300000000
1 38967U          19330.93472222  .00000000  00000-0  00000-0 0 00000
2 38967 097.6140 193.8890 0000000 000.0000 312.7510 15.01914300000000
1 38967U          19331.24722222  .00000000  00000-0  00000-0 0 00000
2 38967 097.6130 194.1970 0000000 000.0000 200.2500 15.01914300000000
1 38967U          19331.53472222  .00000000  00000-0  00000-0 0 00000
2 38967 097.6130 194.4810 0000000 000.0000 312.7500 15.01914300000000
1 38967U          19331.88611111  .00000000  00000-0  00000-0 0 00000
2 38967 097.6120 194.8270 0000000 000.0000 050.2500 15.01914300000000
1 38967U          19332.15763889  .00000000  00000-0  00000-0 0 00000
2 38967 097.6110 195.0950 0000000 000.0000 076.5000 15.01914300000000
1 38967U          19332.63125000  .00000000  00000-0  00000-0 0 00000
2 38967 097.6110 195.5610 0000000 000.0000 114.0000 15.01914300000000
1 38967U          19332.87569444  .00000000  00000-0  00000-0 0 00000
2 38967 097.6100 195.8020 0000000 000.0000 354.0000 15.01914300000000
