1 39591U          19282.03125000  .00000000  00000-0  00000-0 0 00000
2 39591 097.7140 042.808  0000000 000.0000 196.0990 15.01920000000000
1 39591U          19282.40416667  .00000000  00000-0  00000-0 0 00000
2 39591 097.7150 043.176  0000000 000.0000 049.8500 15.01920000000000
1 39591U          19282.69583333  .00000000  00000-0  00000-0 0 00000
2 39591 097.7150 043.463  0000000 000.0000 184.8500 15.01920000000000
1 39591U          19283.05486111  .00000000  00000-0  00000-0 0 00000
2 39591 097.7150 043.817  0000000 000.0000 323.6000 15.01920000000000
1 39591U          19283.36527778  .00000000  00000-0  00000-0 0 00000
2 39591 097.7160 044.123  0000000 000.0000 199.8510 15.01920000000000
1 39591U          19283.58472222  .00000000  00000-0  00000-0 0 00000
2 39591 097.7160 044.339  0000000 000.0000 304.8510 15.01920000000000
1 39591U          19284.06180556  .00000000  00000-0  00000-0 0 00000
2 39591 097.7170 044.810  0000000 000.0000 001.1020 15.01920000000000
1 39591U          19284.27083333  .00000000  00000-0  00000-0 0 00000
2 39591 097.7170 045.016  0000000 000.0000 049.8520 15.01920000000000
1 39591U          19284.68402778  .00000000  00000-0  00000-0 0 00000
2 39591 097.7180 045.423  0000000 000.0000 121.1030 15.01920000000000
1 39591U          19284.96388889  .00000000  00000-0  00000-0 0 00000
2 39591 097.7180 045.699  0000000 000.0000 192.3530 15.01920000000000
1 39591U          19285.41597222  .00000000  00000-0  00000-0 0 00000
2 39591 097.7190 046.145  0000000 000.0000 113.6040 15.01920000000000
1 39591U          19285.68958333  .00000000  00000-0  00000-0 0 00000
2 39591 097.7190 046.414  0000000 000.0000 151.1040 15.01920000000000
1 39591U          19285.99861111  .00000000  00000-0  00000-0 0 00000
2 39591 097.7190 046.719  0000000 000.0000 019.8540 15.01920000000000
1 39591U          19286.38611111  .00000000  00000-0  00000-0 0 00000
2 39591 097.7200 047.101  0000000 000.0000 312.3550 15.01920000000000
1 39591U          19286.58541667  .00000000  00000-0  00000-0 0 00000
2 39591 097.7200 047.297  0000000 000.0000 308.6050 15.01920000000000
1 39591U          19287.03750000  .00000000  00000-0  00000-0 0 00000
2 39591 097.7210 047.743  0000000 000.0000 229.8560 15.01920000000000
1 39591U          19287.29652778  .00000000  00000-0  00000-0 0 00000
2 39591 097.7210 047.998  0000000 000.0000 188.6060 15.01920000000000
1 39591U          19287.67916667  .00000000  00000-0  00000-0 0 00000
2 39591 097.7210 048.376  0000000 000.0000 094.8570 15.01920000000000
1 39591U          19288.07708333  .00000000  00000-0  00000-0 0 00000
2 39591 097.7220 048.768  0000000 000.0000 083.6070 15.01920000000000
1 39591U          19288.25069444  .00000000  00000-0  00000-0 0 00000
2 39591 097.7220 048.939  0000000 000.0000 301.1080 15.01920000000000
1 39591U          19288.65416667  .00000000  00000-0  00000-0 0 00000
2 39591 097.7230 049.337  0000000 000.0000 319.8580 15.01920000000000
1 39591U          19288.97986111  .00000000  00000-0  00000-0 0 00000
2 39591 097.7230 049.658  0000000 000.0000 278.6090 15.01920000000000
1 39591U          19289.36180556  .00000000  00000-0  00000-0 0 00000
2 39591 097.7230 050.034  0000000 000.0000 181.1090 15.01920000000000
1 39591U          19289.58680556  .00000000  00000-0  00000-0 0 00000
2 39591 097.7240 050.256  0000000 000.0000 316.1100 15.01920000000000
1 39591U          19290.04236111  .00000000  00000-0  00000-0 0 00000
2 39591 097.7240 050.705  0000000 000.0000 256.1100 15.01920000000000
1 39591U          19290.36944444  .00000000  00000-0  00000-0 0 00000
2 39591 097.7250 051.028  0000000 000.0000 222.3610 15.01920000000000
1 39591U          19290.61458333  .00000000  00000-0  00000-0 0 00000
2 39591 097.7250 051.269  0000000 000.0000 106.1110 15.01920000000000
1 39591U          19291.06875000  .00000000  00000-0  00000-0 0 00000
2 39591 097.7250 051.717  0000000 000.0000 038.6120 15.01920000000000
1 39591U          19291.34722222  .00000000  00000-0  00000-0 0 00000
2 39591 097.7260 051.992  0000000 000.0000 102.3620 15.01920000000000
1 39591U          19291.71319444  .00000000  00000-0  00000-0 0 00000
2 39591 097.7260 052.352  0000000 000.0000 278.6130 15.01920000000000
1 39591U          19292.07430556  .00000000  00000-0  00000-0 0 00000
2 39591 097.7270 052.708  0000000 000.0000 068.6130 15.01920000000000
1 39591U          19292.27430556  .00000000  00000-0  00000-0 0 00000
2 39591 097.7270 052.905  0000000 000.0000 068.6140 15.01920000000000
1 39591U          19292.72152778  .00000000  00000-0  00000-0 0 00000
2 39591 097.7270 053.346  0000000 000.0000 323.6140 15.01920000000000
1 39591U          19292.92500000  .00000000  00000-0  00000-0 0 00000
2 39591 097.7280 053.547  0000000 000.0000 342.3650 15.01920000000000
1 39591U          19293.31736111  .00000000  00000-0  00000-0 0 00000
2 39591 097.7280 053.934  0000000 000.0000 301.1150 15.01920000000000
1 39591U          19293.75000000  .00000000  00000-0  00000-0 0 00000
2 39591 097.7280 054.360  0000000 000.0000 117.3660 15.01920000000000
1 39591U          19293.97361111  .00000000  00000-0  00000-0 0 00000
2 39591 097.7290 054.581  0000000 000.0000 244.8660 15.01920000000000
1 39591U          19294.37430556  .00000000  00000-0  00000-0 0 00000
2 39591 097.7290 054.976  0000000 000.0000 248.6170 15.01920000000000
1 39591U          19294.65277778  .00000000  00000-0  00000-0 0 00000
2 39591 097.7290 055.250  0000000 000.0000 312.3670 15.01920000000000
1 39591U          19295.07569444  .00000000  00000-0  00000-0 0 00000
2 39591 097.7300 055.667  0000000 000.0000 076.1180 15.01920000000000
1 39591U          19295.37430556  .00000000  00000-0  00000-0 0 00000
2 39591 097.7300 055.961  0000000 000.0000 248.6190 15.01920000000000
1 39591U          19295.63958333  .00000000  00000-0  00000-0 0 00000
2 39591 097.7300 056.223  0000000 000.0000 241.1190 15.01920000000000
1 39591U          19295.92847222  .00000000  00000-0  00000-0 0 00000
2 39591 097.7310 056.508  0000000 000.0000 001.1200 15.01920000000000
1 39591U          19296.26944444  .00000000  00000-0  00000-0 0 00000
2 39591 097.7310 056.844  0000000 000.0000 042.3700 15.01920000000000
1 39591U          19296.71875000  .00000000  00000-0  00000-0 0 00000
2 39591 097.7310 057.287  0000000 000.0000 308.6210 15.01920000000000
1 39591U          19296.93680556  .00000000  00000-0  00000-0 0 00000
2 39591 097.7320 057.502  0000000 000.0000 046.1210 15.01920000000000
1 39591U          19297.40416667  .00000000  00000-0  00000-0 0 00000
2 39591 097.7320 057.963  0000000 000.0000 049.8720 15.01920000000000
1 39591U          19297.69722222  .00000000  00000-0  00000-0 0 00000
2 39591 097.7320 058.251  0000000 000.0000 192.3720 15.01920000000000
1 39591U          19297.98680556  .00000000  00000-0  00000-0 0 00000
2 39591 097.7330 058.537  0000000 000.0000 316.1230 15.01920000000000
1 39591U          19298.37777778  .00000000  00000-0  00000-0 0 00000
2 39591 097.7330 058.922  0000000 000.0000 267.3730 15.01920000000000
1 39591U          19298.61944444  .00000000  00000-0  00000-0 0 00000
2 39591 097.7330 059.161  0000000 000.0000 132.3740 15.01920000000000
1 39591U          19298.96944444  .00000000  00000-0  00000-0 0 00000
2 39591 097.7340 059.506  0000000 000.0000 222.3740 15.01920000000000
1 39591U          19299.39513889  .00000000  00000-0  00000-0 0 00000
2 39591 097.7340 059.925  0000000 000.0000 001.1250 15.01920000000000
1 39591U          19299.72916667  .00000000  00000-0  00000-0 0 00000
2 39591 097.7340 060.255  0000000 000.0000 004.8760 15.01920000000000
1 39591U          19300.04861111  .00000000  00000-0  00000-0 0 00000
2 39591 097.7350 060.570  0000000 000.0000 289.8760 15.01920000000000
1 39591U          19300.39097222  .00000000  00000-0  00000-0 0 00000
2 39591 097.7350 060.907  0000000 000.0000 338.6270 15.01920000000000
1 39591U          19300.58541667  .00000000  00000-0  00000-0 0 00000
2 39591 097.7350 061.099  0000000 000.0000 308.6270 15.01920000000000
1 39591U          19300.93055556  .00000000  00000-0  00000-0 0 00000
2 39591 097.7350 061.439  0000000 000.0000 012.3780 15.01920000000000
1 39591U          19301.26805556  .00000000  00000-0  00000-0 0 00000
2 39591 097.7360 061.772  0000000 000.0000 034.8780 15.01920000000000
1 39591U          19301.72569444  .00000000  00000-0  00000-0 0 00000
2 39591 097.7360 062.223  0000000 000.0000 346.1290 15.01920000000000
1 39591U          19301.93888889  .00000000  00000-0  00000-0 0 00000
2 39591 097.7360 062.433  0000000 000.0000 057.3790 15.01920000000000
1 39591U          19302.41250000  .00000000  00000-0  00000-0 0 00000
2 39591 097.7370 062.900  0000000 000.0000 094.8800 15.01920000000000
1 39591U          19302.60694444  .00000000  00000-0  00000-0 0 00000
2 39591 097.7370 063.092  0000000 000.0000 064.8810 15.01920000000000
1 39591U          19303.07083333  .00000000  00000-0  00000-0 0 00000
2 39591 097.7370 063.549  0000000 000.0000 049.8810 15.01920000000000
1 39591U          19303.25138889  .00000000  00000-0  00000-0 0 00000
2 39591 097.7370 063.727  0000000 000.0000 304.8820 15.01920000000000
1 39591U          19303.68125000  .00000000  00000-0  00000-0 0 00000
2 39591 097.7380 064.151  0000000 000.0000 106.1320 15.01920000000000
1 39591U          19304.07361111  .00000000  00000-0  00000-0 0 00000
2 39591 097.7380 064.537  0000000 000.0000 064.8830 15.01920000000000
1 39591U          19304.27083333  .00000000  00000-0  00000-0 0 00000
2 39591 097.7380 064.732  0000000 000.0000 049.8830 15.01920000000000
1 39591U          19304.74305556  .00000000  00000-0  00000-0 0 00000
2 39591 097.7390 065.197  0000000 000.0000 079.8840 15.01920000000000
1 39591U          19305.03125000  .00000000  00000-0  00000-0 0 00000
2 39591 097.7390 065.482  0000000 000.0000 196.1350 15.01920000000000
1 39591U          19305.36319444  .00000000  00000-0  00000-0 0 00000
2 39591 097.7390 065.809  0000000 000.0000 188.6350 15.01920000000000
1 39591U          19305.65555556  .00000000  00000-0  00000-0 0 00000
2 39591 097.7390 066.097  0000000 000.0000 327.3860 15.01920000000000
1 39591U          19306.06597222  .00000000  00000-0  00000-0 0 00000
2 39591 097.7400 066.502  0000000 000.0000 023.6370 15.01920000000000
1 39591U          19306.40347222  .00000000  00000-0  00000-0 0 00000
2 39591 097.7400 066.834  0000000 000.0000 046.1370 15.01920000000000
1 39591U          19306.70416667  .00000000  00000-0  00000-0 0 00000
2 39591 097.7400 067.131  0000000 000.0000 229.8880 15.01920000000000
1 39591U          19306.98055556  .00000000  00000-0  00000-0 0 00000
2 39591 097.7400 067.403  0000000 000.0000 282.3880 15.01920000000000
1 39591U          19307.25625000  .00000000  00000-0  00000-0 0 00000
2 39591 097.7400 067.675  0000000 000.0000 331.1390 15.01920000000000
1 39591U          19307.66180556  .00000000  00000-0  00000-0 0 00000
2 39591 097.7410 068.075  0000000 000.0000 001.1390 15.01920000000000
1 39591U          19307.91944444  .00000000  00000-0  00000-0 0 00000
2 39591 097.7410 068.329  0000000 000.0000 312.3900 15.01920000000000
1 39591U          19308.33541667  .00000000  00000-0  00000-0 0 00000
2 39591 097.7410 068.739  0000000 000.0000 038.6410 15.01920000000000
1 39591U          19308.73819444  .00000000  00000-0  00000-0 0 00000
2 39591 097.7410 069.136  0000000 000.0000 053.6410 15.01920000000000
1 39591U          19308.94305556  .00000000  00000-0  00000-0 0 00000
2 39591 097.7420 069.338  0000000 000.0000 079.8920 15.01920000000000
1 39591U          19309.39652778  .00000000  00000-0  00000-0 0 00000
2 39591 097.7420 069.785  0000000 000.0000 008.6430 15.01920000000000
1 39591U          19309.58611111  .00000000  00000-0  00000-0 0 00000
2 39591 097.7420 069.972  0000000 000.0000 312.3930 15.01920000000000
1 39591U          19309.98750000  .00000000  00000-0  00000-0 0 00000
2 39591 097.7420 070.368  0000000 000.0000 319.8940 15.01920000000000
1 39591U          19310.31388889  .00000000  00000-0  00000-0 0 00000
2 39591 097.7420 070.689  0000000 000.0000 282.3940 15.01920000000000
1 39591U          19310.64027778  .00000000  00000-0  00000-0 0 00000
2 39591 097.7430 071.011  0000000 000.0000 244.8950 15.01920000000000
1 39591U          19310.95138889  .00000000  00000-0  00000-0 0 00000
2 39591 097.7430 071.318  0000000 000.0000 124.8950 15.01920000000000
1 39591U          19311.31805556  .00000000  00000-0  00000-0 0 00000
2 39591 097.7430 071.679  0000000 000.0000 304.8960 15.01920000000000
1 39591U          19311.72013889  .00000000  00000-0  00000-0 0 00000
2 39591 097.7430 072.076  0000000 000.0000 316.1470 15.01920000000000
1 39591U          19311.90833333  .00000000  00000-0  00000-0 0 00000
2 39591 097.7430 072.261  0000000 000.0000 252.3970 15.01914300000000
1 39591U          19312.28472222  .00000000  00000-0  00000-0 0 00000
2 39591 097.7440 072.632  0000000 000.0000 124.8980 15.01914300000000
1 39591U          19312.51458333  .00000000  00000-0  00000-0 0 00000
2 39591 097.7440 072.859  0000000 000.0000 286.1480 15.01914300000000
1 39591U          19312.96180556  .00000000  00000-0  00000-0 0 00000
2 39591 097.7440 073.300  0000000 000.0000 181.1490 15.01914300000000
1 39591U          19313.29236111  .00000000  00000-0  00000-0 0 00000
2 39591 097.7440 073.626  0000000 000.0000 166.1500 15.01914300000000
1 39591U          19313.53472222  .00000000  00000-0  00000-0 0 00000
2 39591 097.7440 073.865  0000000 000.0000 034.9000 15.01914300000000
1 39591U          19313.84305556  .00000000  00000-0  00000-0 0 00000
2 39591 097.7440 074.169  0000000 000.0000 259.9010 15.01914300000000
1 39591U          19314.26666667  .00000000  00000-0  00000-0 0 00000
2 39591 097.7450 074.586  0000000 000.0000 027.4010 15.01914300000000
1 39591U          19314.54444444  .00000000  00000-0  00000-0 0 00000
2 39591 097.7450 074.860  0000000 000.0000 087.4020 15.01914300000000
1 39591U          19314.97152778  .00000000  00000-0  00000-0 0 00000
2 39591 097.7450 075.281  0000000 000.0000 233.6530 15.01914300000000
1 39591U          19315.31250000  .00000000  00000-0  00000-0 0 00000
2 39591 097.7450 075.617  0000000 000.0000 274.9030 15.01914300000000
1 39591U          19315.47986111  .00000000  00000-0  00000-0 0 00000
2 39591 097.7450 075.782  0000000 000.0000 098.6540 15.01914300000000
1 39591U          19315.96319444  .00000000  00000-0  00000-0 0 00000
2 39591 097.7450 076.259  0000000 000.0000 188.6550 15.01914300000000
1 39591U          19316.17083333  .00000000  00000-0  00000-0 0 00000
2 39591 097.7450 076.463  0000000 000.0000 229.9050 15.01914300000000
1 39591U          19316.63611111  .00000000  00000-0  00000-0 0 00000
2 39591 097.7460 076.922  0000000 000.0000 222.4060 15.01914300000000
1 39591U          19316.97430556  .00000000  00000-0  00000-0 0 00000
2 39591 097.7460 077.256  0000000 000.0000 248.6570 15.01914300000000
1 39591U          19317.16666667  .00000000  00000-0  00000-0 0 00000
2 39591 097.7460 077.445  0000000 000.0000 207.4070 15.01914300000000
1 39591U          19317.50486111  .00000000  00000-0  00000-0 0 00000
2 39591 097.7460 077.779  0000000 000.0000 233.6580 15.01914300000000
1 39591U          19317.83333333  .00000000  00000-0  00000-0 0 00000
2 39591 097.7460 078.102  0000000 000.0000 207.4080 15.01914300000000
1 39591U          19318.18194444  .00000000  00000-0  00000-0 0 00000
2 39591 097.7460 078.446  0000000 000.0000 289.9090 15.01914300000000
1 39591U          19318.56458333  .00000000  00000-0  00000-0 0 00000
2 39591 097.7460 078.823  0000000 000.0000 196.1600 15.01914300000000
1 39591U          19318.88819444  .00000000  00000-0  00000-0 0 00000
2 39591 097.7460 079.142  0000000 000.0000 143.6600 15.01914300000000
1 39591U          19318.89583333  .00000000  00000-0  00000-0 0 00000
2 39591 097.7460 079.150  0000000 000.0000 184.9100 15.01914300000000
1 39591U          19319.29236111  .00000000  00000-0  00000-0 0 00000
2 39591 097.7470 079.541  0000000 000.0000 166.1610 15.01914300000000
1 39591U          19319.63472222  .00000000  00000-0  00000-0 0 00000
2 39591 097.7470 079.878  0000000 000.0000 214.9120 15.01914300000000
1 39591U          19319.92361111  .00000000  00000-0  00000-0 0 00000
2 39591 097.7470 080.163  0000000 000.0000 334.9120 15.01914300000000
1 39591U          19320.31180556  .00000000  00000-0  00000-0 0 00000
2 39591 097.7470 080.546  0000000 000.0000 271.1630 15.01914300000000
1 39591U          19320.50833333  .00000000  00000-0  00000-0 0 00000
2 39591 097.7470 080.740  0000000 000.0000 252.4130 15.01914300000000
1 39591U          19320.94791667  .00000000  00000-0  00000-0 0 00000
2 39591 097.7470 081.173  0000000 000.0000 106.1640 15.01914300000000
1 39591U          19321.28333333  .00000000  00000-0  00000-0 0 00000
2 39591 097.7470 081.504  0000000 000.0000 117.4150 15.01914300000000
1 39591U          19321.57083333  .00000000  00000-0  00000-0 0 00000
2 39591 097.7470 081.787  0000000 000.0000 229.9150 15.01914300000000
1 39591U          19321.85069444  .00000000  00000-0  00000-0 0 00000
2 39591 097.7470 082.063  0000000 000.0000 301.1660 15.01914300000000
1 39591U          19322.25902778  .00000000  00000-0  00000-0 0 00000
2 39591 097.7470 082.466  0000000 000.0000 346.1670 15.01914300000000
1 39591U          19322.59375000  .00000000  00000-0  00000-0 0 00000
2 39591 097.7470 082.796  0000000 000.0000 353.6670 15.01914300000000
1 39591U          19322.84513889  .00000000  00000-0  00000-0 0 00000
2 39591 097.7480 083.043  0000000 000.0000 271.1680 15.01914300000000
1 39591U          19323.22291667  .00000000  00000-0  00000-0 0 00000
2 39591 097.7480 083.416  0000000 000.0000 151.1680 15.01914300000000
1 39591U          19323.53541667  .00000000  00000-0  00000-0 0 00000
2 39591 097.7480 083.724  0000000 000.0000 038.6690 15.01914300000000
1 39591U          19323.93194444  .00000000  00000-0  00000-0 0 00000
2 39591 097.7480 084.115  0000000 000.0000 019.9200 15.01914300000000
1 39591U          19324.17847222  .00000000  00000-0  00000-0 0 00000
2 39591 097.7480 084.358  0000000 000.0000 271.1700 15.01914300000000
1 39591U          19324.55138889  .00000000  00000-0  00000-0 0 00000
2 39591 097.7480 084.725  0000000 000.0000 124.9210 15.01914300000000
1 39591U          19324.94027778  .00000000  00000-0  00000-0 0 00000
2 39591 097.7480 085.109  0000000 000.0000 064.9220 15.01914300000000
1 39591U          19325.18125000  .00000000  00000-0  00000-0 0 00000
2 39591 097.7480 085.346  0000000 000.0000 286.1720 15.01914300000000
1 39591U          19325.61111111  .00000000  00000-0  00000-0 0 00000
2 39591 097.7480 085.770  0000000 000.0000 087.4230 15.01914300000000
1 39591U          19325.89583333  .00000000  00000-0  00000-0 0 00000
2 39591 097.7480 086.051  0000000 000.0000 184.9230 15.01914300000000
1 39591U          19325.90347222  .00000000  00000-0  00000-0 0 00000
2 39591 097.7480 086.058  0000000 000.0000 226.1730 15.01914300000000
1 39591U          19326.15833333  .00000000  00000-0  00000-0 0 00000
2 39591 097.7480 086.310  0000000 000.0000 162.4240 15.01914300000000
1 39591U          19326.60138889  .00000000  00000-0  00000-0 0 00000
2 39591 097.7480 086.747  0000000 000.0000 034.9250 15.01914300000000
1 39591U          19326.93819444  .00000000  00000-0  00000-0 0 00000
2 39591 097.7480 087.079  0000000 000.0000 053.6750 15.01914300000000
1 39591U          19327.19791667  .00000000  00000-0  00000-0 0 00000
2 39591 097.7480 087.335  0000000 000.0000 016.1760 15.01914300000000
1 39591U          19327.50138889  .00000000  00000-0  00000-0 0 00000
2 39591 097.7480 087.634  0000000 000.0000 214.9270 15.01914300000000
1 39591U          19327.95416667  .00000000  00000-0  00000-0 0 00000
2 39591 097.7480 088.080  0000000 000.0000 139.9270 15.01914300000000
1 39591U          19328.17569444  .00000000  00000-0  00000-0 0 00000
2 39591 097.7480 088.299  0000000 000.0000 256.1780 15.01914300000000
1 39591U          19328.57222222  .00000000  00000-0  00000-0 0 00000
2 39591 097.7480 088.689  0000000 000.0000 237.4290 15.01914300000000
1 39591U          19328.82569444  .00000000  00000-0  00000-0 0 00000
2 39591 097.7480 088.939  0000000 000.0000 166.1790 15.01914300000000
1 39591U          19329.28194444  .00000000  00000-0  00000-0 0 00000
2 39591 097.7480 089.389  0000000 000.0000 109.9300 15.01914300000000
1 39591U          19329.63611111  .00000000  00000-0  00000-0 0 00000
2 39591 097.7480 089.738  0000000 000.0000 222.4310 15.01914300000000
1 39591U          19329.95763889  .00000000  00000-0  00000-0 0 00000
2 39591 097.7480 090.055  0000000 000.0000 158.6810 15.01914300000000
1 39591U          19330.20902778  .00000000  00000-0  00000-0 0 00000
2 39591 097.7480 090.303  0000000 000.0000 076.1820 15.01914300000000
1 39591U          19330.59513889  .00000000  00000-0  00000-0 0 00000
2 39591 097.7480 090.684  0000000 000.0000 001.1820 15.01914300000000
1 39591U          19330.84027778  .00000000  00000-0  00000-0 0 00000
2 39591 097.7480 090.925  0000000 000.0000 244.9330 15.01914300000000
1 39591U          19331.21388889  .00000000  00000-0  00000-0 0 00000
2 39591 097.7480 091.294  0000000 000.0000 102.4340 15.01914300000000
1 39591U          19331.49305556  .00000000  00000-0  00000-0 0 00000
2 39591 097.7480 091.569  0000000 000.0000 169.9340 15.01914300000000
1 39591U          19331.91736111  .00000000  00000-0  00000-0 0 00000
2 39591 097.7480 091.987  0000000 000.0000 301.1850 15.01914300000000
1 39591U          19332.14930556  .00000000  00000-0  00000-0 0 00000
2 39591 097.7480 092.216  0000000 000.0000 113.6850 15.01914300000000
1 39591U          19332.54027778  .00000000  00000-0  00000-0 0 00000
2 39591 097.7480 092.601  0000000 000.0000 064.9360 15.01914300000000
1 39591U          19332.87708333  .00000000  00000-0  00000-0 0 00000
2 39591 097.7480 092.933  0000000 000.0000 083.6870 15.01914300000000
