1 44093U          19282.06458333  .00000000  00000-0  00000-0 0 00000
2 44093 097.7010 145.7210 0000000 000.0000 341.9830 15.01920000000000
1 44093U          19282.33611111  .00000000  00000-0  00000-0 0 00000
2 44093 097.7000 145.9880 0000000 000.0000 008.2340 15.01920000000000
1 44093U          19282.70208333  .00000000  00000-0  00000-0 0 00000
2 44093 097.7000 146.3490 0000000 000.0000 184.4840 15.01920000000000
1 44093U          19282.94791667  .00000000  00000-0  00000-0 0 00000
2 44093 097.6990 146.5910 0000000 000.0000 071.9840 15.01920000000000
1 44093U          19283.40694444  .00000000  00000-0  00000-0 0 00000
2 44093 097.6980 147.0440 0000000 000.0000 030.7350 15.01920000000000
1 44093U          19283.68888889  .00000000  00000-0  00000-0 0 00000
2 44093 097.6980 147.3220 0000000 000.0000 113.2350 15.01920000000000
1 44093U          19283.99861111  .00000000  00000-0  00000-0 0 00000
2 44093 097.6980 147.6270 0000000 000.0000 345.7350 15.01920000000000
1 44093U          19284.28958333  .00000000  00000-0  00000-0 0 00000
2 44093 097.6970 147.9140 0000000 000.0000 116.9860 15.01920000000000
1 44093U          19284.73472222  .00000000  00000-0  00000-0 0 00000
2 44093 097.6960 148.3530 0000000 000.0000 000.7360 15.01920000000000
1 44093U          19285.04444444  .00000000  00000-0  00000-0 0 00000
2 44093 097.6960 148.6580 0000000 000.0000 233.2370 15.01920000000000
1 44093U          19285.33333333  .00000000  00000-0  00000-0 0 00000
2 44093 097.6950 148.9430 0000000 000.0000 353.2370 15.01920000000000
1 44093U          19285.65902778  .00000000  00000-0  00000-0 0 00000
2 44093 097.6950 149.2640 0000000 000.0000 311.9870 15.01920000000000
1 44093U          19285.93055556  .00000000  00000-0  00000-0 0 00000
2 44093 097.6940 149.5310 0000000 000.0000 338.2370 15.01920000000000
1 44093U          19286.28541667  .00000000  00000-0  00000-0 0 00000
2 44093 097.6940 149.8810 0000000 000.0000 094.4880 15.01920000000000
1 44093U          19286.64027778  .00000000  00000-0  00000-0 0 00000
2 44093 097.6930 150.2310 0000000 000.0000 210.7380 15.01920000000000
1 44093U          19287.03541667  .00000000  00000-0  00000-0 0 00000
2 44093 097.6930 150.6210 0000000 000.0000 184.4880 15.01920000000000
1 44093U          19287.26111111  .00000000  00000-0  00000-0 0 00000
2 44093 097.6920 150.8430 0000000 000.0000 323.2390 15.01920000000000
1 44093U          19287.64027778  .00000000  00000-0  00000-0 0 00000
2 44093 097.6920 151.2170 0000000 000.0000 210.7390 15.01920000000000
1 44093U          19287.93194444  .00000000  00000-0  00000-0 0 00000
2 44093 097.6910 151.5040 0000000 000.0000 345.7390 15.01920000000000
1 44093U          19288.33888889  .00000000  00000-0  00000-0 0 00000
2 44093 097.6910 151.9050 0000000 000.0000 023.2400 15.01920000000000
1 44093U          19288.62847222  .00000000  00000-0  00000-0 0 00000
2 44093 097.6900 152.1910 0000000 000.0000 146.9900 15.01920000000000
1 44093U          19288.98680556  .00000000  00000-0  00000-0 0 00000
2 44093 097.6890 152.5440 0000000 000.0000 281.9900 15.01920000000000
1 44093U          19289.38125000  .00000000  00000-0  00000-0 0 00000
2 44093 097.6890 152.9330 0000000 000.0000 251.9910 15.01920000000000
1 44093U          19289.68472222  .00000000  00000-0  00000-0 0 00000
2 44093 097.6880 153.2320 0000000 000.0000 090.7410 15.01920000000000
1 44093U          19289.92500000  .00000000  00000-0  00000-0 0 00000
2 44093 097.6880 153.4690 0000000 000.0000 308.2410 15.01920000000000
1 44093U          19290.40486111  .00000000  00000-0  00000-0 0 00000
2 44093 097.6870 153.9420 0000000 000.0000 019.4910 15.01920000000000
1 44093U          19290.73055556  .00000000  00000-0  00000-0 0 00000
2 44093 097.6870 154.2630 0000000 000.0000 338.2420 15.01920000000000
1 44093U          19290.97708333  .00000000  00000-0  00000-0 0 00000
2 44093 097.6860 154.5060 0000000 000.0000 229.4920 15.01920000000000
1 44093U          19291.41111111  .00000000  00000-0  00000-0 0 00000
2 44093 097.6850 154.9340 0000000 000.0000 053.2420 15.01920000000000
1 44093U          19291.62638889  .00000000  00000-0  00000-0 0 00000
2 44093 097.6850 155.1460 0000000 000.0000 135.7430 15.01920000000000
1 44093U          19291.95972222  .00000000  00000-0  00000-0 0 00000
2 44093 097.6840 155.4750 0000000 000.0000 135.7430 15.01920000000000
1 44093U          19292.32847222  .00000000  00000-0  00000-0 0 00000
2 44093 097.6840 155.8380 0000000 000.0000 326.9930 15.01920000000000
1 44093U          19292.58472222  .00000000  00000-0  00000-0 0 00000
2 44093 097.6830 156.0910 0000000 000.0000 270.7430 15.01920000000000
1 44093U          19293.07638889  .00000000  00000-0  00000-0 0 00000
2 44093 097.6830 156.5750 0000000 000.0000 045.7440 15.01920000000000
1 44093U          19293.28958333  .00000000  00000-0  00000-0 0 00000
2 44093 097.6820 156.7850 0000000 000.0000 116.9940 15.01920000000000
1 44093U          19293.66250000  .00000000  00000-0  00000-0 0 00000
2 44093 097.6820 157.1530 0000000 000.0000 330.7440 15.01920000000000
1 44093U          19293.93472222  .00000000  00000-0  00000-0 0 00000
2 44093 097.6810 157.4210 0000000 000.0000 000.7440 15.01920000000000
1 44093U          19294.25069444  .00000000  00000-0  00000-0 0 00000
2 44093 097.6810 157.7330 0000000 000.0000 266.9950 15.01920000000000
1 44093U          19294.70972222  .00000000  00000-0  00000-0 0 00000
2 44093 097.6800 158.1850 0000000 000.0000 225.7450 15.01920000000000
1 44093U          19294.94305556  .00000000  00000-0  00000-0 0 00000
2 44093 097.6790 158.4150 0000000 000.0000 045.7450 15.01920000000000
1 44093U          19295.36111111  .00000000  00000-0  00000-0 0 00000
2 44093 097.6790 158.8270 0000000 000.0000 143.2450 15.01920000000000
1 44093U          19295.74513889  .00000000  00000-0  00000-0 0 00000
2 44093 097.6780 159.2060 0000000 000.0000 056.9960 15.01920000000000
1 44093U          19296.07847222  .00000000  00000-0  00000-0 0 00000
2 44093 097.6770 159.5340 0000000 000.0000 056.9960 15.01920000000000
1 44093U          19296.36805556  .00000000  00000-0  00000-0 0 00000
2 44093 097.6770 159.8200 0000000 000.0000 180.7460 15.01920000000000
1 44093U          19296.72430556  .00000000  00000-0  00000-0 0 00000
2 44093 097.6760 160.1710 0000000 000.0000 304.4960 15.01920000000000
1 44093U          19296.92986111  .00000000  00000-0  00000-0 0 00000
2 44093 097.6760 160.3740 0000000 000.0000 334.4960 15.01920000000000
1 44093U          19297.29583333  .00000000  00000-0  00000-0 0 00000
2 44093 097.6750 160.7340 0000000 000.0000 150.7470 15.01920000000000
1 44093U          19297.74652778  .00000000  00000-0  00000-0 0 00000
2 44093 097.6740 161.1790 0000000 000.0000 064.4970 15.01920000000000
1 44093U          19298.03472222  .00000000  00000-0  00000-0 0 00000
2 44093 097.6740 161.4630 0000000 000.0000 180.7470 15.01920000000000
1 44093U          19298.34930556  .00000000  00000-0  00000-0 0 00000
2 44093 097.6730 161.7730 0000000 000.0000 079.4970 15.01920000000000
1 44093U          19298.71805556  .00000000  00000-0  00000-0 0 00000
2 44093 097.6730 162.1360 0000000 000.0000 270.7480 15.01920000000000
1 44093U          19298.93472222  .00000000  00000-0  00000-0 0 00000
2 44093 097.6720 162.3500 0000000 000.0000 000.7480 15.01920000000000
1 44093U          19299.37152778  .00000000  00000-0  00000-0 0 00000
2 44093 097.6720 162.7800 0000000 000.0000 199.4980 15.01920000000000
1 44093U          19299.71875000  .00000000  00000-0  00000-0 0 00000
2 44093 097.6710 163.1230 0000000 000.0000 274.4980 15.01920000000000
1 44093U          19300.02638889  .00000000  00000-0  00000-0 0 00000
2 44093 097.6700 163.4260 0000000 000.0000 135.7480 15.01920000000000
1 44093U          19300.34027778  .00000000  00000-0  00000-0 0 00000
2 44093 097.6700 163.7350 0000000 000.0000 030.7480 15.01920000000000
1 44093U          19300.64097222  .00000000  00000-0  00000-0 0 00000
2 44093 097.6690 164.0320 0000000 000.0000 214.4990 15.01920000000000
1 44093U          19300.99513889  .00000000  00000-0  00000-0 0 00000
2 44093 097.6690 164.3810 0000000 000.0000 326.9990 15.01920000000000
1 44093U          19301.32083333  .00000000  00000-0  00000-0 0 00000
2 44093 097.6680 164.7020 0000000 000.0000 285.7490 15.01920000000000
1 44093U          19301.64236111  .00000000  00000-0  00000-0 0 00000
2 44093 097.6670 165.0190 0000000 000.0000 221.9990 15.01920000000000
1 44093U          19302.05902778  .00000000  00000-0  00000-0 0 00000
2 44093 097.6670 165.4290 0000000 000.0000 311.9990 15.01920000000000
1 44093U          19302.30277778  .00000000  00000-0  00000-0 0 00000
2 44093 097.6660 165.6700 0000000 000.0000 188.2500 15.01920000000000
1 44093U          19302.68611111  .00000000  00000-0  00000-0 0 00000
2 44093 097.6660 166.0470 0000000 000.0000 098.2500 15.01920000000000
1 44093U          19302.92083333  .00000000  00000-0  00000-0 0 00000
2 44093 097.6650 166.2790 0000000 000.0000 285.7500 15.01920000000000
1 44093U          19303.40208333  .00000000  00000-0  00000-0 0 00000
2 44093 097.6640 166.7530 0000000 000.0000 004.5000 15.01920000000000
1 44093U          19303.59513889  .00000000  00000-0  00000-0 0 00000
2 44093 097.6640 166.9430 0000000 000.0000 327.0000 15.01920000000000
1 44093U          19303.95763889  .00000000  00000-0  00000-0 0 00000
2 44093 097.6630 167.3010 0000000 000.0000 124.5000 15.01920000000000
1 44093U          19304.35138889  .00000000  00000-0  00000-0 0 00000
2 44093 097.6630 167.6890 0000000 000.0000 090.7500 15.01920000000000
1 44093U          19304.63333333  .00000000  00000-0  00000-0 0 00000
2 44093 097.6620 167.9670 0000000 000.0000 173.2510 15.01920000000000
1 44093U          19304.97847222  .00000000  00000-0  00000-0 0 00000
2 44093 097.6610 168.3070 0000000 000.0000 237.0010 15.01920000000000
1 44093U          19305.34722222  .00000000  00000-0  00000-0 0 00000
2 44093 097.6610 168.6700 0000000 000.0000 068.2510 15.01920000000000
1 44093U          19305.70138889  .00000000  00000-0  00000-0 0 00000
2 44093 097.6600 169.0190 0000000 000.0000 180.7510 15.01920000000000
1 44093U          19306.04236111  .00000000  00000-0  00000-0 0 00000
2 44093 097.6600 169.3560 0000000 000.0000 222.0010 15.01920000000000
1 44093U          19306.29513889  .00000000  00000-0  00000-0 0 00000
2 44093 097.6590 169.6050 0000000 000.0000 147.0010 15.01920000000000
1 44093U          19306.67500000  .00000000  00000-0  00000-0 0 00000
2 44093 097.6580 169.9790 0000000 000.0000 038.2510 15.01920000000000
1 44093U          19307.06944444  .00000000  00000-0  00000-0 0 00000
2 44093 097.6580 170.3680 0000000 000.0000 008.2520 15.01920000000000
1 44093U          19307.32083333  .00000000  00000-0  00000-0 0 00000
2 44093 097.6570 170.6160 0000000 000.0000 285.7520 15.01920000000000
1 44093U          19307.61458333  .00000000  00000-0  00000-0 0 00000
2 44093 097.6570 170.9050 0000000 000.0000 072.0020 15.01920000000000
1 44093U          19308.05208333  .00000000  00000-0  00000-0 0 00000
2 44093 097.6560 171.3360 0000000 000.0000 274.5020 15.01920000000000
1 44093U          19308.26527778  .00000000  00000-0  00000-0 0 00000
2 44093 097.6550 171.5470 0000000 000.0000 345.7520 15.01920000000000
1 44093U          19308.59652778  .00000000  00000-0  00000-0 0 00000
2 44093 097.6550 171.8730 0000000 000.0000 334.5020 15.01920000000000
1 44093U          19308.95972222  .00000000  00000-0  00000-0 0 00000
2 44093 097.6540 172.2310 0000000 000.0000 135.7520 15.01920000000000
1 44093U          19309.26944444  .00000000  00000-0  00000-0 0 00000
2 44093 097.6540 172.5360 0000000 000.0000 008.2520 15.01920000000000
1 44093U          19309.60277778  .00000000  00000-0  00000-0 0 00000
2 44093 097.6530 172.8650 0000000 000.0000 008.2520 15.01920000000000
1 44093U          19310.00347222  .00000000  00000-0  00000-0 0 00000
2 44093 097.6520 173.2600 0000000 000.0000 012.0020 15.01920000000000
1 44093U          19310.39930556  .00000000  00000-0  00000-0 0 00000
2 44093 097.6510 173.6500 0000000 000.0000 349.5020 15.01920000000000
1 44093U          19310.68958333  .00000000  00000-0  00000-0 0 00000
2 44093 097.6510 173.9360 0000000 000.0000 117.0030 15.01920000000000
1 44093U          19310.98611111  .00000000  00000-0  00000-0 0 00000
2 44093 097.6500 174.2280 0000000 000.0000 278.2530 15.01920000000000
1 44093U          19311.30555556  .00000000  00000-0  00000-0 0 00000
2 44093 097.6500 174.5430 0000000 000.0000 203.2530 15.01920000000000
1 44093U          19311.69861111  .00000000  00000-0  00000-0 0 00000
2 44093 097.6490 174.9310 0000000 000.0000 165.7530 15.01920000000000
1 44093U          19311.97569444  .00000000  00000-0  00000-0 0 00000
2 44093 097.6490 175.2040 0000000 000.0000 222.0030 15.01914300000000
1 44093U          19312.25069444  .00000000  00000-0  00000-0 0 00000
2 44093 097.6480 175.4750 0000000 000.0000 267.0030 15.01914300000000
1 44093U          19312.54652778  .00000000  00000-0  00000-0 0 00000
2 44093 097.6480 175.7660 0000000 000.0000 064.5030 15.01914300000000
1 44093U          19312.90625000  .00000000  00000-0  00000-0 0 00000
2 44093 097.6470 176.1210 0000000 000.0000 207.0030 15.01914300000000
1 44093U          19313.18402778  .00000000  00000-0  00000-0 0 00000
2 44093 097.6460 176.3950 0000000 000.0000 267.0030 15.01914300000000
1 44093U          19313.63541667  .00000000  00000-0  00000-0 0 00000
2 44093 097.6450 176.8400 0000000 000.0000 184.5030 15.01914300000000
1 44093U          19313.86319444  .00000000  00000-0  00000-0 0 00000
2 44093 097.6450 177.0640 0000000 000.0000 334.5030 15.01914300000000
1 44093U          19314.25277778  .00000000  00000-0  00000-0 0 00000
2 44093 097.6440 177.4480 0000000 000.0000 278.2530 15.01914300000000
1 44093U          19314.53263889  .00000000  00000-0  00000-0 0 00000
2 44093 097.6440 177.7240 0000000 000.0000 349.5030 15.01914300000000
1 44093U          19314.82152778  .00000000  00000-0  00000-0 0 00000
2 44093 097.6430 178.0090 0000000 000.0000 109.5030 15.01914300000000
1 44093U          19315.20555556  .00000000  00000-0  00000-0 0 00000
2 44093 097.6430 178.3870 0000000 000.0000 023.2530 15.01914300000000
1 44093U          19315.57569444  .00000000  00000-0  00000-0 0 00000
2 44093 097.6420 178.7520 0000000 000.0000 222.0030 15.01914300000000
1 44093U          19315.86458333  .00000000  00000-0  00000-0 0 00000
2 44093 097.6410 179.0370 0000000 000.0000 342.0030 15.01914300000000
1 44093U          19316.14861111  .00000000  00000-0  00000-0 0 00000
2 44093 097.6410 179.3170 0000000 000.0000 075.7530 15.01914300000000
1 44093U          19316.53055556  .00000000  00000-0  00000-0 0 00000
2 44093 097.6400 179.6930 0000000 000.0000 338.2530 15.01914300000000
1 44093U          19316.82708333  .00000000  00000-0  00000-0 0 00000
2 44093 097.6400 179.9850 0000000 000.0000 139.5030 15.01914300000000
1 44093U          19317.27708333  .00000000  00000-0  00000-0 0 00000
2 44093 097.6390 180.4290 0000000 000.0000 049.5030 15.01914300000000
1 44093U          19317.58263889  .00000000  00000-0  00000-0 0 00000
2 44093 097.6380 180.7300 0000000 000.0000 259.5030 15.01914300000000
1 44093U          19317.96041667  .00000000  00000-0  00000-0 0 00000
2 44093 097.6370 181.1020 0000000 000.0000 139.5030 15.01914300000000
1 44093U          19318.18750000  .00000000  00000-0  00000-0 0 00000
2 44093 097.6370 181.3260 0000000 000.0000 285.7530 15.01914300000000
1 44093U          19318.53402778  .00000000  00000-0  00000-0 0 00000
2 44093 097.6360 181.6680 0000000 000.0000 357.0030 15.01914300000000
1 44093U          19318.89583333  .00000000  00000-0  00000-0 0 00000
2 44093 097.6360 182.0240 0000000 000.0000 150.7530 15.01914300000000
1 44093U          19318.95833333  .00000000  00000-0  00000-0 0 00000
2 44093 097.6360 182.0860 0000000 000.0000 128.2530 15.01914300000000
1 44093U          19319.20694444  .00000000  00000-0  00000-0 0 00000
2 44093 097.6350 182.3310 0000000 000.0000 030.7530 15.01914300000000
1 44093U          19319.52708333  .00000000  00000-0  00000-0 0 00000
2 44093 097.6350 182.6460 0000000 000.0000 319.5030 15.01914300000000
1 44093U          19319.86944444  .00000000  00000-0  00000-0 0 00000
2 44093 097.6340 182.9840 0000000 000.0000 008.2530 15.01914300000000
1 44093U          19320.26458333  .00000000  00000-0  00000-0 0 00000
2 44093 097.6330 183.3730 0000000 000.0000 342.0030 15.01914300000000
1 44093U          19320.61944444  .00000000  00000-0  00000-0 0 00000
2 44093 097.6330 183.7230 0000000 000.0000 098.2530 15.01914300000000
1 44093U          19320.82430556  .00000000  00000-0  00000-0 0 00000
2 44093 097.6320 183.9250 0000000 000.0000 124.5030 15.01914300000000
1 44093U          19321.19236111  .00000000  00000-0  00000-0 0 00000
2 44093 097.6310 184.2880 0000000 000.0000 312.0030 15.01914300000000
1 44093U          19321.52500000  .00000000  00000-0  00000-0 0 00000
2 44093 097.6310 184.6150 0000000 000.0000 308.2530 15.01914300000000
1 44093U          19321.86736111  .00000000  00000-0  00000-0 0 00000
2 44093 097.6300 184.9530 0000000 000.0000 357.0030 15.01914300000000
1 44093U          19322.23055556  .00000000  00000-0  00000-0 0 00000
2 44093 097.6300 185.3110 0000000 000.0000 158.2530 15.01914300000000
1 44093U          19322.49375000  .00000000  00000-0  00000-0 0 00000
2 44093 097.6290 185.5700 0000000 000.0000 139.5030 15.01914300000000
1 44093U          19322.90625000  .00000000  00000-0  00000-0 0 00000
2 44093 097.6280 185.9770 0000000 000.0000 207.0030 15.01914300000000
1 44093U          19323.17500000  .00000000  00000-0  00000-0 0 00000
2 44093 097.6280 186.2420 0000000 000.0000 218.2530 15.01914300000000
1 44093U          19323.61250000  .00000000  00000-0  00000-0 0 00000
2 44093 097.6270 186.6730 0000000 000.0000 060.7530 15.01914300000000
1 44093U          19323.89097222  .00000000  00000-0  00000-0 0 00000
2 44093 097.6260 186.9470 0000000 000.0000 124.5030 15.01914300000000
1 44093U          19324.15902778  .00000000  00000-0  00000-0 0 00000
2 44093 097.6260 187.2120 0000000 000.0000 132.0030 15.01914300000000
1 44093U          19324.50486111  .00000000  00000-0  00000-0 0 00000
2 44093 097.6250 187.5520 0000000 000.0000 199.5030 15.01914300000000
1 44093U          19324.84097222  .00000000  00000-0  00000-0 0 00000
2 44093 097.6250 187.8840 0000000 000.0000 214.5020 15.01914300000000
1 44093U          19325.28472222  .00000000  00000-0  00000-0 0 00000
2 44093 097.6240 188.3210 0000000 000.0000 090.7520 15.01914300000000
1 44093U          19325.64375000  .00000000  00000-0  00000-0 0 00000
2 44093 097.6230 188.6750 0000000 000.0000 229.5020 15.01914300000000
1 44093U          19325.89583333  .00000000  00000-0  00000-0 0 00000
2 44093 097.6230 188.9230 0000000 000.0000 150.7520 15.01914300000000
1 44093U          19325.90625000  .00000000  00000-0  00000-0 0 00000
2 44093 097.6230 188.9340 0000000 000.0000 207.0020 15.01914300000000
1 44093U          19326.23263889  .00000000  00000-0  00000-0 0 00000
2 44093 097.6220 189.2550 0000000 000.0000 169.5020 15.01914300000000
1 44093U          19326.55208333  .00000000  00000-0  00000-0 0 00000
2 44093 097.6220 189.5700 0000000 000.0000 094.5020 15.01914300000000
1 44093U          19326.92777778  .00000000  00000-0  00000-0 0 00000
2 44093 097.6210 189.9400 0000000 000.0000 323.2520 15.01914300000000
1 44093U          19327.17500000  .00000000  00000-0  00000-0 0 00000
2 44093 097.6200 190.1840 0000000 000.0000 218.2520 15.01914300000000
1 44093U          19327.59027778  .00000000  00000-0  00000-0 0 00000
2 44093 097.6200 190.5930 0000000 000.0000 300.7520 15.01914300000000
1 44093U          19327.93055556  .00000000  00000-0  00000-0 0 00000
2 44093 097.6190 190.9290 0000000 000.0000 338.2520 15.01914300000000
1 44093U          19328.26388889  .00000000  00000-0  00000-0 0 00000
2 44093 097.6180 191.2570 0000000 000.0000 338.2520 15.01914300000000
1 44093U          19328.58402778  .00000000  00000-0  00000-0 0 00000
2 44093 097.6180 191.5730 0000000 000.0000 267.0010 15.01914300000000
1 44093U          19328.93680556  .00000000  00000-0  00000-0 0 00000
2 44093 097.6170 191.9200 0000000 000.0000 012.0010 15.01914300000000
1 44093U          19329.20138889  .00000000  00000-0  00000-0 0 00000
2 44093 097.6170 192.1810 0000000 000.0000 000.7510 15.01914300000000
1 44093U          19329.57986111  .00000000  00000-0  00000-0 0 00000
2 44093 097.6160 192.5540 0000000 000.0000 244.5010 15.01914300000000
1 44093U          19329.83125000  .00000000  00000-0  00000-0 0 00000
2 44093 097.6160 192.8020 0000000 000.0000 162.0010 15.01914300000000
1 44093U          19330.17708333  .00000000  00000-0  00000-0 0 00000
2 44093 097.6150 193.1430 0000000 000.0000 229.5010 15.01914300000000
1 44093U          19330.60694444  .00000000  00000-0  00000-0 0 00000
2 44093 097.6140 193.5660 0000000 000.0000 030.7510 15.01914300000000
1 44093U          19330.89930556  .00000000  00000-0  00000-0 0 00000
2 44093 097.6140 193.8540 0000000 000.0000 169.5010 15.01914300000000
1 44093U          19331.14930556  .00000000  00000-0  00000-0 0 00000
2 44093 097.6130 194.1010 0000000 000.0000 079.5000 15.01914300000000
1 44093U          19331.54027778  .00000000  00000-0  00000-0 0 00000
2 44093 097.6130 194.4860 0000000 000.0000 030.7500 15.01914300000000
1 44093U          19331.86527778  .00000000  00000-0  00000-0 0 00000
2 44093 097.6120 194.8070 0000000 000.0000 345.7500 15.01914300000000
1 44093U          19332.25277778  .00000000  00000-0  00000-0 0 00000
2 44093 097.6110 195.1880 0000000 000.0000 278.2500 15.01914300000000
1 44093U          19332.50625000  .00000000  00000-0  00000-0 0 00000
2 44093 097.6110 195.4380 0000000 000.0000 207.0000 15.01914300000000
1 44093U          19332.81875000  .00000000  00000-0  00000-0 0 00000
2 44093 097.6100 195.7460 0000000 000.0000 094.5000 15.01914300000000
