1 44896U          19281.96111111  .00000000  00000-0  00000-0 0 00000
2 44896 097.7410 068.458  0000000 000.0000 012.8180 15.01920000000000
1 44896U          19282.27916667  .00000000  00000-0  00000-0 0 00000
2 44896 097.7410 068.772  0000000 000.0000 290.3180 15.01920000000000
1 44896U          19282.71944444  .00000000  00000-0  00000-0 0 00000
2 44896 097.7410 069.206  0000000 000.0000 147.8190 15.01920000000000
1 44896U          19283.01597222  .00000000  00000-0  00000-0 0 00000
2 44896 097.7420 069.498  0000000 000.0000 309.0700 15.01920000000000
1 44896U          19283.34791667  .00000000  00000-0  00000-0 0 00000
2 44896 097.7420 069.826  0000000 000.0000 301.5700 15.01920000000000
1 44896U          19283.66597222  .00000000  00000-0  00000-0 0 00000
2 44896 097.7420 070.139  0000000 000.0000 219.0710 15.01920000000000
1 44896U          19284.00069444  .00000000  00000-0  00000-0 0 00000
2 44896 097.7420 070.469  0000000 000.0000 226.5710 15.01920000000000
1 44896U          19284.36250000  .00000000  00000-0  00000-0 0 00000
2 44896 097.7420 070.826  0000000 000.0000 020.3220 15.01920000000000
1 44896U          19284.60694444  .00000000  00000-0  00000-0 0 00000
2 44896 097.7430 071.067  0000000 000.0000 260.3230 15.01920000000000
1 44896U          19284.95208333  .00000000  00000-0  00000-0 0 00000
2 44896 097.7430 071.407  0000000 000.0000 324.0730 15.01920000000000
1 44896U          19285.37222222  .00000000  00000-0  00000-0 0 00000
2 44896 097.7430 071.821  0000000 000.0000 072.8240 15.01920000000000
1 44896U          19285.60416667  .00000000  00000-0  00000-0 0 00000
2 44896 097.7430 072.050  0000000 000.0000 245.3240 15.01920000000000
1 44896U          19285.93402778  .00000000  00000-0  00000-0 0 00000
2 44896 097.7430 072.375  0000000 000.0000 226.5750 15.01920000000000
1 44896U          19286.33472222  .00000000  00000-0  00000-0 0 00000
2 44896 097.7440 072.770  0000000 000.0000 230.3260 15.01920000000000
1 44896U          19286.62291667  .00000000  00000-0  00000-0 0 00000
2 44896 097.7440 073.054  0000000 000.0000 346.5760 15.01920000000000
1 44896U          19287.06180556  .00000000  00000-0  00000-0 0 00000
2 44896 097.7440 073.487  0000000 000.0000 196.5770 15.01920000000000
1 44896U          19287.25625000  .00000000  00000-0  00000-0 0 00000
2 44896 097.7440 073.679  0000000 000.0000 166.5770 15.01920000000000
1 44896U          19287.70347222  .00000000  00000-0  00000-0 0 00000
2 44896 097.7440 074.119  0000000 000.0000 061.5780 15.01920000000000
1 44896U          19288.01597222  .00000000  00000-0  00000-0 0 00000
2 44896 097.7440 074.428  0000000 000.0000 309.0790 15.01920000000000
1 44896U          19288.34097222  .00000000  00000-0  00000-0 0 00000
2 44896 097.7450 074.748  0000000 000.0000 264.0790 15.01920000000000
1 44896U          19288.62708333  .00000000  00000-0  00000-0 0 00000
2 44896 097.7450 075.030  0000000 000.0000 009.0800 15.01920000000000
1 44896U          19288.98819444  .00000000  00000-0  00000-0 0 00000
2 44896 097.7450 075.386  0000000 000.0000 159.0810 15.01920000000000
1 44896U          19289.26944444  .00000000  00000-0  00000-0 0 00000
2 44896 097.7450 075.663  0000000 000.0000 237.8310 15.01920000000000
1 44896U          19289.74791667  .00000000  00000-0  00000-0 0 00000
2 44896 097.7450 076.135  0000000 000.0000 301.5820 15.01920000000000
1 44896U          19289.98333333  .00000000  00000-0  00000-0 0 00000
2 44896 097.7450 076.367  0000000 000.0000 132.8320 15.01920000000000
1 44896U          19290.34583333  .00000000  00000-0  00000-0 0 00000
2 44896 097.7460 076.724  0000000 000.0000 290.3330 15.01920000000000
1 44896U          19290.63750000  .00000000  00000-0  00000-0 0 00000
2 44896 097.7460 077.012  0000000 000.0000 065.3340 15.01920000000000
1 44896U          19290.98750000  .00000000  00000-0  00000-0 0 00000
2 44896 097.7460 077.357  0000000 000.0000 155.3340 15.01920000000000
1 44896U          19291.28263889  .00000000  00000-0  00000-0 0 00000
2 44896 097.7460 077.648  0000000 000.0000 309.0850 15.01920000000000
1 44896U          19291.65555556  .00000000  00000-0  00000-0 0 00000
2 44896 097.7460 078.016  0000000 000.0000 162.8360 15.01920000000000
1 44896U          19291.96458333  .00000000  00000-0  00000-0 0 00000
2 44896 097.7460 078.320  0000000 000.0000 031.5860 15.01920000000000
1 44896U          19292.32083333  .00000000  00000-0  00000-0 0 00000
2 44896 097.7460 078.672  0000000 000.0000 155.3370 15.01920000000000
1 44896U          19292.65277778  .00000000  00000-0  00000-0 0 00000
2 44896 097.7460 078.999  0000000 000.0000 147.8370 15.01920000000000
1 44896U          19293.00277778  .00000000  00000-0  00000-0 0 00000
2 44896 097.7470 079.344  0000000 000.0000 237.8380 15.01920000000000
1 44896U          19293.38472222  .00000000  00000-0  00000-0 0 00000
2 44896 097.7470 079.720  0000000 000.0000 140.3390 15.01920000000000
1 44896U          19293.72291667  .00000000  00000-0  00000-0 0 00000
2 44896 097.7470 080.054  0000000 000.0000 166.5890 15.01920000000000
1 44896U          19293.92638889  .00000000  00000-0  00000-0 0 00000
2 44896 097.7470 080.254  0000000 000.0000 185.3400 15.01920000000000
1 44896U          19294.31944444  .00000000  00000-0  00000-0 0 00000
2 44896 097.7470 080.642  0000000 000.0000 147.8410 15.01920000000000
1 44896U          19294.72152778  .00000000  00000-0  00000-0 0 00000
2 44896 097.7470 081.038  0000000 000.0000 159.0910 15.01920000000000
1 44896U          19294.93472222  .00000000  00000-0  00000-0 0 00000
2 44896 097.7470 081.248  0000000 000.0000 230.3420 15.01920000000000
1 44896U          19295.39583333  .00000000  00000-0  00000-0 0 00000
2 44896 097.7470 081.703  0000000 000.0000 200.3430 15.01920000000000
1 44896U          19295.69513889  .00000000  00000-0  00000-0 0 00000
2 44896 097.7470 081.998  0000000 000.0000 016.5930 15.01920000000000
1 44896U          19296.00277778  .00000000  00000-0  00000-0 0 00000
2 44896 097.7470 082.301  0000000 000.0000 237.8440 15.01920000000000
1 44896U          19296.41041667  .00000000  00000-0  00000-0 0 00000
2 44896 097.7470 082.703  0000000 000.0000 279.0950 15.01920000000000
1 44896U          19296.61388889  .00000000  00000-0  00000-0 0 00000
2 44896 097.7480 082.904  0000000 000.0000 297.8450 15.01920000000000
1 44896U          19297.00833333  .00000000  00000-0  00000-0 0 00000
2 44896 097.7480 083.293  0000000 000.0000 267.8460 15.01920000000000
1 44896U          19297.25069444  .00000000  00000-0  00000-0 0 00000
2 44896 097.7480 083.532  0000000 000.0000 136.5960 15.01920000000000
1 44896U          19297.70138889  .00000000  00000-0  00000-0 0 00000
2 44896 097.7480 083.976  0000000 000.0000 050.3470 15.01920000000000
1 44896U          19297.93333333  .00000000  00000-0  00000-0 0 00000
2 44896 097.7480 084.205  0000000 000.0000 222.8470 15.01920000000000
1 44896U          19298.36944444  .00000000  00000-0  00000-0 0 00000
2 44896 097.7480 084.635  0000000 000.0000 057.8480 15.01920000000000
1 44896U          19298.65416667  .00000000  00000-0  00000-0 0 00000
2 44896 097.7480 084.915  0000000 000.0000 155.3490 15.01920000000000
1 44896U          19299.05902778  .00000000  00000-0  00000-0 0 00000
2 44896 097.7480 085.314  0000000 000.0000 181.6000 15.01920000000000
1 44896U          19299.34791667  .00000000  00000-0  00000-0 0 00000
2 44896 097.7480 085.599  0000000 000.0000 301.6000 15.01920000000000
1 44896U          19299.66666667  .00000000  00000-0  00000-0 0 00000
2 44896 097.7480 085.913  0000000 000.0000 222.8510 15.01920000000000
1 44896U          19300.04861111  .00000000  00000-0  00000-0 0 00000
2 44896 097.7480 086.290  0000000 000.0000 125.3510 15.01920000000000
1 44896U          19300.28958333  .00000000  00000-0  00000-0 0 00000
2 44896 097.7480 086.528  0000000 000.0000 346.6020 15.01920000000000
1 44896U          19300.73402778  .00000000  00000-0  00000-0 0 00000
2 44896 097.7480 086.966  0000000 000.0000 226.6030 15.01920000000000
1 44896U          19300.99861111  .00000000  00000-0  00000-0 0 00000
2 44896 097.7480 087.227  0000000 000.0000 215.3530 15.01920000000000
1 44896U          19301.38402778  .00000000  00000-0  00000-0 0 00000
2 44896 097.7480 087.607  0000000 000.0000 136.6040 15.01920000000000
1 44896U          19301.69375000  .00000000  00000-0  00000-0 0 00000
2 44896 097.7480 087.912  0000000 000.0000 009.1050 15.01920000000000
1 44896U          19302.07361111  .00000000  00000-0  00000-0 0 00000
2 44896 097.7480 088.286  0000000 000.0000 260.3550 15.01920000000000
1 44896U          19302.32638889  .00000000  00000-0  00000-0 0 00000
2 44896 097.7480 088.536  0000000 000.0000 185.3560 15.01920000000000
1 44896U          19302.64097222  .00000000  00000-0  00000-0 0 00000
2 44896 097.7480 088.846  0000000 000.0000 084.1060 15.01920000000000
1 44896U          19302.99236111  .00000000  00000-0  00000-0 0 00000
2 44896 097.7480 089.192  0000000 000.0000 181.6070 15.01920000000000
1 44896U          19303.36944444  .00000000  00000-0  00000-0 0 00000
2 44896 097.7480 089.564  0000000 000.0000 057.8580 15.01920000000000
1 44896U          19303.67013889  .00000000  00000-0  00000-0 0 00000
2 44896 097.7480 089.860  0000000 000.0000 241.6080 15.01920000000000
1 44896U          19304.04791667  .00000000  00000-0  00000-0 0 00000
2 44896 097.7480 090.233  0000000 000.0000 121.6090 15.01920000000000
1 44896U          19304.36111111  .00000000  00000-0  00000-0 0 00000
2 44896 097.7480 090.542  0000000 000.0000 012.8600 15.01920000000000
1 44896U          19304.61597222  .00000000  00000-0  00000-0 0 00000
2 44896 097.7480 090.793  0000000 000.0000 309.1100 15.01920000000000
1 44896U          19305.02430556  .00000000  00000-0  00000-0 0 00000
2 44896 097.7480 091.195  0000000 000.0000 354.1110 15.01920000000000
1 44896U          19305.28125000  .00000000  00000-0  00000-0 0 00000
2 44896 097.7480 091.449  0000000 000.0000 301.6110 15.01920000000000
1 44896U          19305.66388889  .00000000  00000-0  00000-0 0 00000
2 44896 097.7480 091.826  0000000 000.0000 207.8620 15.01920000000000
1 44896U          19305.96041667  .00000000  00000-0  00000-0 0 00000
2 44896 097.7480 092.118  0000000 000.0000 009.1130 15.01920000000000
1 44896U          19306.25625000  .00000000  00000-0  00000-0 0 00000
2 44896 097.7480 092.410  0000000 000.0000 166.6130 15.01920000000000
1 44896U          19306.74375000  .00000000  00000-0  00000-0 0 00000
2 44896 097.7480 092.890  0000000 000.0000 279.1140 15.01920000000000
1 44896U          19307.07083333  .00000000  00000-0  00000-0 0 00000
2 44896 097.7480 093.213  0000000 000.0000 245.3650 15.01920000000000
1 44896U          19307.34722222  .00000000  00000-0  00000-0 0 00000
2 44896 097.7480 093.485  0000000 000.0000 297.8650 15.01920000000000
1 44896U          19307.67916667  .00000000  00000-0  00000-0 0 00000
2 44896 097.7480 093.813  0000000 000.0000 290.3660 15.01920000000000
1 44896U          19307.93472222  .00000000  00000-0  00000-0 0 00000
2 44896 097.7480 094.065  0000000 000.0000 230.3670 15.01920000000000
1 44896U          19308.27847222  .00000000  00000-0  00000-0 0 00000
2 44896 097.7480 094.404  0000000 000.0000 286.6170 15.01920000000000
1 44896U          19308.60694444  .00000000  00000-0  00000-0 0 00000
2 44896 097.7480 094.727  0000000 000.0000 260.3680 15.01920000000000
1 44896U          19309.07569444  .00000000  00000-0  00000-0 0 00000
2 44896 097.7480 095.189  0000000 000.0000 271.6190 15.01920000000000
1 44896U          19309.36736111  .00000000  00000-0  00000-0 0 00000
2 44896 097.7480 095.477  0000000 000.0000 046.6190 15.01920000000000
1 44896U          19309.58888889  .00000000  00000-0  00000-0 0 00000
2 44896 097.7480 095.695  0000000 000.0000 162.8700 15.01920000000000
1 44896U          19309.98750000  .00000000  00000-0  00000-0 0 00000
2 44896 097.7480 096.088  0000000 000.0000 155.3700 15.01920000000000
1 44896U          19310.27152778  .00000000  00000-0  00000-0 0 00000
2 44896 097.7480 096.368  0000000 000.0000 249.1210 15.01920000000000
1 44896U          19310.64305556  .00000000  00000-0  00000-0 0 00000
2 44896 097.7470 096.735  0000000 000.0000 095.3720 15.01920000000000
1 44896U          19310.96944444  .00000000  00000-0  00000-0 0 00000
2 44896 097.7470 097.056  0000000 000.0000 057.8720 15.01920000000000
1 44896U          19311.27916667  .00000000  00000-0  00000-0 0 00000
2 44896 097.7470 097.362  0000000 000.0000 290.3730 15.01920000000000
1 44896U          19311.70277778  .00000000  00000-0  00000-0 0 00000
2 44896 097.7470 097.779  0000000 000.0000 057.8740 15.01920000000000
1 44896U          19311.96805556  .00000000  00000-0  00000-0 0 00000
2 44896 097.7470 098.041  0000000 000.0000 050.3740 15.01914300000000
1 44896U          19312.25208333  .00000000  00000-0  00000-0 0 00000
2 44896 097.7470 098.321  0000000 000.0000 144.1250 15.01914300000000
1 44896U          19312.61458333  .00000000  00000-0  00000-0 0 00000
2 44896 097.7470 098.678  0000000 000.0000 301.6250 15.01914300000000
1 44896U          19312.82291667  .00000000  00000-0  00000-0 0 00000
2 44896 097.7470 098.884  0000000 000.0000 346.6260 15.01914300000000
1 44896U          19313.16250000  .00000000  00000-0  00000-0 0 00000
2 44896 097.7470 099.218  0000000 000.0000 020.3760 15.01914300000000
1 44896U          19313.49652778  .00000000  00000-0  00000-0 0 00000
2 44896 097.7470 099.548  0000000 000.0000 024.1270 15.01914300000000
1 44896U          19313.94097222  .00000000  00000-0  00000-0 0 00000
2 44896 097.7470 099.986  0000000 000.0000 264.1280 15.01914300000000
1 44896U          19314.18472222  .00000000  00000-0  00000-0 0 00000
2 44896 097.7460 100.226  0000000 000.0000 140.3780 15.01914300000000
1 44896U          19314.48194444  .00000000  00000-0  00000-0 0 00000
2 44896 097.7460 100.519  0000000 000.0000 305.3790 15.01914300000000
1 44896U          19314.89444444  .00000000  00000-0  00000-0 0 00000
2 44896 097.7460 100.926  0000000 000.0000 012.8800 15.01914300000000
1 44896U          19315.18750000  .00000000  00000-0  00000-0 0 00000
2 44896 097.7460 101.215  0000000 000.0000 155.3800 15.01914300000000
1 44896U          19315.59097222  .00000000  00000-0  00000-0 0 00000
2 44896 097.7460 101.613  0000000 000.0000 174.1310 15.01914300000000
1 44896U          19315.82152778  .00000000  00000-0  00000-0 0 00000
2 44896 097.7460 101.840  0000000 000.0000 339.1310 15.01914300000000
1 44896U          19316.22777778  .00000000  00000-0  00000-0 0 00000
2 44896 097.7460 102.240  0000000 000.0000 012.8820 15.01914300000000
1 44896U          19316.63888889  .00000000  00000-0  00000-0 0 00000
2 44896 097.7460 102.646  0000000 000.0000 072.8830 15.01914300000000
1 44896U          19316.82222222  .00000000  00000-0  00000-0 0 00000
2 44896 097.7450 102.826  0000000 000.0000 342.8830 15.01914300000000
1 44896U          19317.20833333  .00000000  00000-0  00000-0 0 00000
2 44896 097.7450 103.207  0000000 000.0000 267.8840 15.01914300000000
1 44896U          19317.62083333  .00000000  00000-0  00000-0 0 00000
2 44896 097.7450 103.614  0000000 000.0000 335.3850 15.01914300000000
1 44896U          19317.85625000  .00000000  00000-0  00000-0 0 00000
2 44896 097.7450 103.846  0000000 000.0000 166.6350 15.01914300000000
1 44896U          19318.21527778  .00000000  00000-0  00000-0 0 00000
2 44896 097.7450 104.200  0000000 000.0000 305.3860 15.01914300000000
1 44896U          19318.50000000  .00000000  00000-0  00000-0 0 00000
2 44896 097.7450 104.480  0000000 000.0000 042.8860 15.01914300000000
1 44896U          19318.89583333  .00000000  00000-0  00000-0 0 00000
2 44896 097.7440 104.871  0000000 000.0000 020.3870 15.01914300000000
1 44896U          19318.89583333  .00000000  00000-0  00000-0 0 00000
2 44896 097.7440 104.871  0000000 000.0000 020.3870 15.01914300000000
1 44896U          19319.26875000  .00000000  00000-0  00000-0 0 00000
2 44896 097.7440 105.238  0000000 000.0000 234.1380 15.01914300000000
1 44896U          19319.64236111  .00000000  00000-0  00000-0 0 00000
2 44896 097.7440 105.607  0000000 000.0000 091.6390 15.01914300000000
1 44896U          19319.87638889  .00000000  00000-0  00000-0 0 00000
2 44896 097.7440 105.837  0000000 000.0000 275.3890 15.01914300000000
1 44896U          19320.20138889  .00000000  00000-0  00000-0 0 00000
2 44896 097.7440 106.158  0000000 000.0000 230.3900 15.01914300000000
1 44896U          19320.59375000  .00000000  00000-0  00000-0 0 00000
2 44896 097.7440 106.545  0000000 000.0000 189.1400 15.01914300000000
1 44896U          19320.95694444  .00000000  00000-0  00000-0 0 00000
2 44896 097.7430 106.903  0000000 000.0000 350.3910 15.01914300000000
1 44896U          19321.18680556  .00000000  00000-0  00000-0 0 00000
2 44896 097.7430 107.129  0000000 000.0000 151.6410 15.01914300000000
1 44896U          19321.58055556  .00000000  00000-0  00000-0 0 00000
2 44896 097.7430 107.517  0000000 000.0000 117.8920 15.01914300000000
1 44896U          19321.88888889  .00000000  00000-0  00000-0 0 00000
2 44896 097.7430 107.821  0000000 000.0000 342.8930 15.01914300000000
1 44896U          19322.28750000  .00000000  00000-0  00000-0 0 00000
2 44896 097.7430 108.214  0000000 000.0000 335.3930 15.01914300000000
1 44896U          19322.54444444  .00000000  00000-0  00000-0 0 00000
2 44896 097.7420 108.468  0000000 000.0000 282.8940 15.01914300000000
1 44896U          19322.82638889  .00000000  00000-0  00000-0 0 00000
2 44896 097.7420 108.746  0000000 000.0000 005.3940 15.01914300000000
1 44896U          19323.30625000  .00000000  00000-0  00000-0 0 00000
2 44896 097.7420 109.219  0000000 000.0000 076.6450 15.01914300000000
1 44896U          19323.59583333  .00000000  00000-0  00000-0 0 00000
2 44896 097.7420 109.504  0000000 000.0000 200.3960 15.01914300000000
1 44896U          19323.88541667  .00000000  00000-0  00000-0 0 00000
2 44896 097.7420 109.790  0000000 000.0000 324.1460 15.01914300000000
1 44896U          19324.19027778  .00000000  00000-0  00000-0 0 00000
2 44896 097.7410 110.090  0000000 000.0000 170.3970 15.01914300000000
1 44896U          19324.59791667  .00000000  00000-0  00000-0 0 00000
2 44896 097.7410 110.492  0000000 000.0000 211.6480 15.01914300000000
1 44896U          19324.91875000  .00000000  00000-0  00000-0 0 00000
2 44896 097.7410 110.808  0000000 000.0000 144.1480 15.01914300000000
1 44896U          19325.15486111  .00000000  00000-0  00000-0 0 00000
2 44896 097.7410 111.041  0000000 000.0000 339.1490 15.01914300000000
1 44896U          19325.48888889  .00000000  00000-0  00000-0 0 00000
2 44896 097.7410 111.370  0000000 000.0000 342.8990 15.01914300000000
1 44896U          19325.88680556  .00000000  00000-0  00000-0 0 00000
2 44896 097.7400 111.763  0000000 000.0000 331.6500 15.01914300000000
1 44896U          19325.93888889  .00000000  00000-0  00000-0 0 00000
2 44896 097.7400 111.814  0000000 000.0000 252.9000 15.01914300000000
1 44896U          19326.29097222  .00000000  00000-0  00000-0 0 00000
2 44896 097.7400 112.161  0000000 000.0000 354.1510 15.01914300000000
1 44896U          19326.57152778  .00000000  00000-0  00000-0 0 00000
2 44896 097.7400 112.438  0000000 000.0000 069.1510 15.01914300000000
1 44896U          19326.93194444  .00000000  00000-0  00000-0 0 00000
2 44896 097.7400 112.793  0000000 000.0000 215.4020 15.01914300000000
1 44896U          19327.15208333  .00000000  00000-0  00000-0 0 00000
2 44896 097.7390 113.010  0000000 000.0000 324.1520 15.01914300000000
1 44896U          19327.51388889  .00000000  00000-0  00000-0 0 00000
2 44896 097.7390 113.367  0000000 000.0000 117.9030 15.01914300000000
1 44896U          19327.96597222  .00000000  00000-0  00000-0 0 00000
2 44896 097.7390 113.812  0000000 000.0000 039.1540 15.01914300000000
1 44896U          19328.24722222  .00000000  00000-0  00000-0 0 00000
2 44896 097.7390 114.090  0000000 000.0000 117.9040 15.01914300000000
1 44896U          19328.55000000  .00000000  00000-0  00000-0 0 00000
2 44896 097.7380 114.388  0000000 000.0000 312.9050 15.01914300000000
1 44896U          19328.85000000  .00000000  00000-0  00000-0 0 00000
2 44896 097.7380 114.684  0000000 000.0000 132.9050 15.01914300000000
1 44896U          19329.29236111  .00000000  00000-0  00000-0 0 00000
2 44896 097.7380 115.120  0000000 000.0000 001.6560 15.01914300000000
1 44896U          19329.61458333  .00000000  00000-0  00000-0 0 00000
2 44896 097.7380 115.438  0000000 000.0000 301.6560 15.01914300000000
1 44896U          19329.83194444  .00000000  00000-0  00000-0 0 00000
2 44896 097.7370 115.652  0000000 000.0000 035.4070 15.01914300000000
1 44896U          19330.30000000  .00000000  00000-0  00000-0 0 00000
2 44896 097.7370 116.113  0000000 000.0000 042.9080 15.01914300000000
1 44896U          19330.55138889  .00000000  00000-0  00000-0 0 00000
2 44896 097.7370 116.361  0000000 000.0000 320.4080 15.01914300000000
1 44896U          19330.95694444  .00000000  00000-0  00000-0 0 00000
2 44896 097.7360 116.761  0000000 000.0000 350.4090 15.01914300000000
1 44896U          19331.22708333  .00000000  00000-0  00000-0 0 00000
2 44896 097.7360 117.027  0000000 000.0000 009.1590 15.01914300000000
1 44896U          19331.55486111  .00000000  00000-0  00000-0 0 00000
2 44896 097.7360 117.351  0000000 000.0000 339.1600 15.01914300000000
1 44896U          19331.87361111  .00000000  00000-0  00000-0 0 00000
2 44896 097.7360 117.665  0000000 000.0000 260.4100 15.01914300000000
1 44896U          19332.28125000  .00000000  00000-0  00000-0 0 00000
2 44896 097.7350 118.067  0000000 000.0000 301.6610 15.01914300000000
1 44896U          19332.63958333  .00000000  00000-0  00000-0 0 00000
2 44896 097.7350 118.420  0000000 000.0000 076.6620 15.01914300000000
1 44896U          19332.89583333  .00000000  00000-0  00000-0 0 00000
2 44896 097.7350 118.672  0000000 000.0000 020.4120 15.01914300000000
