1 45105U          19281.94930556  .00000000  00000-0  00000-0 0 00000
2 45105 097.7140 042.727  0000000 000.0000 089.5990 15.01920000000000
1 45105U          19282.25138889  .00000000  00000-0  00000-0 0 00000
2 45105 097.7140 043.025  0000000 000.0000 280.8490 15.01920000000000
1 45105U          19282.61805556  .00000000  00000-0  00000-0 0 00000
2 45105 097.7150 043.386  0000000 000.0000 100.8500 15.01920000000000
1 45105U          19283.01666667  .00000000  00000-0  00000-0 0 00000
2 45105 097.7150 043.779  0000000 000.0000 093.3500 15.01920000000000
1 45105U          19283.31180556  .00000000  00000-0  00000-0 0 00000
2 45105 097.7160 044.070  0000000 000.0000 247.1010 15.01920000000000
1 45105U          19283.64166667  .00000000  00000-0  00000-0 0 00000
2 45105 097.7160 044.395  0000000 000.0000 228.3510 15.01920000000000
1 45105U          19284.07916667  .00000000  00000-0  00000-0 0 00000
2 45105 097.7170 044.827  0000000 000.0000 070.8520 15.01920000000000
1 45105U          19284.41319444  .00000000  00000-0  00000-0 0 00000
2 45105 097.7170 045.156  0000000 000.0000 074.6020 15.01920000000000
1 45105U          19284.68541667  .00000000  00000-0  00000-0 0 00000
2 45105 097.7180 045.424  0000000 000.0000 104.6030 15.01920000000000
1 45105U          19284.95763889  .00000000  00000-0  00000-0 0 00000
2 45105 097.7180 045.693  0000000 000.0000 134.6030 15.01920000000000
1 45105U          19285.31597222  .00000000  00000-0  00000-0 0 00000
2 45105 097.7180 046.046  0000000 000.0000 269.6040 15.01920000000000
1 45105U          19285.67152778  .00000000  00000-0  00000-0 0 00000
2 45105 097.7190 046.396  0000000 000.0000 029.6040 15.01920000000000
1 45105U          19286.07708333  .00000000  00000-0  00000-0 0 00000
2 45105 097.7190 046.796  0000000 000.0000 059.6050 15.01920000000000
1 45105U          19286.27430556  .00000000  00000-0  00000-0 0 00000
2 45105 097.7200 046.991  0000000 000.0000 044.6050 15.01920000000000
1 45105U          19286.66041667  .00000000  00000-0  00000-0 0 00000
2 45105 097.7200 047.371  0000000 000.0000 329.6050 15.01920000000000
1 45105U          19287.05902778  .00000000  00000-0  00000-0 0 00000
2 45105 097.7210 047.764  0000000 000.0000 322.1060 15.01920000000000
1 45105U          19287.28333333  .00000000  00000-0  00000-0 0 00000
2 45105 097.7210 047.985  0000000 000.0000 093.3560 15.01920000000000
1 45105U          19287.71458333  .00000000  00000-0  00000-0 0 00000
2 45105 097.7210 048.410  0000000 000.0000 262.1070 15.01920000000000
1 45105U          19287.91875000  .00000000  00000-0  00000-0 0 00000
2 45105 097.7220 048.612  0000000 000.0000 284.6070 15.01920000000000
1 45105U          19288.31180556  .00000000  00000-0  00000-0 0 00000
2 45105 097.7220 048.999  0000000 000.0000 247.1080 15.01920000000000
1 45105U          19288.63055556  .00000000  00000-0  00000-0 0 00000
2 45105 097.7230 049.313  0000000 000.0000 168.3580 15.01920000000000
1 45105U          19289.07916667  .00000000  00000-0  00000-0 0 00000
2 45105 097.7230 049.756  0000000 000.0000 070.8590 15.01920000000000
1 45105U          19289.27430556  .00000000  00000-0  00000-0 0 00000
2 45105 097.7230 049.948  0000000 000.0000 044.6090 15.01920000000000
1 45105U          19289.70555556  .00000000  00000-0  00000-0 0 00000
2 45105 097.7240 050.373  0000000 000.0000 213.3600 15.01920000000000
1 45105U          19289.98333333  .00000000  00000-0  00000-0 0 00000
2 45105 097.7240 050.647  0000000 000.0000 273.3600 15.01920000000000
1 45105U          19290.28055556  .00000000  00000-0  00000-0 0 00000
2 45105 097.7250 050.940  0000000 000.0000 078.3610 15.01920000000000
1 45105U          19290.69861111  .00000000  00000-0  00000-0 0 00000
2 45105 097.7250 051.352  0000000 000.0000 175.8610 15.01920000000000
1 45105U          19291.06527778  .00000000  00000-0  00000-0 0 00000
2 45105 097.7250 051.714  0000000 000.0000 355.8620 15.01920000000000
1 45105U          19291.39236111  .00000000  00000-0  00000-0 0 00000
2 45105 097.7260 052.036  0000000 000.0000 322.1120 15.01920000000000
1 45105U          19291.61041667  .00000000  00000-0  00000-0 0 00000
2 45105 097.7260 052.251  0000000 000.0000 059.6130 15.01920000000000
1 45105U          19291.92638889  .00000000  00000-0  00000-0 0 00000
2 45105 097.7260 052.562  0000000 000.0000 325.8630 15.01920000000000
1 45105U          19292.26875000  .00000000  00000-0  00000-0 0 00000
2 45105 097.7270 052.900  0000000 000.0000 014.6140 15.01920000000000
1 45105U          19292.70763889  .00000000  00000-0  00000-0 0 00000
2 45105 097.7270 053.333  0000000 000.0000 224.6140 15.01920000000000
1 45105U          19293.01250000  .00000000  00000-0  00000-0 0 00000
2 45105 097.7280 053.633  0000000 000.0000 070.8650 15.01920000000000
1 45105U          19293.27847222  .00000000  00000-0  00000-0 0 00000
2 45105 097.7280 053.895  0000000 000.0000 067.1150 15.01920000000000
1 45105U          19293.60486111  .00000000  00000-0  00000-0 0 00000
2 45105 097.7280 054.217  0000000 000.0000 029.6160 15.01920000000000
1 45105U          19293.92013889  .00000000  00000-0  00000-0 0 00000
2 45105 097.7290 054.528  0000000 000.0000 292.1160 15.01920000000000
1 45105U          19294.28402778  .00000000  00000-0  00000-0 0 00000
2 45105 097.7290 054.887  0000000 000.0000 097.1170 15.01920000000000
1 45105U          19294.70763889  .00000000  00000-0  00000-0 0 00000
2 45105 097.7290 055.304  0000000 000.0000 224.6180 15.01920000000000
1 45105U          19295.02500000  .00000000  00000-0  00000-0 0 00000
2 45105 097.7300 055.617  0000000 000.0000 138.3680 15.01920000000000
1 45105U          19295.39097222  .00000000  00000-0  00000-0 0 00000
2 45105 097.7300 055.978  0000000 000.0000 314.6190 15.01920000000000
1 45105U          19295.73958333  .00000000  00000-0  00000-0 0 00000
2 45105 097.7300 056.322  0000000 000.0000 037.1190 15.01920000000000
1 45105U          19295.93541667  .00000000  00000-0  00000-0 0 00000
2 45105 097.7310 056.515  0000000 000.0000 014.6200 15.01920000000000
1 45105U          19296.29583333  .00000000  00000-0  00000-0 0 00000
2 45105 097.7310 056.870  0000000 000.0000 160.8700 15.01920000000000
1 45105U          19296.69027778  .00000000  00000-0  00000-0 0 00000
2 45105 097.7310 057.259  0000000 000.0000 130.8710 15.01920000000000
1 45105U          19297.02291667  .00000000  00000-0  00000-0 0 00000
2 45105 097.7320 057.587  0000000 000.0000 127.1210 15.01920000000000
1 45105U          19297.29930556  .00000000  00000-0  00000-0 0 00000
2 45105 097.7320 057.859  0000000 000.0000 179.6220 15.01920000000000
1 45105U          19297.62569444  .00000000  00000-0  00000-0 0 00000
2 45105 097.7320 058.181  0000000 000.0000 142.1220 15.01920000000000
1 45105U          19297.91944444  .00000000  00000-0  00000-0 0 00000
2 45105 097.7330 058.471  0000000 000.0000 288.3730 15.01920000000000
1 45105U          19298.26250000  .00000000  00000-0  00000-0 0 00000
2 45105 097.7330 058.809  0000000 000.0000 340.8730 15.01920000000000
1 45105U          19298.73194444  .00000000  00000-0  00000-0 0 00000
2 45105 097.7330 059.272  0000000 000.0000 355.8740 15.01920000000000
1 45105U          19299.07986111  .00000000  00000-0  00000-0 0 00000
2 45105 097.7340 059.614  0000000 000.0000 074.6250 15.01920000000000
1 45105U          19299.40208333  .00000000  00000-0  00000-0 0 00000
2 45105 097.7340 059.932  0000000 000.0000 014.6250 15.01920000000000
1 45105U          19299.68402778  .00000000  00000-0  00000-0 0 00000
2 45105 097.7340 060.210  0000000 000.0000 097.1260 15.01920000000000
1 45105U          19300.01180556  .00000000  00000-0  00000-0 0 00000
2 45105 097.7350 060.533  0000000 000.0000 067.1260 15.01920000000000
1 45105U          19300.36527778  .00000000  00000-0  00000-0 0 00000
2 45105 097.7350 060.882  0000000 000.0000 175.8770 15.01920000000000
1 45105U          19300.66736111  .00000000  00000-0  00000-0 0 00000
2 45105 097.7350 061.179  0000000 000.0000 007.1270 15.01920000000000
1 45105U          19300.98472222  .00000000  00000-0  00000-0 0 00000
2 45105 097.7350 061.492  0000000 000.0000 280.8780 15.01920000000000
1 45105U          19301.25069444  .00000000  00000-0  00000-0 0 00000
2 45105 097.7360 061.755  0000000 000.0000 277.1280 15.01920000000000
1 45105U          19301.68263889  .00000000  00000-0  00000-0 0 00000
2 45105 097.7360 062.180  0000000 000.0000 089.6290 15.01920000000000
1 45105U          19301.93541667  .00000000  00000-0  00000-0 0 00000
2 45105 097.7360 062.430  0000000 000.0000 014.6290 15.01920000000000
1 45105U          19302.27291667  .00000000  00000-0  00000-0 0 00000
2 45105 097.7370 062.762  0000000 000.0000 037.1300 15.01920000000000
1 45105U          19302.59583333  .00000000  00000-0  00000-0 0 00000
2 45105 097.7370 063.081  0000000 000.0000 340.8810 15.01920000000000
1 45105U          19303.03611111  .00000000  00000-0  00000-0 0 00000
2 45105 097.7370 063.515  0000000 000.0000 198.3810 15.01920000000000
1 45105U          19303.28541667  .00000000  00000-0  00000-0 0 00000
2 45105 097.7370 063.760  0000000 000.0000 104.6320 15.01920000000000
1 45105U          19303.61388889  .00000000  00000-0  00000-0 0 00000
2 45105 097.7380 064.084  0000000 000.0000 078.3820 15.01920000000000
1 45105U          19304.07708333  .00000000  00000-0  00000-0 0 00000
2 45105 097.7380 064.541  0000000 000.0000 059.6330 15.01920000000000
1 45105U          19304.38263889  .00000000  00000-0  00000-0 0 00000
2 45105 097.7380 064.842  0000000 000.0000 269.6340 15.01920000000000
1 45105U          19304.68680556  .00000000  00000-0  00000-0 0 00000
2 45105 097.7390 065.142  0000000 000.0000 112.1340 15.01920000000000
1 45105U          19305.04791667  .00000000  00000-0  00000-0 0 00000
2 45105 097.7390 065.498  0000000 000.0000 262.1350 15.01920000000000
1 45105U          19305.31458333  .00000000  00000-0  00000-0 0 00000
2 45105 097.7390 065.761  0000000 000.0000 262.1350 15.01920000000000
1 45105U          19305.59583333  .00000000  00000-0  00000-0 0 00000
2 45105 097.7390 066.038  0000000 000.0000 340.8860 15.01920000000000
1 45105U          19306.05277778  .00000000  00000-0  00000-0 0 00000
2 45105 097.7400 066.489  0000000 000.0000 288.3870 15.01920000000000
1 45105U          19306.34722222  .00000000  00000-0  00000-0 0 00000
2 45105 097.7400 066.779  0000000 000.0000 078.3870 15.01920000000000
1 45105U          19306.61180556  .00000000  00000-0  00000-0 0 00000
2 45105 097.7400 067.040  0000000 000.0000 067.1380 15.01920000000000
1 45105U          19307.01111111  .00000000  00000-0  00000-0 0 00000
2 45105 097.7400 067.433  0000000 000.0000 063.3880 15.01920000000000
1 45105U          19307.41597222  .00000000  00000-0  00000-0 0 00000
2 45105 097.7410 067.833  0000000 000.0000 089.6390 15.01920000000000
1 45105U          19307.58680556  .00000000  00000-0  00000-0 0 00000
2 45105 097.7410 068.001  0000000 000.0000 292.1390 15.01920000000000
1 45105U          19307.98750000  .00000000  00000-0  00000-0 0 00000
2 45105 097.7410 068.396  0000000 000.0000 295.8900 15.01920000000000
1 45105U          19308.31597222  .00000000  00000-0  00000-0 0 00000
2 45105 097.7410 068.720  0000000 000.0000 269.6410 15.01920000000000
1 45105U          19308.69305556  .00000000  00000-0  00000-0 0 00000
2 45105 097.7410 069.092  0000000 000.0000 145.8910 15.01920000000000
1 45105U          19308.97222222  .00000000  00000-0  00000-0 0 00000
2 45105 097.7420 069.367  0000000 000.0000 213.3920 15.01920000000000
1 45105U          19309.39027778  .00000000  00000-0  00000-0 0 00000
2 45105 097.7420 069.779  0000000 000.0000 310.8930 15.01920000000000
1 45105U          19309.73263889  .00000000  00000-0  00000-0 0 00000
2 45105 097.7420 070.116  0000000 000.0000 359.6430 15.01920000000000
1 45105U          19309.93958333  .00000000  00000-0  00000-0 0 00000
2 45105 097.7420 070.320  0000000 000.0000 037.1440 15.01920000000000
1 45105U          19310.28402778  .00000000  00000-0  00000-0 0 00000
2 45105 097.7420 070.660  0000000 000.0000 097.1440 15.01920000000000
1 45105U          19310.68541667  .00000000  00000-0  00000-0 0 00000
2 45105 097.7430 071.056  0000000 000.0000 104.6450 15.01920000000000
1 45105U          19311.07083333  .00000000  00000-0  00000-0 0 00000
2 45105 097.7430 071.436  0000000 000.0000 025.8960 15.01920000000000
1 45105U          19311.25486111  .00000000  00000-0  00000-0 0 00000
2 45105 097.7430 071.617  0000000 000.0000 299.6460 15.01920000000000
1 45105U          19311.71111111  .00000000  00000-0  00000-0 0 00000
2 45105 097.7430 072.067  0000000 000.0000 243.3970 15.01920000000000
1 45105U          19311.91111111  .00000000  00000-0  00000-0 0 00000
2 45105 097.7430 072.264  0000000 000.0000 243.3970 15.01914300000000
1 45105U          19312.15694444  .00000000  00000-0  00000-0 0 00000
2 45105 097.7430 072.506  0000000 000.0000 130.8980 15.01914300000000
1 45105U          19312.52708333  .00000000  00000-0  00000-0 0 00000
2 45105 097.7440 072.871  0000000 000.0000 329.6480 15.01914300000000
1 45105U          19312.84305556  .00000000  00000-0  00000-0 0 00000
2 45105 097.7440 073.183  0000000 000.0000 235.8990 15.01914300000000
1 45105U          19313.31041667  .00000000  00000-0  00000-0 0 00000
2 45105 097.7440 073.644  0000000 000.0000 239.6500 15.01914300000000
1 45105U          19313.63611111  .00000000  00000-0  00000-0 0 00000
2 45105 097.7440 073.965  0000000 000.0000 198.4000 15.01914300000000
1 45105U          19313.97708333  .00000000  00000-0  00000-0 0 00000
2 45105 097.7440 074.301  0000000 000.0000 239.6510 15.01914300000000
1 45105U          19314.16805556  .00000000  00000-0  00000-0 0 00000
2 45105 097.7450 074.489  0000000 000.0000 190.9010 15.01914300000000
1 45105U          19314.48958333  .00000000  00000-0  00000-0 0 00000
2 45105 097.7450 074.806  0000000 000.0000 127.1520 15.01914300000000
1 45105U          19314.90902778  .00000000  00000-0  00000-0 0 00000
2 45105 097.7450 075.220  0000000 000.0000 232.1530 15.01914300000000
1 45105U          19315.17083333  .00000000  00000-0  00000-0 0 00000
2 45105 097.7450 075.478  0000000 000.0000 205.9030 15.01914300000000
1 45105U          19315.62152778  .00000000  00000-0  00000-0 0 00000
2 45105 097.7450 075.922  0000000 000.0000 119.6540 15.01914300000000
1 45105U          19315.82083333  .00000000  00000-0  00000-0 0 00000
2 45105 097.7450 076.118  0000000 000.0000 115.9040 15.01914300000000
1 45105U          19316.27152778  .00000000  00000-0  00000-0 0 00000
2 45105 097.7450 076.563  0000000 000.0000 029.6550 15.01914300000000
1 45105U          19316.61666667  .00000000  00000-0  00000-0 0 00000
2 45105 097.7460 076.903  0000000 000.0000 093.4060 15.01914300000000
1 45105U          19316.97291667  .00000000  00000-0  00000-0 0 00000
2 45105 097.7460 077.254  0000000 000.0000 217.1570 15.01914300000000
1 45105U          19317.22083333  .00000000  00000-0  00000-0 0 00000
2 45105 097.7460 077.499  0000000 000.0000 115.9070 15.01914300000000
1 45105U          19317.55486111  .00000000  00000-0  00000-0 0 00000
2 45105 097.7460 077.828  0000000 000.0000 119.6580 15.01914300000000
1 45105U          19317.82916667  .00000000  00000-0  00000-0 0 00000
2 45105 097.7460 078.098  0000000 000.0000 160.9080 15.01914300000000
1 45105U          19318.15902778  .00000000  00000-0  00000-0 0 00000
2 45105 097.7460 078.424  0000000 000.0000 142.1590 15.01914300000000
1 45105U          19318.62152778  .00000000  00000-0  00000-0 0 00000
2 45105 097.7460 078.879  0000000 000.0000 119.6600 15.01914300000000
1 45105U          19318.89583333  .00000000  00000-0  00000-0 0 00000
2 45105 097.7460 079.150  0000000 000.0000 160.9100 15.01914300000000
1 45105U          19318.91180556  .00000000  00000-0  00000-0 0 00000
2 45105 097.7460 079.166  0000000 000.0000 247.1600 15.01914300000000
1 45105U          19319.26180556  .00000000  00000-0  00000-0 0 00000
2 45105 097.7470 079.511  0000000 000.0000 337.1610 15.01914300000000
1 45105U          19319.51736111  .00000000  00000-0  00000-0 0 00000
2 45105 097.7470 079.763  0000000 000.0000 277.1610 15.01914300000000
1 45105U          19319.81319444  .00000000  00000-0  00000-0 0 00000
2 45105 097.7470 080.054  0000000 000.0000 074.6620 15.01914300000000
1 45105U          19320.17291667  .00000000  00000-0  00000-0 0 00000
2 45105 097.7470 080.409  0000000 000.0000 217.1630 15.01914300000000
1 45105U          19320.57430556  .00000000  00000-0  00000-0 0 00000
2 45105 097.7470 080.805  0000000 000.0000 224.6630 15.01914300000000
1 45105U          19320.87361111  .00000000  00000-0  00000-0 0 00000
2 45105 097.7470 081.100  0000000 000.0000 040.9140 15.01914300000000
1 45105U          19321.20347222  .00000000  00000-0  00000-0 0 00000
2 45105 097.7470 081.425  0000000 000.0000 022.1640 15.01914300000000
1 45105U          19321.64166667  .00000000  00000-0  00000-0 0 00000
2 45105 097.7470 081.857  0000000 000.0000 228.4150 15.01914300000000
1 45105U          19321.83680556  .00000000  00000-0  00000-0 0 00000
2 45105 097.7470 082.049  0000000 000.0000 202.1660 15.01914300000000
1 45105U          19322.30069444  .00000000  00000-0  00000-0 0 00000
2 45105 097.7470 082.507  0000000 000.0000 187.1670 15.01914300000000
1 45105U          19322.47986111  .00000000  00000-0  00000-0 0 00000
2 45105 097.7470 082.683  0000000 000.0000 074.6670 15.01914300000000
1 45105U          19322.82013889  .00000000  00000-0  00000-0 0 00000
2 45105 097.7480 083.019  0000000 000.0000 112.1680 15.01914300000000
1 45105U          19323.20625000  .00000000  00000-0  00000-0 0 00000
2 45105 097.7480 083.399  0000000 000.0000 037.1680 15.01914300000000
1 45105U          19323.58125000  .00000000  00000-0  00000-0 0 00000
2 45105 097.7480 083.769  0000000 000.0000 262.1690 15.01914300000000
1 45105U          19323.90833333  .00000000  00000-0  00000-0 0 00000
2 45105 097.7480 084.092  0000000 000.0000 228.4200 15.01914300000000
1 45105U          19324.29166667  .00000000  00000-0  00000-0 0 00000
2 45105 097.7480 084.469  0000000 000.0000 138.4200 15.01914300000000
1 45105U          19324.58611111  .00000000  00000-0  00000-0 0 00000
2 45105 097.7480 084.760  0000000 000.0000 288.4210 15.01914300000000
1 45105U          19324.88541667  .00000000  00000-0  00000-0 0 00000
2 45105 097.7480 085.055  0000000 000.0000 104.6720 15.01914300000000
1 45105U          19325.15138889  .00000000  00000-0  00000-0 0 00000
2 45105 097.7480 085.317  0000000 000.0000 100.9220 15.01914300000000
1 45105U          19325.62916667  .00000000  00000-0  00000-0 0 00000
2 45105 097.7480 085.788  0000000 000.0000 160.9230 15.01914300000000
1 45105U          19325.83125000  .00000000  00000-0  00000-0 0 00000
2 45105 097.7480 085.987  0000000 000.0000 172.1730 15.01914300000000
1 45105U          19325.89583333  .00000000  00000-0  00000-0 0 00000
2 45105 097.7480 086.051  0000000 000.0000 160.9230 15.01914300000000
1 45105U          19326.26736111  .00000000  00000-0  00000-0 0 00000
2 45105 097.7480 086.417  0000000 000.0000 007.1740 15.01914300000000
1 45105U          19326.64027778  .00000000  00000-0  00000-0 0 00000
2 45105 097.7480 086.785  0000000 000.0000 220.9250 15.01914300000000
1 45105U          19326.85555556  .00000000  00000-0  00000-0 0 00000
2 45105 097.7480 086.997  0000000 000.0000 303.4250 15.01914300000000
1 45105U          19327.18055556  .00000000  00000-0  00000-0 0 00000
2 45105 097.7480 087.317  0000000 000.0000 258.4260 15.01914300000000
1 45105U          19327.49444444  .00000000  00000-0  00000-0 0 00000
2 45105 097.7480 087.627  0000000 000.0000 153.4260 15.01914300000000
1 45105U          19327.93055556  .00000000  00000-0  00000-0 0 00000
2 45105 097.7480 088.057  0000000 000.0000 348.4270 15.01914300000000
1 45105U          19328.27430556  .00000000  00000-0  00000-0 0 00000
2 45105 097.7480 088.396  0000000 000.0000 044.6780 15.01914300000000
1 45105U          19328.55763889  .00000000  00000-0  00000-0 0 00000
2 45105 097.7480 088.675  0000000 000.0000 134.6790 15.01914300000000
1 45105U          19328.97708333  .00000000  00000-0  00000-0 0 00000
2 45105 097.7480 089.089  0000000 000.0000 239.6790 15.01914300000000
1 45105U          19329.17152778  .00000000  00000-0  00000-0 0 00000
2 45105 097.7480 089.280  0000000 000.0000 209.6800 15.01914300000000
1 45105U          19329.57291667  .00000000  00000-0  00000-0 0 00000
2 45105 097.7480 089.676  0000000 000.0000 217.1800 15.01914300000000
1 45105U          19329.89722222  .00000000  00000-0  00000-0 0 00000
2 45105 097.7480 089.996  0000000 000.0000 168.4310 15.01914300000000
1 45105U          19330.30833333  .00000000  00000-0  00000-0 0 00000
2 45105 097.7480 090.401  0000000 000.0000 228.4320 15.01914300000000
1 45105U          19330.49305556  .00000000  00000-0  00000-0 0 00000
2 45105 097.7480 090.583  0000000 000.0000 145.9320 15.01914300000000
1 45105U          19330.86319444  .00000000  00000-0  00000-0 0 00000
2 45105 097.7480 090.948  0000000 000.0000 344.6830 15.01914300000000
1 45105U          19331.20555556  .00000000  00000-0  00000-0 0 00000
2 45105 097.7480 091.286  0000000 000.0000 033.4340 15.01914300000000
1 45105U          19331.63402778  .00000000  00000-0  00000-0 0 00000
2 45105 097.7480 091.708  0000000 000.0000 187.1840 15.01914300000000
1 45105U          19331.94027778  .00000000  00000-0  00000-0 0 00000
2 45105 097.7480 092.010  0000000 000.0000 040.9350 15.01914300000000
1 45105U          19332.28055556  .00000000  00000-0  00000-0 0 00000
2 45105 097.7480 092.345  0000000 000.0000 078.4360 15.01914300000000
1 45105U          19332.63958333  .00000000  00000-0  00000-0 0 00000
2 45105 097.7480 092.699  0000000 000.0000 217.1860 15.01914300000000
1 45105U          19332.89583333  .00000000  00000-0  00000-0 0 00000
2 45105 097.7480 092.952  0000000 000.0000 160.9370 15.01914300000000
