1 45268U          19281.94375000  .00000000  00000-0  00000-0 0 00000
2 45268 097.7410 68.4410 0000000 000.0000 159.0680 00.06258000000000
1 45268U          19282.36527778  .00000000  00000-0  00000-0 0 00000
2 45268 097.7410 68.8570 0000000 000.0000 275.3180 00.06258000000000
1 45268U          19282.73194444  .00000000  00000-0  00000-0 0 00000
2 45268 097.7410 69.2180 0000000 000.0000 095.3190 00.06258000000000
1 45268U          19282.91944444  .00000000  00000-0  00000-0 0 00000
2 45268 097.7420 69.4030 0000000 000.0000 027.8190 00.06258000000000
1 45268U          19283.35138889  .00000000  00000-0  00000-0 0 00000
2 45268 097.7420 69.8290 0000000 000.0000 200.3200 00.06258000000000
1 45268U          19283.73750000  .00000000  00000-0  00000-0 0 00000
2 45268 097.7420 70.2100 0000000 000.0000 125.3210 00.06258000000000
1 45268U          19283.99513889  .00000000  00000-0  00000-0 0 00000
2 45268 097.7420 70.4640 0000000 000.0000 076.5710 00.06258000000000
1 45268U          19284.26805556  .00000000  00000-0  00000-0 0 00000
2 45268 097.7420 70.7330 0000000 000.0000 110.3220 00.06258000000000
1 45268U          19284.74375000  .00000000  00000-0  00000-0 0 00000
2 45268 097.7430 71.2020 0000000 000.0000 159.0730 00.06258000000000
1 45268U          19284.99861111  .00000000  00000-0  00000-0 0 00000
2 45268 097.7430 71.4530 0000000 000.0000 095.3230 00.06258000000000
1 45268U          19285.30000000  .00000000  00000-0  00000-0 0 00000
2 45268 097.7430 71.7500 0000000 000.0000 282.8240 00.06258000000000
1 45268U          19285.70347222  .00000000  00000-0  00000-0 0 00000
2 45268 097.7430 72.1480 0000000 000.0000 301.5750 00.06258000000000
1 45268U          19285.98333333  .00000000  00000-0  00000-0 0 00000
2 45268 097.7430 72.4240 0000000 000.0000 012.8250 00.06258000000000
1 45268U          19286.25972222  .00000000  00000-0  00000-0 0 00000
2 45268 097.7440 72.6960 0000000 000.0000 065.3260 00.06258000000000
1 45268U          19286.61458333  .00000000  00000-0  00000-0 0 00000
2 45268 097.7440 73.0460 0000000 000.0000 181.5760 00.06258000000000
1 45268U          19287.04375000  .00000000  00000-0  00000-0 0 00000
2 45268 097.7440 73.4690 0000000 000.0000 339.0770 00.06258000000000
1 45268U          19287.37152778  .00000000  00000-0  00000-0 0 00000
2 45268 097.7440 73.7920 0000000 000.0000 309.0780 00.06258000000000
1 45268U          19287.63888889  .00000000  00000-0  00000-0 0 00000
2 45268 097.7440 74.0560 0000000 000.0000 312.8280 00.06258000000000
1 45268U          19288.02777778  .00000000  00000-0  00000-0 0 00000
2 45268 097.7440 74.4390 0000000 000.0000 252.8290 00.06258000000000
1 45268U          19288.30416667  .00000000  00000-0  00000-0 0 00000
2 45268 097.7450 74.7120 0000000 000.0000 305.3290 00.06258000000000
1 45268U          19288.63541667  .00000000  00000-0  00000-0 0 00000
2 45268 097.7450 75.0380 0000000 000.0000 294.0800 00.06258000000000
1 45268U          19288.97361111  .00000000  00000-0  00000-0 0 00000
2 45268 097.7450 75.3720 0000000 000.0000 320.3310 00.06258000000000
1 45268U          19289.32638889  .00000000  00000-0  00000-0 0 00000
2 45268 097.7450 75.7190 0000000 000.0000 065.3310 00.06258000000000
1 45268U          19289.62638889  .00000000  00000-0  00000-0 0 00000
2 45268 097.7450 76.0150 0000000 000.0000 245.3320 00.06258000000000
1 45268U          19289.95763889  .00000000  00000-0  00000-0 0 00000
2 45268 097.7450 76.3420 0000000 000.0000 234.0820 00.06258000000000
1 45268U          19290.35208333  .00000000  00000-0  00000-0 0 00000
2 45268 097.7460 76.7310 0000000 000.0000 204.0830 00.06258000000000
1 45268U          19290.59513889  .00000000  00000-0  00000-0 0 00000
2 45268 097.7460 76.9700 0000000 000.0000 076.5840 00.06258000000000
1 45268U          19290.92013889  .00000000  00000-0  00000-0 0 00000
2 45268 097.7460 77.2910 0000000 000.0000 031.5840 00.06258000000000
1 45268U          19291.41388889  .00000000  00000-0  00000-0 0 00000
2 45268 097.7460 77.7770 0000000 000.0000 177.8350 00.06258000000000
1 45268U          19291.66597222  .00000000  00000-0  00000-0 0 00000
2 45268 097.7460 78.0260 0000000 000.0000 099.0860 00.06258000000000
1 45268U          19291.96388889  .00000000  00000-0  00000-0 0 00000
2 45268 097.7460 78.3200 0000000 000.0000 267.8360 00.06258000000000
1 45268U          19292.35625000  .00000000  00000-0  00000-0 0 00000
2 45268 097.7460 78.7060 0000000 000.0000 226.5870 00.06258000000000
1 45268U          19292.68750000  .00000000  00000-0  00000-0 0 00000
2 45268 097.7460 79.0330 0000000 000.0000 215.3370 00.06258000000000
1 45268U          19293.03125000  .00000000  00000-0  00000-0 0 00000
2 45268 097.7470 79.3720 0000000 000.0000 271.5880 00.06258000000000
1 45268U          19293.30486111  .00000000  00000-0  00000-0 0 00000
2 45268 097.7470 79.6420 0000000 000.0000 309.0890 00.06258000000000
1 45268U          19293.58750000  .00000000  00000-0  00000-0 0 00000
2 45268 097.7470 79.9200 0000000 000.0000 035.3390 00.06258000000000
1 45268U          19294.06319444  .00000000  00000-0  00000-0 0 00000
2 45268 097.7470 80.3890 0000000 000.0000 084.0900 00.06258000000000
1 45268U          19294.25833333  .00000000  00000-0  00000-0 0 00000
2 45268 097.7470 80.5820 0000000 000.0000 057.8400 00.06258000000000
1 45268U          19294.68680556  .00000000  00000-0  00000-0 0 00000
2 45268 097.7470 81.0040 0000000 000.0000 211.5910 00.06258000000000
1 45268U          19294.92708333  .00000000  00000-0  00000-0 0 00000
2 45268 097.7470 81.2410 0000000 000.0000 069.0920 00.06258000000000
1 45268U          19295.25902778  .00000000  00000-0  00000-0 0 00000
2 45268 097.7470 81.5680 0000000 000.0000 061.5920 00.06258000000000
1 45268U          19295.71111111  .00000000  00000-0  00000-0 0 00000
2 45268 097.7470 82.0140 0000000 000.0000 342.8430 00.06258000000000
1 45268U          19296.03333333  .00000000  00000-0  00000-0 0 00000
2 45268 097.7470 82.3320 0000000 000.0000 282.8440 00.06258000000000
1 45268U          19296.40347222  .00000000  00000-0  00000-0 0 00000
2 45268 097.7470 82.6960 0000000 000.0000 121.5950 00.06258000000000
1 45268U          19296.70486111  .00000000  00000-0  00000-0 0 00000
2 45268 097.7480 82.9940 0000000 000.0000 309.0950 00.06258000000000
1 45268U          19297.05486111  .00000000  00000-0  00000-0 0 00000
2 45268 097.7480 83.3390 0000000 000.0000 039.0960 00.06258000000000
1 45268U          19297.30763889  .00000000  00000-0  00000-0 0 00000
2 45268 097.7480 83.5880 0000000 000.0000 324.0960 00.06258000000000
1 45268U          19297.74097222  .00000000  00000-0  00000-0 0 00000
2 45268 097.7480 84.0150 0000000 000.0000 144.0970 00.06258000000000
1 45268U          19298.02361111  .00000000  00000-0  00000-0 0 00000
2 45268 097.7480 84.2940 0000000 000.0000 230.3480 00.06258000000000
1 45268U          19298.40000000  .00000000  00000-0  00000-0 0 00000
2 45268 097.7480 84.6650 0000000 000.0000 102.8480 00.06258000000000
1 45268U          19298.68888889  .00000000  00000-0  00000-0 0 00000
2 45268 097.7480 84.9500 0000000 000.0000 222.8490 00.06258000000000
1 45268U          19299.07361111  .00000000  00000-0  00000-0 0 00000
2 45268 097.7480 85.3290 0000000 000.0000 140.3500 00.06258000000000
1 45268U          19299.38819444  .00000000  00000-0  00000-0 0 00000
2 45268 097.7480 85.6390 0000000 000.0000 039.1000 00.06258000000000
1 45268U          19299.69861111  .00000000  00000-0  00000-0 0 00000
2 45268 097.7480 85.9450 0000000 000.0000 275.3510 00.06258000000000
1 45268U          19300.03541667  .00000000  00000-0  00000-0 0 00000
2 45268 097.7480 86.2770 0000000 000.0000 294.1010 00.06258000000000
1 45268U          19300.36388889  .00000000  00000-0  00000-0 0 00000
2 45268 097.7480 86.6010 0000000 000.0000 267.8520 00.06258000000000
1 45268U          19300.63333333  .00000000  00000-0  00000-0 0 00000
2 45268 097.7480 86.8660 0000000 000.0000 282.8530 00.06258000000000
1 45268U          19300.98888889  .00000000  00000-0  00000-0 0 00000
2 45268 097.7480 87.2170 0000000 000.0000 042.8530 00.06258000000000
1 45268U          19301.28750000  .00000000  00000-0  00000-0 0 00000
2 45268 097.7480 87.5110 0000000 000.0000 215.3540 00.06258000000000
1 45268U          19301.60555556  .00000000  00000-0  00000-0 0 00000
2 45268 097.7480 87.8250 0000000 000.0000 132.8540 00.06258000000000
1 45268U          19302.04583333  .00000000  00000-0  00000-0 0 00000
2 45268 097.7480 88.2590 0000000 000.0000 350.3550 00.06258000000000
1 45268U          19302.28333333  .00000000  00000-0  00000-0 0 00000
2 45268 097.7480 88.4930 0000000 000.0000 192.8560 00.06258000000000
1 45268U          19302.67222222  .00000000  00000-0  00000-0 0 00000
2 45268 097.7480 88.8770 0000000 000.0000 132.8560 00.06258000000000
1 45268U          19303.00833333  .00000000  00000-0  00000-0 0 00000
2 45268 097.7480 89.2080 0000000 000.0000 147.8570 00.06258000000000
1 45268U          19303.40069444  .00000000  00000-0  00000-0 0 00000
2 45268 097.7480 89.5950 0000000 000.0000 106.6080 00.06258000000000
1 45268U          19303.66458333  .00000000  00000-0  00000-0 0 00000
2 45268 097.7480 89.8550 0000000 000.0000 091.6080 00.06258000000000
1 45268U          19303.99583333  .00000000  00000-0  00000-0 0 00000
2 45268 097.7480 90.1810 0000000 000.0000 080.3590 00.06258000000000
1 45268U          19304.37083333  .00000000  00000-0  00000-0 0 00000
2 45268 097.7480 90.5510 0000000 000.0000 305.3600 00.06258000000000
1 45268U          19304.73194444  .00000000  00000-0  00000-0 0 00000
2 45268 097.7480 90.9070 0000000 000.0000 095.3600 00.06258000000000
1 45268U          19305.06111111  .00000000  00000-0  00000-0 0 00000
2 45268 097.7480 91.2320 0000000 000.0000 072.8610 00.06258000000000
1 45268U          19305.28680556  .00000000  00000-0  00000-0 0 00000
2 45268 097.7480 91.4540 0000000 000.0000 211.6110 00.06258000000000
1 45268U          19305.67222222  .00000000  00000-0  00000-0 0 00000
2 45268 097.7480 91.8340 0000000 000.0000 132.8620 00.06258000000000
1 45268U          19306.02777778  .00000000  00000-0  00000-0 0 00000
2 45268 097.7480 92.1850 0000000 000.0000 252.8630 00.06258000000000
1 45268U          19306.33541667  .00000000  00000-0  00000-0 0 00000
2 45268 097.7480 92.4880 0000000 000.0000 114.1140 00.06258000000000
1 45268U          19306.59861111  .00000000  00000-0  00000-0 0 00000
2 45268 097.7480 92.7470 0000000 000.0000 095.3640 00.06258000000000
1 45268U          19307.04791667  .00000000  00000-0  00000-0 0 00000
2 45268 097.7480 93.1900 0000000 000.0000 001.6150 00.06258000000000
1 45268U          19307.41458333  .00000000  00000-0  00000-0 0 00000
2 45268 097.7480 93.5520 0000000 000.0000 181.6160 00.06258000000000
1 45268U          19307.74791667  .00000000  00000-0  00000-0 0 00000
2 45268 097.7480 93.8800 0000000 000.0000 181.6160 00.06258000000000
1 45268U          19307.95694444  .00000000  00000-0  00000-0 0 00000
2 45268 097.7480 94.0870 0000000 000.0000 230.3670 00.06258000000000
1 45268U          19308.36319444  .00000000  00000-0  00000-0 0 00000
2 45268 097.7480 94.4870 0000000 000.0000 264.1170 00.06258000000000
1 45268U          19308.63263889  .00000000  00000-0  00000-0 0 00000
2 45268 097.7480 94.7530 0000000 000.0000 279.1180 00.06258000000000
1 45268U          19308.94513889  .00000000  00000-0  00000-0 0 00000
2 45268 097.7480 95.0610 0000000 000.0000 166.6180 00.06258000000000
1 45268U          19309.40694444  .00000000  00000-0  00000-0 0 00000
2 45268 097.7480 95.5160 0000000 000.0000 140.3690 00.06258000000000
1 45268U          19309.62916667  .00000000  00000-0  00000-0 0 00000
2 45268 097.7480 95.7350 0000000 000.0000 260.3700 00.06258000000000
1 45268U          19309.96944444  .00000000  00000-0  00000-0 0 00000
2 45268 097.7480 96.0710 0000000 000.0000 297.8700 00.06258000000000
1 45268U          19310.40000000  .00000000  00000-0  00000-0 0 00000
2 45268 097.7470 96.4950 0000000 000.0000 102.8710 00.06258000000000
1 45268U          19310.61527778  .00000000  00000-0  00000-0 0 00000
2 45268 097.7470 96.7070 0000000 000.0000 185.3720 00.06258000000000
1 45268U          19311.05694444  .00000000  00000-0  00000-0 0 00000
2 45268 097.7470 97.1430 0000000 000.0000 050.3730 00.06258000000000
1 45268U          19311.30625000  .00000000  00000-0  00000-0 0 00000
2 45268 097.7470 97.3880 0000000 000.0000 316.6230 00.06258000000000
1 45268U          19311.64375000  .00000000  00000-0  00000-0 0 00000
2 45268 097.7470 97.7210 0000000 000.0000 339.1240 00.06258000000000
1 45268U          19311.89583333  .00000000  00000-0  00000-0 0 00000
2 45268 097.7470 97.9700 0000000 000.0000 260.3740 15.01914300000000
1 45268U          19312.20138889  .00000000  00000-0  00000-0 0 00000
2 45268 097.7470 98.2710 0000000 000.0000 110.3750 15.01914300000000
1 45268U          19312.47916667  .00000000  00000-0  00000-0 0 00000
2 45268 097.7470 98.5450 0000000 000.0000 170.3750 15.01914300000000
1 45268U          19312.91041667  .00000000  00000-0  00000-0 0 00000
2 45268 097.7470 98.9700 0000000 000.0000 339.1260 15.01914300000000
1 45268U          19313.27638889  .00000000  00000-0  00000-0 0 00000
2 45268 097.7470 99.3310 0000000 000.0000 155.3770 15.01914300000000
1 45268U          19313.57013889  .00000000  00000-0  00000-0 0 00000
2 45268 097.7470 99.6200 0000000 000.0000 301.6270 15.01914300000000
1 45268U          19313.86111111  .00000000  00000-0  00000-0 0 00000
2 45268 097.7470 99.9070 0000000 000.0000 072.8780 15.01914300000000
1 45268U          19314.25486111  .00000000  00000-0  00000-0 0 00000
2 45268 097.7460 100.2950 0000000 000.0000 039.1290 15.01914300000000
1 45268U          19314.57152778  .00000000  00000-0  00000-0 0 00000
2 45268 097.7460 100.6080 0000000 000.0000 309.1290 15.01914300000000
1 45268U          19314.94930556  .00000000  00000-0  00000-0 0 00000
2 45268 097.7460 100.9800 0000000 000.0000 189.1300 15.01914300000000
1 45268U          19315.18402778  .00000000  00000-0  00000-0 0 00000
2 45268 097.7460 101.2110 0000000 000.0000 016.6300 15.01914300000000
1 45268U          19315.60555556  .00000000  00000-0  00000-0 0 00000
2 45268 097.7460 101.6270 0000000 000.0000 132.8810 15.01914300000000
1 45268U          19315.87083333  .00000000  00000-0  00000-0 0 00000
2 45268 097.7460 101.8890 0000000 000.0000 125.3820 15.01914300000000
1 45268U          19316.16111111  .00000000  00000-0  00000-0 0 00000
2 45268 097.7460 102.1750 0000000 000.0000 252.8820 15.01914300000000
1 45268U          19316.55000000  .00000000  00000-0  00000-0 0 00000
2 45268 097.7460 102.5580 0000000 000.0000 192.8830 15.01914300000000
1 45268U          19316.93263889  .00000000  00000-0  00000-0 0 00000
2 45268 097.7450 102.9350 0000000 000.0000 099.1340 15.01914300000000
1 45268U          19317.24861111  .00000000  00000-0  00000-0 0 00000
2 45268 097.7450 103.2470 0000000 000.0000 005.3840 15.01914300000000
1 45268U          19317.61111111  .00000000  00000-0  00000-0 0 00000
2 45268 097.7450 103.6040 0000000 000.0000 162.8850 15.01914300000000
1 45268U          19317.82291667  .00000000  00000-0  00000-0 0 00000
2 45268 097.7450 103.8130 0000000 000.0000 226.6350 15.01914300000000
1 45268U          19318.18055556  .00000000  00000-0  00000-0 0 00000
2 45268 097.7450 104.1660 0000000 000.0000 357.8860 15.01914300000000
1 45268U          19318.58541667  .00000000  00000-0  00000-0 0 00000
2 45268 097.7450 104.5650 0000000 000.0000 024.1370 15.01914300000000
1 45268U          19318.89583333  .00000000  00000-0  00000-0 0 00000
2 45268 097.7440 104.8710 0000000 000.0000 260.3870 15.01914300000000
1 45268U          19318.96736111  .00000000  00000-0  00000-0 0 00000
2 45268 097.7440 104.9410 0000000 000.0000 286.6370 15.01914300000000
1 45268U          19319.28888889  .00000000  00000-0  00000-0 0 00000
2 45268 097.7440 105.2580 0000000 000.0000 222.8880 15.01914300000000
1 45268U          19319.59305556  .00000000  00000-0  00000-0 0 00000
2 45268 097.7440 105.5580 0000000 000.0000 065.3890 15.01914300000000
1 45268U          19319.92916667  .00000000  00000-0  00000-0 0 00000
2 45268 097.7440 105.8890 0000000 000.0000 080.3890 15.01914300000000
1 45268U          19320.31041667  .00000000  00000-0  00000-0 0 00000
2 45268 097.7440 106.2650 0000000 000.0000 339.1400 15.01914300000000
1 45268U          19320.57847222  .00000000  00000-0  00000-0 0 00000
2 45268 097.7440 106.5300 0000000 000.0000 346.6400 15.01914300000000
1 45268U          19320.91875000  .00000000  00000-0  00000-0 0 00000
2 45268 097.7430 106.8650 0000000 000.0000 024.1410 15.01914300000000
1 45268U          19321.16458333  .00000000  00000-0  00000-0 0 00000
2 45268 097.7430 107.1070 0000000 000.0000 271.6410 15.01914300000000
1 45268U          19321.54722222  .00000000  00000-0  00000-0 0 00000
2 45268 097.7430 107.4850 0000000 000.0000 177.8920 15.01914300000000
1 45268U          19321.91875000  .00000000  00000-0  00000-0 0 00000
2 45268 097.7430 107.8510 0000000 000.0000 024.1430 15.01914300000000
1 45268U          19322.27708333  .00000000  00000-0  00000-0 0 00000
2 45268 097.7430 108.2040 0000000 000.0000 159.1430 15.01914300000000
1 45268U          19322.61944444  .00000000  00000-0  00000-0 0 00000
2 45268 097.7420 108.5420 0000000 000.0000 207.8940 15.01914300000000
1 45268U          19322.94305556  .00000000  00000-0  00000-0 0 00000
2 45268 097.7420 108.8610 0000000 000.0000 155.3950 15.01914300000000
1 45268U          19323.28472222  .00000000  00000-0  00000-0 0 00000
2 45268 097.7420 109.1970 0000000 000.0000 200.3950 15.01914300000000
1 45268U          19323.59930556  .00000000  00000-0  00000-0 0 00000
2 45268 097.7420 109.5080 0000000 000.0000 099.1460 15.01914300000000
1 45268U          19323.91944444  .00000000  00000-0  00000-0 0 00000
2 45268 097.7420 109.8230 0000000 000.0000 027.8960 15.01914300000000
1 45268U          19324.30694444  .00000000  00000-0  00000-0 0 00000
2 45268 097.7410 110.2050 0000000 000.0000 320.3970 15.01914300000000
1 45268U          19324.50138889  .00000000  00000-0  00000-0 0 00000
2 45268 097.7410 110.3970 0000000 000.0000 290.3970 15.01914300000000
1 45268U          19324.88888889  .00000000  00000-0  00000-0 0 00000
2 45268 097.7410 110.7790 0000000 000.0000 222.8980 15.01914300000000
1 45268U          19325.24166667  .00000000  00000-0  00000-0 0 00000
2 45268 097.7410 111.1270 0000000 000.0000 327.8990 15.01914300000000
1 45268U          19325.56319444  .00000000  00000-0  00000-0 0 00000
2 45268 097.7410 111.4440 0000000 000.0000 264.1490 15.01914300000000
1 45268U          19325.81527778  .00000000  00000-0  00000-0 0 00000
2 45268 097.7400 111.6920 0000000 000.0000 185.4000 15.01914300000000
1 45268U          19325.89583333  .00000000  00000-0  00000-0 0 00000
2 45268 097.7400 111.7720 0000000 000.0000 260.4000 15.01914300000000
1 45268U          19326.27638889  .00000000  00000-0  00000-0 0 00000
2 45268 097.7410 112.1320 0023340 256.9530 216.2410 14.69163700000000
1 45268U          19326.51180556  .00000000  00000-0  00000-0 0 00000
2 45268 097.7420 112.3510 0016720 159.6600 115.4550 14.70014200000000
1 45268U          19326.91944444  .00000000  00000-0  00000-0 0 00000
2 45268 097.7390 112.7280 0013730 153.7150 111.8470 14.70032400000000
1 45268U          19327.27916667  .00000000  00000-0  00000-0 0 00000
2 45268 097.7330 113.0630 0014360 222.8800 140.3370 14.64353100000000
1 45268U          19327.52083333  .00000000  00000-0  00000-0 0 00000
2 45268 097.7320 113.2870 0021130 219.6270 338.4770 14.64851900000000
1 45268U          19327.96319444  .00000000  00000-0  00000-0 0 00000
2 45268 097.7300 113.6970 0014650 211.8500 159.8410 14.64579700000000
1 45268U          19328.14722222  .00000000  00000-0  00000-0 0 00000
2 45268 097.7430 113.8710 0014360 151.3730 111.1200 14.69991000000000
1 45268U          19328.53888889  .00000000  00000-0  00000-0 0 00000
2 45268 097.7310 114.2400 0020430 199.9700 328.6570 14.64537400000000
1 45268U          19328.96250000  .00000000  00000-0  00000-0 0 00000
2 45268 097.7370 114.6270 0007840 175.0460 068.3340 14.68917600000000
1 45268U          19329.15416667  .00000000  00000-0  00000-0 0 00000
2 45268 097.7320 114.8100 0022710 199.3510 335.0820 14.64352000000000
1 45268U          19329.49791667  .00000000  00000-0  00000-0 0 00000
2 45268 097.7300 115.1300 0023310 205.9240 341.9270 14.64419400000000
1 45268U          19329.93819444  .00000000  00000-0  00000-0 0 00000
2 45268 097.7280 115.5400 0017640 215.6530 134.7770 14.64498500000000
1 45268U          19330.28541667  .00000000  00000-0  00000-0 0 00000
2 45268 097.7320 115.8590 0018830 193.7410 188.4640 14.65153900000000
1 45268U          19330.57291667  .00000000  00000-0  00000-0 0 00000
2 45268 097.7400 116.1340 0027760 238.5680 220.2330 14.69912900000000
1 45268U          19330.83194444  .00000000  00000-0  00000-0 0 00000
2 45268 097.7310 116.3680 0020200 191.3340 193.9920 14.65365000000000
1 45268U          19331.25000000  .00000000  00000-0  00000-0 0 00000
2 45268 097.7390 116.7580 0033190 215.9770 214.7230 14.69388200000000
1 45268U          19331.48055556  .00000000  00000-0  00000-0 0 00000
2 45268 097.7310 116.9730 0020160 208.2690 358.6920 14.65474900000000
1 45268U          19331.94583333  .00000000  00000-0  00000-0 0 00000
2 45268 097.7320 117.4140 0015160 201.2620 300.0960 14.66578400000000
1 45268U          19332.21944444  .00000000  00000-0  00000-0 0 00000
2 45268 097.7340 117.6690 0016280 193.4510 311.3060 14.66244600000000
1 45268U          19332.59444444  .00000000  00000-0  00000-0 0 00000
2 45268 097.7330 118.0200 0026250 194.8580 128.1430 14.66377400000000
1 45268U          19332.89583333  .00000000  00000-0  00000-0 0 00000
2 45268 097.7350 118.2980 0021040 232.9630 239.9840 14.69191500000000
