1 45935U          19281.92986111  .00000000  00000-0  00000-0 0 00000
2 45935 097.7140 42.7080 0000000 000.0000 176.5990 15.01920000000000
1 45935U          19282.27083333  .00000000  00000-0  00000-0 0 00000
2 45935 097.7140 43.0440 0000000 000.0000 217.8490 15.01920000000000
1 45935U          19282.61041667  .00000000  00000-0  00000-0 0 00000
2 45935 097.7150 43.3790 0000000 000.0000 251.6000 15.01920000000000
1 45935U          19282.94375000  .00000000  00000-0  00000-0 0 00000
2 45935 097.7150 43.7070 0000000 000.0000 251.6000 15.01920000000000
1 45935U          19283.40833333  .00000000  00000-0  00000-0 0 00000
2 45935 097.7160 44.1650 0000000 000.0000 240.3510 15.01920000000000
1 45935U          19283.66458333  .00000000  00000-0  00000-0 0 00000
2 45935 097.7160 44.4180 0000000 000.0000 184.1010 15.01920000000000
1 45935U          19284.01041667  .00000000  00000-0  00000-0 0 00000
2 45935 097.7170 44.7590 0000000 000.0000 251.6020 15.01920000000000
1 45935U          19284.31319444  .00000000  00000-0  00000-0 0 00000
2 45935 097.7170 45.0570 0000000 000.0000 086.6020 15.01920000000000
1 45935U          19284.65138889  .00000000  00000-0  00000-0 0 00000
2 45935 097.7180 45.3910 0000000 000.0000 112.8530 15.01920000000000
1 45935U          19285.02013889  .00000000  00000-0  00000-0 0 00000
2 45935 097.7180 45.7540 0000000 000.0000 304.1030 15.01920000000000
1 45935U          19285.36875000  .00000000  00000-0  00000-0 0 00000
2 45935 097.7190 46.0980 0000000 000.0000 026.6040 15.01920000000000
1 45935U          19285.66111111  .00000000  00000-0  00000-0 0 00000
2 45935 097.7190 46.3860 0000000 000.0000 165.3540 15.01920000000000
1 45935U          19285.96875000  .00000000  00000-0  00000-0 0 00000
2 45935 097.7190 46.6890 0000000 000.0000 026.6040 15.01920000000000
1 45935U          19286.39861111  .00000000  00000-0  00000-0 0 00000
2 45935 097.7200 47.1130 0000000 000.0000 187.8550 15.01920000000000
1 45935U          19286.72013889  .00000000  00000-0  00000-0 0 00000
2 45935 097.7200 47.4300 0000000 000.0000 124.1050 15.01920000000000
1 45935U          19286.93680556  .00000000  00000-0  00000-0 0 00000
2 45935 097.7200 47.6440 0000000 000.0000 214.1060 15.01920000000000
1 45935U          19287.38541667  .00000000  00000-0  00000-0 0 00000
2 45935 097.7210 48.0860 0000000 000.0000 116.6060 15.01920000000000
1 45935U          19287.73888889  .00000000  00000-0  00000-0 0 00000
2 45935 097.7210 48.4340 0000000 000.0000 225.3570 15.01920000000000
1 45935U          19287.98194444  .00000000  00000-0  00000-0 0 00000
2 45935 097.7220 48.6740 0000000 000.0000 097.8570 15.01920000000000
1 45935U          19288.40902778  .00000000  00000-0  00000-0 0 00000
2 45935 097.7220 49.0950 0000000 000.0000 244.1080 15.01920000000000
1 45935U          19288.69027778  .00000000  00000-0  00000-0 0 00000
2 45935 097.7230 49.3720 0000000 000.0000 322.8580 15.01920000000000
1 45935U          19289.04652778  .00000000  00000-0  00000-0 0 00000
2 45935 097.7230 49.7230 0000000 000.0000 086.6090 15.01920000000000
1 45935U          19289.33194444  .00000000  00000-0  00000-0 0 00000
2 45935 097.7230 50.0050 0000000 000.0000 187.8590 15.01920000000000
1 45935U          19289.61319444  .00000000  00000-0  00000-0 0 00000
2 45935 097.7240 50.2820 0000000 000.0000 266.6100 15.01920000000000
1 45935U          19289.94583333  .00000000  00000-0  00000-0 0 00000
2 45935 097.7240 50.6100 0000000 000.0000 262.8600 15.01920000000000
1 45935U          19290.25208333  .00000000  00000-0  00000-0 0 00000
2 45935 097.7240 50.9120 0000000 000.0000 116.6110 15.01920000000000
1 45935U          19290.71527778  .00000000  00000-0  00000-0 0 00000
2 45935 097.7250 51.3690 0000000 000.0000 097.8610 15.01920000000000
1 45935U          19290.95972222  .00000000  00000-0  00000-0 0 00000
2 45935 097.7250 51.6100 0000000 000.0000 337.8620 15.01920000000000
1 45935U          19291.33263889  .00000000  00000-0  00000-0 0 00000
2 45935 097.7260 51.9770 0000000 000.0000 191.6120 15.01920000000000
1 45935U          19291.72083333  .00000000  00000-0  00000-0 0 00000
2 45935 097.7260 52.3600 0000000 000.0000 127.8630 15.01920000000000
1 45935U          19292.05625000  .00000000  00000-0  00000-0 0 00000
2 45935 097.7270 52.6900 0000000 000.0000 139.1130 15.01920000000000
1 45935U          19292.37361111  .00000000  00000-0  00000-0 0 00000
2 45935 097.7270 53.0030 0000000 000.0000 052.8640 15.01920000000000
1 45935U          19292.73680556  .00000000  00000-0  00000-0 0 00000
2 45935 097.7270 53.3610 0000000 000.0000 214.1140 15.01920000000000
1 45935U          19292.93125000  .00000000  00000-0  00000-0 0 00000
2 45935 097.7280 53.5530 0000000 000.0000 184.1150 15.01920000000000
1 45935U          19293.29375000  .00000000  00000-0  00000-0 0 00000
2 45935 097.7280 53.9100 0000000 000.0000 341.6150 15.01920000000000
1 45935U          19293.70555556  .00000000  00000-0  00000-0 0 00000
2 45935 097.7280 54.3160 0000000 000.0000 045.3660 15.01920000000000
1 45935U          19294.07986111  .00000000  00000-0  00000-0 0 00000
2 45935 097.7290 54.6850 0000000 000.0000 266.6170 15.01920000000000
1 45935U          19294.38125000  .00000000  00000-0  00000-0 0 00000
2 45935 097.7290 54.9820 0000000 000.0000 094.1170 15.01920000000000
1 45935U          19294.64513889  .00000000  00000-0  00000-0 0 00000
2 45935 097.7290 55.2430 0000000 000.0000 079.1170 15.01920000000000
1 45935U          19295.03333333  .00000000  00000-0  00000-0 0 00000
2 45935 097.7300 55.6250 0000000 000.0000 015.3680 15.01920000000000
1 45935U          19295.33055556  .00000000  00000-0  00000-0 0 00000
2 45935 097.7300 55.9180 0000000 000.0000 180.3690 15.01920000000000
1 45935U          19295.66111111  .00000000  00000-0  00000-0 0 00000
2 45935 097.7300 56.2440 0000000 000.0000 165.3690 15.01920000000000
1 45935U          19295.96597222  .00000000  00000-0  00000-0 0 00000
2 45935 097.7310 56.5450 0000000 000.0000 011.6200 15.01920000000000
1 45935U          19296.34652778  .00000000  00000-0  00000-0 0 00000
2 45935 097.7310 56.9200 0000000 000.0000 266.6200 15.01920000000000
1 45935U          19296.62291667  .00000000  00000-0  00000-0 0 00000
2 45935 097.7310 57.1920 0000000 000.0000 319.1210 15.01920000000000
1 45935U          19296.94027778  .00000000  00000-0  00000-0 0 00000
2 45935 097.7320 57.5050 0000000 000.0000 232.8710 15.01920000000000
1 45935U          19297.33055556  .00000000  00000-0  00000-0 0 00000
2 45935 097.7320 57.8900 0000000 000.0000 180.3720 15.01920000000000
1 45935U          19297.69166667  .00000000  00000-0  00000-0 0 00000
2 45935 097.7320 58.2460 0000000 000.0000 330.3720 15.01920000000000
1 45935U          19298.04236111  .00000000  00000-0  00000-0 0 00000
2 45935 097.7330 58.5920 0000000 000.0000 064.1230 15.01920000000000
1 45935U          19298.37847222  .00000000  00000-0  00000-0 0 00000
2 45935 097.7330 58.9230 0000000 000.0000 079.1230 15.01920000000000
1 45935U          19298.70625000  .00000000  00000-0  00000-0 0 00000
2 45935 097.7330 59.2460 0000000 000.0000 049.1240 15.01920000000000
1 45935U          19298.97013889  .00000000  00000-0  00000-0 0 00000
2 45935 097.7340 59.5060 0000000 000.0000 034.1240 15.01920000000000
1 45935U          19299.39930556  .00000000  00000-0  00000-0 0 00000
2 45935 097.7340 59.9290 0000000 000.0000 191.6250 15.01920000000000
1 45935U          19299.68125000  .00000000  00000-0  00000-0 0 00000
2 45935 097.7340 60.2070 0000000 000.0000 274.1260 15.01920000000000
1 45935U          19300.05138889  .00000000  00000-0  00000-0 0 00000
2 45935 097.7350 60.5720 0000000 000.0000 112.8760 15.01920000000000
1 45935U          19300.31875000  .00000000  00000-0  00000-0 0 00000
2 45935 097.7350 60.8360 0000000 000.0000 116.6270 15.01920000000000
1 45935U          19300.70277778  .00000000  00000-0  00000-0 0 00000
2 45935 097.7350 61.2140 0000000 000.0000 030.3770 15.01920000000000
1 45935U          19301.05833333  .00000000  00000-0  00000-0 0 00000
2 45935 097.7360 61.5650 0000000 000.0000 150.3780 15.01920000000000
1 45935U          19301.34236111  .00000000  00000-0  00000-0 0 00000
2 45935 097.7360 61.8450 0000000 000.0000 244.1280 15.01920000000000
1 45935U          19301.66527778  .00000000  00000-0  00000-0 0 00000
2 45935 097.7360 62.1630 0000000 000.0000 187.8790 15.01920000000000
1 45935U          19302.02916667  .00000000  00000-0  00000-0 0 00000
2 45935 097.7360 62.5220 0000000 000.0000 352.8800 15.01920000000000
1 45935U          19302.38472222  .00000000  00000-0  00000-0 0 00000
2 45935 097.7370 62.8730 0000000 000.0000 112.8800 15.01920000000000
1 45935U          19302.69166667  .00000000  00000-0  00000-0 0 00000
2 45935 097.7370 63.1750 0000000 000.0000 330.3810 15.01920000000000
1 45935U          19302.98750000  .00000000  00000-0  00000-0 0 00000
2 45935 097.7370 63.4670 0000000 000.0000 127.8810 15.01920000000000
1 45935U          19303.28125000  .00000000  00000-0  00000-0 0 00000
2 45935 097.7370 63.7560 0000000 000.0000 274.1320 15.01920000000000
1 45935U          19303.70902778  .00000000  00000-0  00000-0 0 00000
2 45935 097.7380 64.1780 0000000 000.0000 064.1330 15.01920000000000
1 45935U          19304.02847222  .00000000  00000-0  00000-0 0 00000
2 45935 097.7380 64.4930 0000000 000.0000 349.1330 15.01920000000000
1 45935U          19304.32152778  .00000000  00000-0  00000-0 0 00000
2 45935 097.7380 64.7820 0000000 000.0000 131.6340 15.01920000000000
1 45935U          19304.62013889  .00000000  00000-0  00000-0 0 00000
2 45935 097.7380 65.0760 0000000 000.0000 304.1340 15.01920000000000
1 45935U          19305.03333333  .00000000  00000-0  00000-0 0 00000
2 45935 097.7390 65.4840 0000000 000.0000 015.3850 15.01920000000000
1 45935U          19305.38263889  .00000000  00000-0  00000-0 0 00000
2 45935 097.7390 65.8280 0000000 000.0000 101.6350 15.01920000000000
1 45935U          19305.65694444  .00000000  00000-0  00000-0 0 00000
2 45935 097.7390 66.0980 0000000 000.0000 142.8860 15.01920000000000
1 45935U          19306.07569444  .00000000  00000-0  00000-0 0 00000
2 45935 097.7400 66.5110 0000000 000.0000 244.1370 15.01920000000000
1 45935U          19306.29375000  .00000000  00000-0  00000-0 0 00000
2 45935 097.7400 66.7260 0000000 000.0000 341.6370 15.01920000000000
1 45935U          19306.73472222  .00000000  00000-0  00000-0 0 00000
2 45935 097.7400 67.1610 0000000 000.0000 202.8880 15.01920000000000
1 45935U          19307.06250000  .00000000  00000-0  00000-0 0 00000
2 45935 097.7400 67.4840 0000000 000.0000 172.8880 15.01920000000000
1 45935U          19307.34513889  .00000000  00000-0  00000-0 0 00000
2 45935 097.7400 67.7630 0000000 000.0000 259.1390 15.01920000000000
1 45935U          19307.61736111  .00000000  00000-0  00000-0 0 00000
2 45935 097.7410 68.0310 0000000 000.0000 289.1390 15.01920000000000
1 45935U          19308.05694444  .00000000  00000-0  00000-0 0 00000
2 45935 097.7410 68.4640 0000000 000.0000 142.8900 15.01920000000000
1 45935U          19308.25902778  .00000000  00000-0  00000-0 0 00000
2 45935 097.7410 68.6640 0000000 000.0000 154.1410 15.01920000000000
1 45935U          19308.68680556  .00000000  00000-0  00000-0 0 00000
2 45935 097.7410 69.0850 0000000 000.0000 304.1410 15.01920000000000
1 45935U          19308.93333333  .00000000  00000-0  00000-0 0 00000
2 45935 097.7420 69.3280 0000000 000.0000 195.3920 15.01920000000000
1 45935U          19309.36041667  .00000000  00000-0  00000-0 0 00000
2 45935 097.7420 69.7490 0000000 000.0000 341.6430 15.01920000000000
1 45935U          19309.63611111  .00000000  00000-0  00000-0 0 00000
2 45935 097.7420 70.0210 0000000 000.0000 030.3930 15.01920000000000
1 45935U          19310.07638889  .00000000  00000-0  00000-0 0 00000
2 45935 097.7420 70.4550 0000000 000.0000 247.8940 15.01920000000000
1 45935U          19310.25069444  .00000000  00000-0  00000-0 0 00000
2 45935 097.7420 70.6270 0000000 000.0000 109.1440 15.01920000000000
1 45935U          19310.69236111  .00000000  00000-0  00000-0 0 00000
2 45935 097.7430 71.0630 0000000 000.0000 334.1450 15.01920000000000
1 45935U          19310.92638889  .00000000  00000-0  00000-0 0 00000
2 45935 097.7430 71.2930 0000000 000.0000 157.8950 15.01920000000000
1 45935U          19311.25347222  .00000000  00000-0  00000-0 0 00000
2 45935 097.7430 71.6160 0000000 000.0000 124.1460 15.01920000000000
1 45935U          19311.65000000  .00000000  00000-0  00000-0 0 00000
2 45935 097.7430 72.0070 0000000 000.0000 105.3970 15.01920000000000
1 45935U          19311.89583333  .00000000  00000-0  00000-0 0 00000
2 45935 097.7430 72.2490 0000000 000.0000 352.8970 15.01914300000000
1 45935U          19312.23333333  .00000000  00000-0  00000-0 0 00000
2 45935 097.7440 72.5820 0000000 000.0000 015.3980 15.01914300000000
1 45935U          19312.56458333  .00000000  00000-0  00000-0 0 00000
2 45935 097.7440 72.9080 0000000 000.0000 004.1480 15.01914300000000
1 45935U          19312.83958333  .00000000  00000-0  00000-0 0 00000
2 45935 097.7440 73.1790 0000000 000.0000 049.1490 15.01914300000000
1 45935U          19313.26527778  .00000000  00000-0  00000-0 0 00000
2 45935 097.7440 73.5990 0000000 000.0000 187.9000 15.01914300000000
1 45935U          19313.52777778  .00000000  00000-0  00000-0 0 00000
2 45935 097.7440 73.8580 0000000 000.0000 165.4000 15.01914300000000
1 45935U          19313.85763889  .00000000  00000-0  00000-0 0 00000
2 45935 097.7440 74.1830 0000000 000.0000 146.6510 15.01914300000000
1 45935U          19314.23333333  .00000000  00000-0  00000-0 0 00000
2 45935 097.7450 74.5530 0000000 000.0000 015.4010 15.01914300000000
1 45935U          19314.54722222  .00000000  00000-0  00000-0 0 00000
2 45935 097.7450 74.8630 0000000 000.0000 270.4020 15.01914300000000
1 45935U          19314.86736111  .00000000  00000-0  00000-0 0 00000
2 45935 097.7450 75.1780 0000000 000.0000 199.1530 15.01914300000000
1 45935U          19315.30347222  .00000000  00000-0  00000-0 0 00000
2 45935 097.7450 75.6080 0000000 000.0000 034.1530 15.01914300000000
1 45935U          19315.53680556  .00000000  00000-0  00000-0 0 00000
2 45935 097.7450 75.8380 0000000 000.0000 214.1540 15.01914300000000
1 45935U          19315.82500000  .00000000  00000-0  00000-0 0 00000
2 45935 097.7450 76.1230 0000000 000.0000 330.4040 15.01914300000000
1 45935U          19316.30555556  .00000000  00000-0  00000-0 0 00000
2 45935 097.7450 76.5960 0000000 000.0000 045.4050 15.01914300000000
1 45935U          19316.54027778  .00000000  00000-0  00000-0 0 00000
2 45935 097.7460 76.8280 0000000 000.0000 232.9060 15.01914300000000
1 45935U          19316.89583333  .00000000  00000-0  00000-0 0 00000
2 45935 097.7460 77.1780 0000000 000.0000 352.9060 15.01914300000000
1 45935U          19317.26180556  .00000000  00000-0  00000-0 0 00000
2 45935 097.7460 77.5390 0000000 000.0000 169.1570 15.01914300000000
1 45935U          19317.56527778  .00000000  00000-0  00000-0 0 00000
2 45935 097.7460 77.8380 0000000 000.0000 007.9080 15.01914300000000
1 45935U          19317.81805556  .00000000  00000-0  00000-0 0 00000
2 45935 097.7460 78.0870 0000000 000.0000 292.9080 15.01914300000000
1 45935U          19318.24027778  .00000000  00000-0  00000-0 0 00000
2 45935 097.7460 78.5040 0000000 000.0000 052.9090 15.01914300000000
1 45935U          19318.57500000  .00000000  00000-0  00000-0 0 00000
2 45935 097.7460 78.8340 0000000 000.0000 060.4100 15.01914300000000
1 45935U          19318.83958333  .00000000  00000-0  00000-0 0 00000
2 45935 097.7460 79.0940 0000000 000.0000 049.1600 15.01914300000000
1 45935U          19318.89583333  .00000000  00000-0  00000-0 0 00000
2 45935 097.7460 79.1500 0000000 000.0000 352.9100 15.01914300000000
1 45935U          19319.21458333  .00000000  00000-0  00000-0 0 00000
2 45935 097.7470 79.4640 0000000 000.0000 274.1610 15.01914300000000
1 45935U          19319.57152778  .00000000  00000-0  00000-0 0 00000
2 45935 097.7470 79.8160 0000000 000.0000 041.6610 15.01914300000000
1 45935U          19319.88472222  .00000000  00000-0  00000-0 0 00000
2 45935 097.7470 80.1250 0000000 000.0000 292.9120 15.01914300000000
1 45935U          19320.16111111  .00000000  00000-0  00000-0 0 00000
2 45935 097.7470 80.3970 0000000 000.0000 345.4130 15.01914300000000
1 45935U          19320.59930556  .00000000  00000-0  00000-0 0 00000
2 45935 097.7470 80.8290 0000000 000.0000 191.6630 15.01914300000000
1 45935U          19320.95625000  .00000000  00000-0  00000-0 0 00000
2 45935 097.7470 81.1810 0000000 000.0000 319.1640 15.01914300000000
1 45935U          19321.20902778  .00000000  00000-0  00000-0 0 00000
2 45935 097.7470 81.4300 0000000 000.0000 244.1650 15.01914300000000
1 45935U          19321.61388889  .00000000  00000-0  00000-0 0 00000
2 45935 097.7470 81.8300 0000000 000.0000 270.4150 15.01914300000000
1 45935U          19321.93611111  .00000000  00000-0  00000-0 0 00000
2 45935 097.7470 82.1470 0000000 000.0000 210.4160 15.01914300000000
1 45935U          19322.24930556  .00000000  00000-0  00000-0 0 00000
2 45935 097.7470 82.4560 0000000 000.0000 101.6660 15.01914300000000
1 45935U          19322.60347222  .00000000  00000-0  00000-0 0 00000
2 45935 097.7470 82.8050 0000000 000.0000 214.1670 15.01914300000000
1 45935U          19322.86597222  .00000000  00000-0  00000-0 0 00000
2 45935 097.7480 83.0640 0000000 000.0000 191.6680 15.01914300000000
1 45935U          19323.23611111  .00000000  00000-0  00000-0 0 00000
2 45935 097.7480 83.4290 0000000 000.0000 030.4180 15.01914300000000
1 45935U          19323.48263889  .00000000  00000-0  00000-0 0 00000
2 45935 097.7480 83.6720 0000000 000.0000 281.6690 15.01914300000000
1 45935U          19323.93194444  .00000000  00000-0  00000-0 0 00000
2 45935 097.7480 84.1150 0000000 000.0000 187.9200 15.01914300000000
1 45935U          19324.23263889  .00000000  00000-0  00000-0 0 00000
2 45935 097.7480 84.4110 0000000 000.0000 011.6700 15.01914300000000
1 45935U          19324.61250000  .00000000  00000-0  00000-0 0 00000
2 45935 097.7480 84.7860 0000000 000.0000 262.9210 15.01914300000000
1 45935U          19324.86388889  .00000000  00000-0  00000-0 0 00000
2 45935 097.7480 85.0340 0000000 000.0000 180.4210 15.01914300000000
1 45935U          19325.29722222  .00000000  00000-0  00000-0 0 00000
2 45935 097.7480 85.4610 0000000 000.0000 000.4220 15.01914300000000
1 45935U          19325.55277778  .00000000  00000-0  00000-0 0 00000
2 45935 097.7480 85.7130 0000000 000.0000 300.4230 15.01914300000000
1 45935U          19325.89583333  .00000000  00000-0  00000-0 0 00000
2 45935 097.7480 86.0510 0000000 000.0000 352.9230 15.01914300000000
1 45935U          19325.92152778  .00000000  00000-0  00000-0 0 00000
2 45935 097.7480 86.0760 0000000 000.0000 131.6730 15.01914300000000
1 45935U          19326.16111111  .00000000  00000-0  00000-0 0 00000
2 45935 097.7480 86.3120 0000000 000.0000 345.4240 15.01914300000000
1 45935U          19326.54513889  .00000000  00000-0  00000-0 0 00000
2 45935 097.7480 86.6910 0000000 000.0000 259.1750 15.01914300000000
1 45935U          19326.91180556  .00000000  00000-0  00000-0 0 00000
2 45935 097.7480 87.0530 0000000 000.0000 079.1750 15.01914300000000
1 45935U          19327.16805556  .00000000  00000-0  00000-0 0 00000
2 45935 097.7480 87.3050 0000000 000.0000 022.9260 15.01914300000000
1 45935U          19327.52569444  .00000000  00000-0  00000-0 0 00000
2 45935 097.7480 87.6580 0000000 000.0000 154.1770 15.01914300000000
1 45935U          19327.92500000  .00000000  00000-0  00000-0 0 00000
2 45935 097.7480 88.0510 0000000 000.0000 150.4270 15.01914300000000
1 45935U          19328.20902778  .00000000  00000-0  00000-0 0 00000
2 45935 097.7480 88.3310 0000000 000.0000 244.1780 15.01914300000000
1 45935U          19328.64583333  .00000000  00000-0  00000-0 0 00000
2 45935 097.7480 88.7620 0000000 000.0000 082.9290 15.01914300000000
1 45935U          19328.82152778  .00000000  00000-0  00000-0 0 00000
2 45935 097.7480 88.9350 0000000 000.0000 311.6790 15.01914300000000
1 45935U          19329.24791667  .00000000  00000-0  00000-0 0 00000
2 45935 097.7480 89.3560 0000000 000.0000 094.1800 15.01914300000000
1 45935U          19329.54166667  .00000000  00000-0  00000-0 0 00000
2 45935 097.7480 89.6450 0000000 000.0000 240.4300 15.01914300000000
1 45935U          19329.96041667  .00000000  00000-0  00000-0 0 00000
2 45935 097.7480 90.0580 0000000 000.0000 341.6810 15.01914300000000
1 45935U          19330.26527778  .00000000  00000-0  00000-0 0 00000
2 45935 097.7480 90.3590 0000000 000.0000 187.9320 15.01914300000000
1 45935U          19330.60416667  .00000000  00000-0  00000-0 0 00000
2 45935 097.7480 90.6930 0000000 000.0000 217.9320 15.01914300000000
1 45935U          19330.91041667  .00000000  00000-0  00000-0 0 00000
2 45935 097.7480 90.9950 0000000 000.0000 071.6830 15.01914300000000
1 45935U          19331.28402778  .00000000  00000-0  00000-0 0 00000
2 45935 097.7480 91.3630 0000000 000.0000 289.1840 15.01914300000000
1 45935U          19331.49305556  .00000000  00000-0  00000-0 0 00000
2 45935 097.7480 91.5690 0000000 000.0000 337.9340 15.01914300000000
1 45935U          19331.85208333  .00000000  00000-0  00000-0 0 00000
2 45935 097.7480 91.9230 0000000 000.0000 116.6850 15.01914300000000
1 45935U          19332.16388889  .00000000  00000-0  00000-0 0 00000
2 45935 097.7480 92.2300 0000000 000.0000 000.4350 15.01914300000000
1 45935U          19332.63680556  .00000000  00000-0  00000-0 0 00000
2 45935 097.7480 92.6970 0000000 000.0000 034.1860 15.01914300000000
1 45935U          19332.89583333  .00000000  00000-0  00000-0 0 00000
2 45935 097.7480 92.9520 0000000 000.0000 352.9370 15.01914300000000
