1 46729U          19281.93888889  .00000000  00000-0  00000-0 0 00000
2 46729 097.6720 16.9990 0000000 000.0000 101.8960 15.01920000000000
1 46729U          19282.37708333  .00000000  00000-0  00000-0 0 00000
2 46729 097.6730 17.4310 0000000 000.0000 308.1460 15.01920000000000
1 46729U          19282.71736111  .00000000  00000-0  00000-0 0 00000
2 46729 097.6740 17.7670 0000000 000.0000 345.6460 15.01920000000000
1 46729U          19283.02638889  .00000000  00000-0  00000-0 0 00000
2 46729 097.6740 18.0710 0000000 000.0000 214.3970 15.01920000000000
1 46729U          19283.40694444  .00000000  00000-0  00000-0 0 00000
2 46729 097.6750 18.4460 0000000 000.0000 109.3970 15.01920000000000
1 46729U          19283.71597222  .00000000  00000-0  00000-0 0 00000
2 46729 097.6760 18.7510 0000000 000.0000 338.1470 15.01920000000000
1 46729U          19283.98194444  .00000000  00000-0  00000-0 0 00000
2 46729 097.6760 19.0130 0000000 000.0000 334.3970 15.01920000000000
1 46729U          19284.38680556  .00000000  00000-0  00000-0 0 00000
2 46729 097.6770 19.4120 0000000 000.0000 000.6470 15.01920000000000
1 46729U          19284.65069444  .00000000  00000-0  00000-0 0 00000
2 46729 097.6770 19.6720 0000000 000.0000 345.6480 15.01920000000000
1 46729U          19284.95902778  .00000000  00000-0  00000-0 0 00000
2 46729 097.6780 19.9760 0000000 000.0000 210.6480 15.01920000000000
1 46729U          19285.27361111  .00000000  00000-0  00000-0 0 00000
2 46729 097.6780 20.2860 0000000 000.0000 109.3980 15.01920000000000
1 46729U          19285.60833333  .00000000  00000-0  00000-0 0 00000
2 46729 097.6790 20.6160 0000000 000.0000 116.8980 15.01920000000000
1 46729U          19286.06180556  .00000000  00000-0  00000-0 0 00000
2 46729 097.6800 21.0630 0000000 000.0000 045.6490 15.01920000000000
1 46729U          19286.29166667  .00000000  00000-0  00000-0 0 00000
2 46729 097.6800 21.2900 0000000 000.0000 206.8990 15.01920000000000
1 46729U          19286.68750000  .00000000  00000-0  00000-0 0 00000
2 46729 097.6810 21.6800 0000000 000.0000 184.3990 15.01920000000000
1 46729U          19286.97013889  .00000000  00000-0  00000-0 0 00000
2 46729 097.6810 21.9590 0000000 000.0000 270.6490 15.01920000000000
1 46729U          19287.34097222  .00000000  00000-0  00000-0 0 00000
2 46729 097.6820 22.3240 0000000 000.0000 113.1500 15.01920000000000
1 46729U          19287.64166667  .00000000  00000-0  00000-0 0 00000
2 46729 097.6820 22.6210 0000000 000.0000 296.9000 15.01920000000000
1 46729U          19287.96041667  .00000000  00000-0  00000-0 0 00000
2 46729 097.6830 22.9350 0000000 000.0000 218.1500 15.01920000000000
1 46729U          19288.30000000  .00000000  00000-0  00000-0 0 00000
2 46729 097.6830 23.2690 0000000 000.0000 251.9000 15.01920000000000
1 46729U          19288.70000000  .00000000  00000-0  00000-0 0 00000
2 46729 097.6840 23.6640 0000000 000.0000 251.9010 15.01920000000000
1 46729U          19288.92916667  .00000000  00000-0  00000-0 0 00000
2 46729 097.6850 23.8900 0000000 000.0000 049.4010 15.01920000000000
1 46729U          19289.25069444  .00000000  00000-0  00000-0 0 00000
2 46729 097.6850 24.2070 0000000 000.0000 345.6510 15.01920000000000
1 46729U          19289.71597222  .00000000  00000-0  00000-0 0 00000
2 46729 097.6860 24.6650 0000000 000.0000 338.1510 15.01920000000000
1 46729U          19289.98263889  .00000000  00000-0  00000-0 0 00000
2 46729 097.6860 24.9280 0000000 000.0000 338.1520 15.01920000000000
1 46729U          19290.28541667  .00000000  00000-0  00000-0 0 00000
2 46729 097.6870 25.2270 0000000 000.0000 173.1520 15.01920000000000
1 46729U          19290.68472222  .00000000  00000-0  00000-0 0 00000
2 46729 097.6880 25.6200 0000000 000.0000 169.4020 15.01920000000000
1 46729U          19291.02638889  .00000000  00000-0  00000-0 0 00000
2 46729 097.6880 25.9570 0000000 000.0000 214.4030 15.01920000000000
1 46729U          19291.37916667  .00000000  00000-0  00000-0 0 00000
2 46729 097.6890 26.3050 0000000 000.0000 319.4030 15.01920000000000
1 46729U          19291.69375000  .00000000  00000-0  00000-0 0 00000
2 46729 097.6890 26.6150 0000000 000.0000 218.1530 15.01920000000000
1 46729U          19291.95208333  .00000000  00000-0  00000-0 0 00000
2 46729 097.6900 26.8690 0000000 000.0000 173.1530 15.01920000000000
1 46729U          19292.28958333  .00000000  00000-0  00000-0 0 00000
2 46729 097.6900 27.2020 0000000 000.0000 195.6540 15.01920000000000
1 46729U          19292.61319444  .00000000  00000-0  00000-0 0 00000
2 46729 097.6910 27.5210 0000000 000.0000 143.1540 15.01920000000000
1 46729U          19292.92638889  .00000000  00000-0  00000-0 0 00000
2 46729 097.6910 27.8300 0000000 000.0000 034.4040 15.01920000000000
1 46729U          19293.34027778  .00000000  00000-0  00000-0 0 00000
2 46729 097.6920 28.2380 0000000 000.0000 109.4050 15.01920000000000
1 46729U          19293.65555556  .00000000  00000-0  00000-0 0 00000
2 46729 097.6920 28.5490 0000000 000.0000 011.9050 15.01920000000000
1 46729U          19294.08055556  .00000000  00000-0  00000-0 0 00000
2 46729 097.6930 28.9670 0000000 000.0000 146.9050 15.01920000000000
1 46729U          19294.39791667  .00000000  00000-0  00000-0 0 00000
2 46729 097.6940 29.2800 0000000 000.0000 060.6560 15.01920000000000
1 46729U          19294.61666667  .00000000  00000-0  00000-0 0 00000
2 46729 097.6940 29.4960 0000000 000.0000 161.9060 15.01920000000000
1 46729U          19294.91805556  .00000000  00000-0  00000-0 0 00000
2 46729 097.6940 29.7930 0000000 000.0000 349.4060 15.01920000000000
1 46729U          19295.31666667  .00000000  00000-0  00000-0 0 00000
2 46729 097.6950 30.1860 0000000 000.0000 341.9070 15.01920000000000
1 46729U          19295.68819444  .00000000  00000-0  00000-0 0 00000
2 46729 097.6960 30.5520 0000000 000.0000 188.1570 15.01920000000000
1 46729U          19296.03680556  .00000000  00000-0  00000-0 0 00000
2 46729 097.6960 30.8960 0000000 000.0000 270.6570 15.01920000000000
1 46729U          19296.34722222  .00000000  00000-0  00000-0 0 00000
2 46729 097.6970 31.2020 0000000 000.0000 146.9080 15.01920000000000
1 46729U          19296.68194444  .00000000  00000-0  00000-0 0 00000
2 46729 097.6970 31.5320 0000000 000.0000 154.4080 15.01920000000000
1 46729U          19296.91944444  .00000000  00000-0  00000-0 0 00000
2 46729 097.6980 31.7660 0000000 000.0000 356.9080 15.01920000000000
1 46729U          19297.40069444  .00000000  00000-0  00000-0 0 00000
2 46729 097.6980 32.2400 0000000 000.0000 075.6590 15.01920000000000
1 46729U          19297.63333333  .00000000  00000-0  00000-0 0 00000
2 46729 097.6990 32.4700 0000000 000.0000 251.9090 15.01920000000000
1 46729U          19297.93194444  .00000000  00000-0  00000-0 0 00000
2 46729 097.6990 32.7640 0000000 000.0000 064.4090 15.01920000000000
1 46729U          19298.37847222  .00000000  00000-0  00000-0 0 00000
2 46729 097.7000 33.2040 0000000 000.0000 315.6600 15.01920000000000
1 46729U          19298.67777778  .00000000  00000-0  00000-0 0 00000
2 46729 097.7000 33.4990 0000000 000.0000 131.9100 15.01920000000000
1 46729U          19298.98194444  .00000000  00000-0  00000-0 0 00000
2 46729 097.7010 33.7990 0000000 000.0000 334.4100 15.01920000000000
1 46729U          19299.32708333  .00000000  00000-0  00000-0 0 00000
2 46729 097.7010 34.1390 0000000 000.0000 038.1610 15.01920000000000
1 46729U          19299.63263889  .00000000  00000-0  00000-0 0 00000
2 46729 097.7020 34.4400 0000000 000.0000 248.1610 15.01920000000000
1 46729U          19299.99097222  .00000000  00000-0  00000-0 0 00000
2 46729 097.7020 34.7940 0000000 000.0000 023.1620 15.01920000000000
1 46729U          19300.38194444  .00000000  00000-0  00000-0 0 00000
2 46729 097.7030 35.1790 0000000 000.0000 334.4120 15.01920000000000
1 46729U          19300.72916667  .00000000  00000-0  00000-0 0 00000
2 46729 097.7040 35.5210 0000000 000.0000 049.4120 15.01920000000000
1 46729U          19301.00972222  .00000000  00000-0  00000-0 0 00000
2 46729 097.7040 35.7980 0000000 000.0000 124.4130 15.01920000000000
1 46729U          19301.30138889  .00000000  00000-0  00000-0 0 00000
2 46729 097.7040 36.0850 0000000 000.0000 259.4130 15.01920000000000
1 46729U          19301.70902778  .00000000  00000-0  00000-0 0 00000
2 46729 097.7050 36.4870 0000000 000.0000 300.6630 15.01920000000000
1 46729U          19301.93680556  .00000000  00000-0  00000-0 0 00000
2 46729 097.7050 36.7120 0000000 000.0000 090.6640 15.01920000000000
1 46729U          19302.33611111  .00000000  00000-0  00000-0 0 00000
2 46729 097.7060 37.1050 0000000 000.0000 086.9140 15.01920000000000
1 46729U          19302.62638889  .00000000  00000-0  00000-0 0 00000
2 46729 097.7060 37.3910 0000000 000.0000 214.4150 15.01920000000000
1 46729U          19302.93125000  .00000000  00000-0  00000-0 0 00000
2 46729 097.7070 37.6920 0000000 000.0000 060.6650 15.01920000000000
1 46729U          19303.27569444  .00000000  00000-0  00000-0 0 00000
2 46729 097.7070 38.0320 0000000 000.0000 120.6650 15.01920000000000
1 46729U          19303.73819444  .00000000  00000-0  00000-0 0 00000
2 46729 097.7080 38.4870 0000000 000.0000 098.1660 15.01920000000000
1 46729U          19303.92500000  .00000000  00000-0  00000-0 0 00000
2 46729 097.7080 38.6720 0000000 000.0000 026.9160 15.01920000000000
1 46729U          19304.26736111  .00000000  00000-0  00000-0 0 00000
2 46729 097.7090 39.0090 0000000 000.0000 075.6670 15.01920000000000
1 46729U          19304.67847222  .00000000  00000-0  00000-0 0 00000
2 46729 097.7090 39.4140 0000000 000.0000 135.6670 15.01920000000000
1 46729U          19304.98958333  .00000000  00000-0  00000-0 0 00000
2 46729 097.7100 39.7210 0000000 000.0000 015.6670 15.01920000000000
1 46729U          19305.37986111  .00000000  00000-0  00000-0 0 00000
2 46729 097.7100 40.1060 0000000 000.0000 323.1680 15.01920000000000
1 46729U          19305.60555556  .00000000  00000-0  00000-0 0 00000
2 46729 097.7110 40.3280 0000000 000.0000 101.9180 15.01920000000000
1 46729U          19305.94652778  .00000000  00000-0  00000-0 0 00000
2 46729 097.7110 40.6640 0000000 000.0000 143.1690 15.01920000000000
1 46729U          19306.39236111  .00000000  00000-0  00000-0 0 00000
2 46729 097.7120 41.1040 0000000 000.0000 030.6690 15.01920000000000
1 46729U          19306.67222222  .00000000  00000-0  00000-0 0 00000
2 46729 097.7120 41.3800 0000000 000.0000 101.9200 15.01920000000000
1 46729U          19306.99166667  .00000000  00000-0  00000-0 0 00000
2 46729 097.7130 41.6950 0000000 000.0000 026.9200 15.01920000000000
1 46729U          19307.25902778  .00000000  00000-0  00000-0 0 00000
2 46729 097.7130 41.9580 0000000 000.0000 030.6700 15.01920000000000
1 46729U          19307.67986111  .00000000  00000-0  00000-0 0 00000
2 46729 097.7140 42.3730 0000000 000.0000 143.1710 15.01920000000000
1 46729U          19307.93680556  .00000000  00000-0  00000-0 0 00000
2 46729 097.7140 42.6260 0000000 000.0000 090.6710 15.01920000000000
1 46729U          19308.37013889  .00000000  00000-0  00000-0 0 00000
2 46729 097.7140 43.0530 0000000 000.0000 270.6720 15.01920000000000
1 46729U          19308.60902778  .00000000  00000-0  00000-0 0 00000
2 46729 097.7150 43.2890 0000000 000.0000 120.6720 15.01920000000000
1 46729U          19308.91875000  .00000000  00000-0  00000-0 0 00000
2 46729 097.7150 43.5940 0000000 000.0000 353.1730 15.01920000000000
1 46729U          19309.34305556  .00000000  00000-0  00000-0 0 00000
2 46729 097.7160 44.0130 0000000 000.0000 124.4230 15.01920000000000
1 46729U          19309.64930556  .00000000  00000-0  00000-0 0 00000
2 46729 097.7160 44.3140 0000000 000.0000 338.1740 15.01920000000000
1 46729U          19309.94375000  .00000000  00000-0  00000-0 0 00000
2 46729 097.7170 44.6050 0000000 000.0000 128.1740 15.01920000000000
1 46729U          19310.27013889  .00000000  00000-0  00000-0 0 00000
2 46729 097.7170 44.9260 0000000 000.0000 090.6740 15.01920000000000
1 46729U          19310.72847222  .00000000  00000-0  00000-0 0 00000
2 46729 097.7180 45.3780 0000000 000.0000 045.6750 15.01920000000000
1 46729U          19310.97847222  .00000000  00000-0  00000-0 0 00000
2 46729 097.7180 45.6250 0000000 000.0000 315.6750 15.01920000000000
1 46729U          19311.32013889  .00000000  00000-0  00000-0 0 00000
2 46729 097.7180 45.9620 0000000 000.0000 000.6760 15.01920000000000
1 46729U          19311.62638889  .00000000  00000-0  00000-0 0 00000
2 46729 097.7190 46.2630 0000000 000.0000 214.4260 15.01920000000000
1 46729U          19311.89583333  .00000000  00000-0  00000-0 0 00000
2 46729 097.7190 46.5290 0000000 000.0000 229.4270 15.01914300000000
1 46729U          19312.30625000  .00000000  00000-0  00000-0 0 00000
2 46729 097.7200 46.9340 0000000 000.0000 285.6770 15.01914300000000
1 46729U          19312.48402778  .00000000  00000-0  00000-0 0 00000
2 46729 097.7200 47.1090 0000000 000.0000 165.6770 15.01914300000000
1 46729U          19312.84097222  .00000000  00000-0  00000-0 0 00000
2 46729 097.7200 47.4610 0000000 000.0000 293.1780 15.01914300000000
1 46729U          19313.20555556  .00000000  00000-0  00000-0 0 00000
2 46729 097.7210 47.8200 0000000 000.0000 101.9280 15.01914300000000
1 46729U          19313.47986111  .00000000  00000-0  00000-0 0 00000
2 46729 097.7210 48.0910 0000000 000.0000 143.1790 15.01914300000000
1 46729U          19313.82430556  .00000000  00000-0  00000-0 0 00000
2 46729 097.7210 48.4300 0000000 000.0000 203.1790 15.01914300000000
1 46729U          19314.19861111  .00000000  00000-0  00000-0 0 00000
2 46729 097.7220 48.7990 0000000 000.0000 064.4300 15.01914300000000
1 46729U          19314.50763889  .00000000  00000-0  00000-0 0 00000
2 46729 097.7220 49.1040 0000000 000.0000 293.1800 15.01914300000000
1 46729U          19314.97361111  .00000000  00000-0  00000-0 0 00000
2 46729 097.7230 49.5630 0000000 000.0000 289.4310 15.01914300000000
1 46729U          19315.29305556  .00000000  00000-0  00000-0 0 00000
2 46729 097.7230 49.8780 0000000 000.0000 214.4320 15.01914300000000
1 46729U          19315.50138889  .00000000  00000-0  00000-0 0 00000
2 46729 097.7230 50.0830 0000000 000.0000 259.4320 15.01914300000000
1 46729U          19315.95625000  .00000000  00000-0  00000-0 0 00000
2 46729 097.7240 50.5320 0000000 000.0000 195.6830 15.01914300000000
1 46729U          19316.29583333  .00000000  00000-0  00000-0 0 00000
2 46729 097.7240 50.8670 0000000 000.0000 229.4330 15.01914300000000
1 46729U          19316.61527778  .00000000  00000-0  00000-0 0 00000
2 46729 097.7250 51.1810 0000000 000.0000 154.4340 15.01914300000000
1 46729U          19316.96597222  .00000000  00000-0  00000-0 0 00000
2 46729 097.7250 51.5270 0000000 000.0000 248.1840 15.01914300000000
1 46729U          19317.22291667  .00000000  00000-0  00000-0 0 00000
2 46729 097.7250 51.7810 0000000 000.0000 195.6840 15.01914300000000
1 46729U          19317.62083333  .00000000  00000-0  00000-0 0 00000
2 46729 097.7260 52.1730 0000000 000.0000 184.4350 15.01914300000000
1 46729U          19317.95486111  .00000000  00000-0  00000-0 0 00000
2 46729 097.7260 52.5020 0000000 000.0000 188.1860 15.01914300000000
1 46729U          19318.30902778  .00000000  00000-0  00000-0 0 00000
2 46729 097.7270 52.8510 0000000 000.0000 300.6860 15.01914300000000
1 46729U          19318.63958333  .00000000  00000-0  00000-0 0 00000
2 46729 097.7270 53.1770 0000000 000.0000 285.6870 15.01914300000000
1 46729U          19318.86805556  .00000000  00000-0  00000-0 0 00000
2 46729 097.7270 53.4020 0000000 000.0000 079.4370 15.01914300000000
1 46729U          19318.89583333  .00000000  00000-0  00000-0 0 00000
2 46729 097.7270 53.4300 0000000 000.0000 229.4370 15.01914300000000
1 46729U          19319.20972222  .00000000  00000-0  00000-0 0 00000
2 46729 097.7280 53.7390 0000000 000.0000 124.4370 15.01914300000000
1 46729U          19319.51041667  .00000000  00000-0  00000-0 0 00000
2 46729 097.7280 54.0360 0000000 000.0000 308.1880 15.01914300000000
1 46729U          19319.90208333  .00000000  00000-0  00000-0 0 00000
2 46729 097.7280 54.4220 0000000 000.0000 263.1890 15.01914300000000
1 46729U          19320.15486111  .00000000  00000-0  00000-0 0 00000
2 46729 097.7290 54.6710 0000000 000.0000 188.1890 15.01914300000000
1 46729U          19320.59513889  .00000000  00000-0  00000-0 0 00000
2 46729 097.7290 55.1050 0000000 000.0000 045.6900 15.01914300000000
1 46729U          19320.87500000  .00000000  00000-0  00000-0 0 00000
2 46729 097.7290 55.3810 0000000 000.0000 116.9400 15.01914300000000
1 46729U          19321.28402778  .00000000  00000-0  00000-0 0 00000
2 46729 097.7300 55.7840 0000000 000.0000 165.6910 15.01914300000000
1 46729U          19321.62916667  .00000000  00000-0  00000-0 0 00000
2 46729 097.7300 56.1240 0000000 000.0000 229.4410 15.01914300000000
1 46729U          19321.92152778  .00000000  00000-0  00000-0 0 00000
2 46729 097.7310 56.4120 0000000 000.0000 008.1920 15.01914300000000
1 46729U          19322.15763889  .00000000  00000-0  00000-0 0 00000
2 46729 097.7310 56.6450 0000000 000.0000 203.1920 15.01914300000000
1 46729U          19322.51111111  .00000000  00000-0  00000-0 0 00000
2 46729 097.7310 56.9940 0000000 000.0000 311.9430 15.01914300000000
1 46729U          19322.91666667  .00000000  00000-0  00000-0 0 00000
2 46729 097.7320 57.3930 0000000 000.0000 341.9430 15.01914300000000
1 46729U          19323.17500000  .00000000  00000-0  00000-0 0 00000
2 46729 097.7320 57.6480 0000000 000.0000 296.9440 15.01914300000000
1 46729U          19323.54444444  .00000000  00000-0  00000-0 0 00000
2 46729 097.7320 58.0120 0000000 000.0000 131.9440 15.01914300000000
1 46729U          19323.89652778  .00000000  00000-0  00000-0 0 00000
2 46729 097.7330 58.3590 0000000 000.0000 233.1950 15.01914300000000
1 46729U          19324.15694444  .00000000  00000-0  00000-0 0 00000
2 46729 097.7330 58.6160 0000000 000.0000 199.4450 15.01914300000000
1 46729U          19324.58541667  .00000000  00000-0  00000-0 0 00000
2 46729 097.7330 59.0390 0000000 000.0000 353.1960 15.01914300000000
1 46729U          19324.92291667  .00000000  00000-0  00000-0 0 00000
2 46729 097.7340 59.3710 0000000 000.0000 015.6970 15.01914300000000
1 46729U          19325.22986111  .00000000  00000-0  00000-0 0 00000
2 46729 097.7340 59.6740 0000000 000.0000 233.1970 15.01914300000000
1 46729U          19325.49444444  .00000000  00000-0  00000-0 0 00000
2 46729 097.7340 59.9350 0000000 000.0000 221.9480 15.01914300000000
1 46729U          19325.82638889  .00000000  00000-0  00000-0 0 00000
2 46729 097.7340 60.2620 0000000 000.0000 214.4480 15.01914300000000
1 46729U          19325.94513889  .00000000  00000-0  00000-0 0 00000
2 46729 097.7340 60.3790 0000000 000.0000 135.6980 15.01914300000000
1 46729U          19326.28750000  .00000000  00000-0  00000-0 0 00000
2 46729 097.7350 60.7170 0000000 000.0000 184.4490 15.01914300000000
1 46729U          19326.64375000  .00000000  00000-0  00000-0 0 00000
2 46729 097.7350 61.0680 0000000 000.0000 308.2000 15.01914300000000
1 46729U          19326.94027778  .00000000  00000-0  00000-0 0 00000
2 46729 097.7350 61.3600 0000000 000.0000 109.4500 15.01914300000000
1 46729U          19327.25486111  .00000000  00000-0  00000-0 0 00000
2 46729 097.7360 61.6700 0000000 000.0000 008.2010 15.01914300000000
1 46729U          19327.63611111  .00000000  00000-0  00000-0 0 00000
2 46729 097.7360 62.0460 0000000 000.0000 266.9510 15.01914300000000
1 46729U          19327.85069444  .00000000  00000-0  00000-0 0 00000
2 46729 097.7360 62.2580 0000000 000.0000 345.7020 15.01914300000000
1 46729U          19328.31041667  .00000000  00000-0  00000-0 0 00000
2 46729 097.7370 62.7110 0000000 000.0000 308.2020 15.01914300000000
1 46729U          19328.55625000  .00000000  00000-0  00000-0 0 00000
2 46729 097.7370 62.9530 0000000 000.0000 195.7030 15.01914300000000
1 46729U          19328.93194444  .00000000  00000-0  00000-0 0 00000
2 46729 097.7370 63.3240 0000000 000.0000 064.4530 15.01914300000000
1 46729U          19329.25486111  .00000000  00000-0  00000-0 0 00000
2 46729 097.7370 63.6420 0000000 000.0000 008.2040 15.01914300000000
1 46729U          19329.52361111  .00000000  00000-0  00000-0 0 00000
2 46729 097.7380 63.9070 0000000 000.0000 019.4540 15.01914300000000
1 46729U          19329.87361111  .00000000  00000-0  00000-0 0 00000
2 46729 097.7380 64.2520 0000000 000.0000 109.4550 15.01914300000000
1 46729U          19330.21805556  .00000000  00000-0  00000-0 0 00000
2 46729 097.7380 64.5910 0000000 000.0000 169.4560 15.01914300000000
1 46729U          19330.53263889  .00000000  00000-0  00000-0 0 00000
2 46729 097.7380 64.9020 0000000 000.0000 068.2060 15.01914300000000
1 46729U          19330.91875000  .00000000  00000-0  00000-0 0 00000
2 46729 097.7390 65.2820 0000000 000.0000 353.2070 15.01914300000000
1 46729U          19331.17847222  .00000000  00000-0  00000-0 0 00000
2 46729 097.7390 65.5380 0000000 000.0000 315.7070 15.01914300000000
1 46729U          19331.54930556  .00000000  00000-0  00000-0 0 00000
2 46729 097.7390 65.9040 0000000 000.0000 158.2080 15.01914300000000
1 46729U          19331.95208333  .00000000  00000-0  00000-0 0 00000
2 46729 097.7390 66.3010 0000000 000.0000 173.2090 15.01914300000000
1 46729U          19332.20277778  .00000000  00000-0  00000-0 0 00000
2 46729 097.7400 66.5480 0000000 000.0000 086.9590 15.01914300000000
1 46729U          19332.61250000  .00000000  00000-0  00000-0 0 00000
2 46729 097.7400 66.9520 0000000 000.0000 139.4600 15.01914300000000
1 46729U          19332.85069444  .00000000  00000-0  00000-0 0 00000
2 46729 097.7400 67.1870 0000000 000.0000 345.7100 15.01914300000000
