1 47507U          19282.05138889  .00000000  00000-0  00000-0 0 00000
2 47507 097.6730 17.1100 0000000 000.0000 061.3960 15.01920000000000
1 47507U          19282.40208333  .00000000  00000-0  00000-0 0 00000
2 47507 097.6730 17.4560 0000000 000.0000 155.1460 15.01920000000000
1 47507U          19282.65416667  .00000000  00000-0  00000-0 0 00000
2 47507 097.6740 17.7040 0000000 000.0000 076.3960 15.01920000000000
1 47507U          19283.01388889  .00000000  00000-0  00000-0 0 00000
2 47507 097.6740 18.0590 0000000 000.0000 218.8970 15.01920000000000
1 47507U          19283.37638889  .00000000  00000-0  00000-0 0 00000
2 47507 097.6750 18.4160 0000000 000.0000 016.3970 15.01920000000000
1 47507U          19283.63402778  .00000000  00000-0  00000-0 0 00000
2 47507 097.6750 18.6700 0000000 000.0000 327.6470 15.01920000000000
1 47507U          19283.95555556  .00000000  00000-0  00000-0 0 00000
2 47507 097.6760 18.9870 0000000 000.0000 263.8970 15.01920000000000
1 47507U          19284.30277778  .00000000  00000-0  00000-0 0 00000
2 47507 097.6770 19.3290 0000000 000.0000 338.8970 15.01920000000000
1 47507U          19284.71250000  .00000000  00000-0  00000-0 0 00000
2 47507 097.6770 19.7330 0000000 000.0000 031.3980 15.01920000000000
1 47507U          19285.06527778  .00000000  00000-0  00000-0 0 00000
2 47507 097.6780 20.0810 0000000 000.0000 136.3980 15.01920000000000
1 47507U          19285.38263889  .00000000  00000-0  00000-0 0 00000
2 47507 097.6780 20.3940 0000000 000.0000 050.1480 15.01920000000000
1 47507U          19285.62916667  .00000000  00000-0  00000-0 0 00000
2 47507 097.6790 20.6370 0000000 000.0000 301.3980 15.01920000000000
1 47507U          19285.93472222  .00000000  00000-0  00000-0 0 00000
2 47507 097.6790 20.9380 0000000 000.0000 151.3990 15.01920000000000
1 47507U          19286.40833333  .00000000  00000-0  00000-0 0 00000
2 47507 097.6800 21.4050 0000000 000.0000 188.8990 15.01920000000000
1 47507U          19286.74166667  .00000000  00000-0  00000-0 0 00000
2 47507 097.6810 21.7330 0000000 000.0000 188.8990 15.01920000000000
1 47507U          19287.02847222  .00000000  00000-0  00000-0 0 00000
2 47507 097.6810 22.0160 0000000 000.0000 297.6490 15.01920000000000
1 47507U          19287.28402778  .00000000  00000-0  00000-0 0 00000
2 47507 097.6820 22.2680 0000000 000.0000 237.6500 15.01920000000000
1 47507U          19287.66319444  .00000000  00000-0  00000-0 0 00000
2 47507 097.6820 22.6420 0000000 000.0000 125.1500 15.01920000000000
1 47507U          19287.96388889  .00000000  00000-0  00000-0 0 00000
2 47507 097.6830 22.9380 0000000 000.0000 308.9000 15.01920000000000
1 47507U          19288.26180556  .00000000  00000-0  00000-0 0 00000
2 47507 097.6830 23.2320 0000000 000.0000 117.6500 15.01920000000000
1 47507U          19288.64930556  .00000000  00000-0  00000-0 0 00000
2 47507 097.6840 23.6140 0000000 000.0000 050.1510 15.01920000000000
1 47507U          19288.95833333  .00000000  00000-0  00000-0 0 00000
2 47507 097.6850 23.9180 0000000 000.0000 278.9010 15.01920000000000
1 47507U          19289.31111111  .00000000  00000-0  00000-0 0 00000
2 47507 097.6850 24.2660 0000000 000.0000 023.9010 15.01920000000000
1 47507U          19289.62083333  .00000000  00000-0  00000-0 0 00000
2 47507 097.6860 24.5710 0000000 000.0000 256.4010 15.01920000000000
1 47507U          19289.97847222  .00000000  00000-0  00000-0 0 00000
2 47507 097.6860 24.9240 0000000 000.0000 027.6520 15.01920000000000
1 47507U          19290.29236111  .00000000  00000-0  00000-0 0 00000
2 47507 097.6870 25.2330 0000000 000.0000 282.6520 15.01920000000000
1 47507U          19290.73194444  .00000000  00000-0  00000-0 0 00000
2 47507 097.6880 25.6670 0000000 000.0000 136.4020 15.01920000000000
1 47507U          19291.06458333  .00000000  00000-0  00000-0 0 00000
2 47507 097.6880 25.9950 0000000 000.0000 132.6530 15.01920000000000
1 47507U          19291.34652778  .00000000  00000-0  00000-0 0 00000
2 47507 097.6890 26.2720 0000000 000.0000 215.1530 15.01920000000000
1 47507U          19291.66180556  .00000000  00000-0  00000-0 0 00000
2 47507 097.6890 26.5830 0000000 000.0000 117.6530 15.01920000000000
1 47507U          19291.97500000  .00000000  00000-0  00000-0 0 00000
2 47507 097.6900 26.8920 0000000 000.0000 008.9030 15.01920000000000
1 47507U          19292.34097222  .00000000  00000-0  00000-0 0 00000
2 47507 097.6900 27.2530 0000000 000.0000 185.1540 15.01920000000000
1 47507U          19292.62777778  .00000000  00000-0  00000-0 0 00000
2 47507 097.6910 27.5350 0000000 000.0000 293.9040 15.01920000000000
1 47507U          19293.01666667  .00000000  00000-0  00000-0 0 00000
2 47507 097.6910 27.9190 0000000 000.0000 233.9040 15.01920000000000
1 47507U          19293.30347222  .00000000  00000-0  00000-0 0 00000
2 47507 097.6920 28.2010 0000000 000.0000 342.6550 15.01920000000000
1 47507U          19293.71527778  .00000000  00000-0  00000-0 0 00000
2 47507 097.6930 28.6070 0000000 000.0000 046.4050 15.01920000000000
1 47507U          19293.99930556  .00000000  00000-0  00000-0 0 00000
2 47507 097.6930 28.8870 0000000 000.0000 140.1550 15.01920000000000
1 47507U          19294.26250000  .00000000  00000-0  00000-0 0 00000
2 47507 097.6930 29.1470 0000000 000.0000 121.4060 15.01920000000000
1 47507U          19294.70069444  .00000000  00000-0  00000-0 0 00000
2 47507 097.6940 29.5790 0000000 000.0000 327.6560 15.01920000000000
1 47507U          19294.93819444  .00000000  00000-0  00000-0 0 00000
2 47507 097.6940 29.8130 0000000 000.0000 170.1560 15.01920000000000
1 47507U          19295.34583333  .00000000  00000-0  00000-0 0 00000
2 47507 097.6950 30.2150 0000000 000.0000 211.4070 15.01920000000000
1 47507U          19295.72986111  .00000000  00000-0  00000-0 0 00000
2 47507 097.6960 30.5930 0000000 000.0000 125.1570 15.01920000000000
1 47507U          19296.02430556  .00000000  00000-0  00000-0 0 00000
2 47507 097.6960 30.8830 0000000 000.0000 275.1570 15.01920000000000
1 47507U          19296.36736111  .00000000  00000-0  00000-0 0 00000
2 47507 097.6970 31.2220 0000000 000.0000 327.6580 15.01920000000000
1 47507U          19296.63055556  .00000000  00000-0  00000-0 0 00000
2 47507 097.6970 31.4810 0000000 000.0000 308.9080 15.01920000000000
1 47507U          19296.95000000  .00000000  00000-0  00000-0 0 00000
2 47507 097.6980 31.7960 0000000 000.0000 233.9080 15.01920000000000
1 47507U          19297.40694444  .00000000  00000-0  00000-0 0 00000
2 47507 097.6980 32.2460 0000000 000.0000 181.4090 15.01920000000000
1 47507U          19297.60694444  .00000000  00000-0  00000-0 0 00000
2 47507 097.6990 32.4440 0000000 000.0000 181.4090 15.01920000000000
1 47507U          19297.96458333  .00000000  00000-0  00000-0 0 00000
2 47507 097.6990 32.7960 0000000 000.0000 312.6590 15.01920000000000
1 47507U          19298.40208333  .00000000  00000-0  00000-0 0 00000
2 47507 097.7000 33.2270 0000000 000.0000 155.1600 15.01920000000000
1 47507U          19298.74444444  .00000000  00000-0  00000-0 0 00000
2 47507 097.7000 33.5650 0000000 000.0000 203.9100 15.01920000000000
1 47507U          19299.04861111  .00000000  00000-0  00000-0 0 00000
2 47507 097.7010 33.8650 0000000 000.0000 046.4100 15.01920000000000
1 47507U          19299.40486111  .00000000  00000-0  00000-0 0 00000
2 47507 097.7010 34.2160 0000000 000.0000 170.1610 15.01920000000000
1 47507U          19299.72847222  .00000000  00000-0  00000-0 0 00000
2 47507 097.7020 34.5350 0000000 000.0000 117.6610 15.01920000000000
1 47507U          19299.93819444  .00000000  00000-0  00000-0 0 00000
2 47507 097.7020 34.7420 0000000 000.0000 170.1610 15.01920000000000
1 47507U          19300.25555556  .00000000  00000-0  00000-0 0 00000
2 47507 097.7030 35.0540 0000000 000.0000 083.9120 15.01920000000000
1 47507U          19300.74166667  .00000000  00000-0  00000-0 0 00000
2 47507 097.7040 35.5340 0000000 000.0000 188.9120 15.01920000000000
1 47507U          19301.03055556  .00000000  00000-0  00000-0 0 00000
2 47507 097.7040 35.8180 0000000 000.0000 308.9130 15.01920000000000
1 47507U          19301.36111111  .00000000  00000-0  00000-0 0 00000
2 47507 097.7040 36.1440 0000000 000.0000 293.9130 15.01920000000000
1 47507U          19301.59791667  .00000000  00000-0  00000-0 0 00000
2 47507 097.7050 36.3780 0000000 000.0000 132.6630 15.01920000000000
1 47507U          19302.05486111  .00000000  00000-0  00000-0 0 00000
2 47507 097.7050 36.8280 0000000 000.0000 080.1640 15.01920000000000
1 47507U          19302.35347222  .00000000  00000-0  00000-0 0 00000
2 47507 097.7060 37.1220 0000000 000.0000 252.6640 15.01920000000000
1 47507U          19302.65555556  .00000000  00000-0  00000-0 0 00000
2 47507 097.7060 37.4200 0000000 000.0000 083.9150 15.01920000000000
1 47507U          19302.95902778  .00000000  00000-0  00000-0 0 00000
2 47507 097.7070 37.7190 0000000 000.0000 282.6650 15.01920000000000
1 47507U          19303.33194444  .00000000  00000-0  00000-0 0 00000
2 47507 097.7070 38.0870 0000000 000.0000 136.4150 15.01920000000000
1 47507U          19303.62361111  .00000000  00000-0  00000-0 0 00000
2 47507 097.7080 38.3750 0000000 000.0000 271.4160 15.01920000000000
1 47507U          19303.97361111  .00000000  00000-0  00000-0 0 00000
2 47507 097.7080 38.7200 0000000 000.0000 001.4160 15.01920000000000
1 47507U          19304.39375000  .00000000  00000-0  00000-0 0 00000
2 47507 097.7090 39.1340 0000000 000.0000 110.1670 15.01920000000000
1 47507U          19304.69652778  .00000000  00000-0  00000-0 0 00000
2 47507 097.7090 39.4320 0000000 000.0000 305.1670 15.01920000000000
1 47507U          19305.01041667  .00000000  00000-0  00000-0 0 00000
2 47507 097.7100 39.7420 0000000 000.0000 200.1670 15.01920000000000
1 47507U          19305.30000000  .00000000  00000-0  00000-0 0 00000
2 47507 097.7100 40.0270 0000000 000.0000 323.9180 15.01920000000000
1 47507U          19305.64861111  .00000000  00000-0  00000-0 0 00000
2 47507 097.7110 40.3710 0000000 000.0000 046.4180 15.01920000000000
1 47507U          19306.00833333  .00000000  00000-0  00000-0 0 00000
2 47507 097.7110 40.7250 0000000 000.0000 188.9190 15.01920000000000
1 47507U          19306.25000000  .00000000  00000-0  00000-0 0 00000
2 47507 097.7120 40.9640 0000000 000.0000 053.9190 15.01920000000000
1 47507U          19306.65416667  .00000000  00000-0  00000-0 0 00000
2 47507 097.7120 41.3620 0000000 000.0000 076.4200 15.01920000000000
1 47507U          19307.07152778  .00000000  00000-0  00000-0 0 00000
2 47507 097.7130 41.7730 0000000 000.0000 170.1700 15.01920000000000
1 47507U          19307.29791667  .00000000  00000-0  00000-0 0 00000
2 47507 097.7130 41.9970 0000000 000.0000 312.6700 15.01920000000000
1 47507U          19307.64930556  .00000000  00000-0  00000-0 0 00000
2 47507 097.7130 42.3430 0000000 000.0000 050.1710 15.01920000000000
1 47507U          19307.97638889  .00000000  00000-0  00000-0 0 00000
2 47507 097.7140 42.6650 0000000 000.0000 016.4210 15.01920000000000
1 47507U          19308.35416667  .00000000  00000-0  00000-0 0 00000
2 47507 097.7140 43.0380 0000000 000.0000 256.4220 15.01920000000000
1 47507U          19308.74097222  .00000000  00000-0  00000-0 0 00000
2 47507 097.7150 43.4190 0000000 000.0000 185.1720 15.01920000000000
1 47507U          19309.07430556  .00000000  00000-0  00000-0 0 00000
2 47507 097.7150 43.7480 0000000 000.0000 185.1730 15.01920000000000
1 47507U          19309.33680556  .00000000  00000-0  00000-0 0 00000
2 47507 097.7160 44.0060 0000000 000.0000 162.6730 15.01920000000000
1 47507U          19309.65763889  .00000000  00000-0  00000-0 0 00000
2 47507 097.7160 44.3230 0000000 000.0000 095.1740 15.01920000000000
1 47507U          19310.02152778  .00000000  00000-0  00000-0 0 00000
2 47507 097.7170 44.6810 0000000 000.0000 260.1740 15.01920000000000
1 47507U          19310.33541667  .00000000  00000-0  00000-0 0 00000
2 47507 097.7170 44.9910 0000000 000.0000 155.1740 15.01920000000000
1 47507U          19310.60694444  .00000000  00000-0  00000-0 0 00000
2 47507 097.7170 45.2590 0000000 000.0000 181.4250 15.01920000000000
1 47507U          19310.98194444  .00000000  00000-0  00000-0 0 00000
2 47507 097.7180 45.6280 0000000 000.0000 046.4250 15.01920000000000
1 47507U          19311.25208333  .00000000  00000-0  00000-0 0 00000
2 47507 097.7180 45.8940 0000000 000.0000 065.1760 15.01920000000000
1 47507U          19311.69861111  .00000000  00000-0  00000-0 0 00000
2 47507 097.7190 46.3350 0000000 000.0000 316.4260 15.01920000000000
1 47507U          19311.89583333  .00000000  00000-0  00000-0 0 00000
2 47507 097.7190 46.5290 0000000 000.0000 301.4270 15.01914300000000
1 47507U          19312.18819444  .00000000  00000-0  00000-0 0 00000
2 47507 097.7190 46.8170 0000000 000.0000 080.1770 15.01914300000000
1 47507U          19312.61597222  .00000000  00000-0  00000-0 0 00000
2 47507 097.7200 47.2390 0000000 000.0000 230.1780 15.01914300000000
1 47507U          19312.95833333  .00000000  00000-0  00000-0 0 00000
2 47507 097.7200 47.5760 0000000 000.0000 278.9280 15.01914300000000
1 47507U          19313.15555556  .00000000  00000-0  00000-0 0 00000
2 47507 097.7210 47.7710 0000000 000.0000 263.9280 15.01914300000000
1 47507U          19313.62986111  .00000000  00000-0  00000-0 0 00000
2 47507 097.7210 48.2380 0000000 000.0000 305.1790 15.01914300000000
1 47507U          19313.90069444  .00000000  00000-0  00000-0 0 00000
2 47507 097.7220 48.5050 0000000 000.0000 327.6790 15.01914300000000
1 47507U          19314.15000000  .00000000  00000-0  00000-0 0 00000
2 47507 097.7220 48.7510 0000000 000.0000 233.9300 15.01914300000000
1 47507U          19314.63750000  .00000000  00000-0  00000-0 0 00000
2 47507 097.7220 49.2320 0000000 000.0000 346.4310 15.01914300000000
1 47507U          19314.82152778  .00000000  00000-0  00000-0 0 00000
2 47507 097.7230 49.4130 0000000 000.0000 260.1810 15.01914300000000
1 47507U          19315.17569444  .00000000  00000-0  00000-0 0 00000
2 47507 097.7230 49.7620 0000000 000.0000 012.6810 15.01914300000000
1 47507U          19315.53750000  .00000000  00000-0  00000-0 0 00000
2 47507 097.7240 50.1190 0000000 000.0000 166.4320 15.01914300000000
1 47507U          19315.90763889  .00000000  00000-0  00000-0 0 00000
2 47507 097.7240 50.4840 0000000 000.0000 005.1820 15.01914300000000
1 47507U          19316.30277778  .00000000  00000-0  00000-0 0 00000
2 47507 097.7240 50.8730 0000000 000.0000 338.9330 15.01914300000000
1 47507U          19316.61666667  .00000000  00000-0  00000-0 0 00000
2 47507 097.7250 51.1830 0000000 000.0000 233.9340 15.01914300000000
1 47507U          19316.90416667  .00000000  00000-0  00000-0 0 00000
2 47507 097.7250 51.4660 0000000 000.0000 346.4340 15.01914300000000
1 47507U          19317.18472222  .00000000  00000-0  00000-0 0 00000
2 47507 097.7250 51.7430 0000000 000.0000 061.4340 15.01914300000000
1 47507U          19317.48611111  .00000000  00000-0  00000-0 0 00000
2 47507 097.7260 52.0400 0000000 000.0000 248.9350 15.01914300000000
1 47507U          19317.91805556  .00000000  00000-0  00000-0 0 00000
2 47507 097.7260 52.4660 0000000 000.0000 061.4350 15.01914300000000
1 47507U          19318.24583333  .00000000  00000-0  00000-0 0 00000
2 47507 097.7270 52.7890 0000000 000.0000 031.4360 15.01914300000000
1 47507U          19318.61180556  .00000000  00000-0  00000-0 0 00000
2 47507 097.7270 53.1500 0000000 000.0000 207.6870 15.01914300000000
1 47507U          19318.81388889  .00000000  00000-0  00000-0 0 00000
2 47507 097.7270 53.3490 0000000 000.0000 218.9370 15.01914300000000
1 47507U          19318.97291667  .00000000  00000-0  00000-0 0 00000
2 47507 097.7270 53.5060 0000000 000.0000 357.6870 15.01914300000000
1 47507U          19319.17777778  .00000000  00000-0  00000-0 0 00000
2 47507 097.7280 53.7080 0000000 000.0000 023.9370 15.01914300000000
1 47507U          19319.62222222  .00000000  00000-0  00000-0 0 00000
2 47507 097.7280 54.1460 0000000 000.0000 263.9380 15.01914300000000
1 47507U          19319.82708333  .00000000  00000-0  00000-0 0 00000
2 47507 097.7280 54.3480 0000000 000.0000 290.1880 15.01914300000000
1 47507U          19320.16388889  .00000000  00000-0  00000-0 0 00000
2 47507 097.7290 54.6800 0000000 000.0000 308.9390 15.01914300000000
1 47507U          19320.50347222  .00000000  00000-0  00000-0 0 00000
2 47507 097.7290 55.0150 0000000 000.0000 342.6900 15.01914300000000
1 47507U          19320.83125000  .00000000  00000-0  00000-0 0 00000
2 47507 097.7290 55.3380 0000000 000.0000 312.6900 15.01914300000000
1 47507U          19321.22083333  .00000000  00000-0  00000-0 0 00000
2 47507 097.7300 55.7220 0000000 000.0000 256.4410 15.01914300000000
1 47507U          19321.58958333  .00000000  00000-0  00000-0 0 00000
2 47507 097.7300 56.0850 0000000 000.0000 087.6910 15.01914300000000
1 47507U          19321.89097222  .00000000  00000-0  00000-0 0 00000
2 47507 097.7310 56.3820 0000000 000.0000 275.1920 15.01914300000000
1 47507U          19322.19027778  .00000000  00000-0  00000-0 0 00000
2 47507 097.7310 56.6770 0000000 000.0000 091.4420 15.01914300000000
1 47507U          19322.61041667  .00000000  00000-0  00000-0 0 00000
2 47507 097.7310 57.0920 0000000 000.0000 200.1930 15.01914300000000
1 47507U          19322.97847222  .00000000  00000-0  00000-0 0 00000
2 47507 097.7320 57.4540 0000000 000.0000 027.6930 15.01914300000000
1 47507U          19323.25625000  .00000000  00000-0  00000-0 0 00000
2 47507 097.7320 57.7280 0000000 000.0000 087.6940 15.01914300000000
1 47507U          19323.54305556  .00000000  00000-0  00000-0 0 00000
2 47507 097.7320 58.0110 0000000 000.0000 196.4440 15.01914300000000
1 47507U          19323.89236111  .00000000  00000-0  00000-0 0 00000
2 47507 097.7330 58.3550 0000000 000.0000 282.6950 15.01914300000000
1 47507U          19324.15416667  .00000000  00000-0  00000-0 0 00000
2 47507 097.7330 58.6130 0000000 000.0000 256.4450 15.01914300000000
1 47507U          19324.61527778  .00000000  00000-0  00000-0 0 00000
2 47507 097.7330 59.0680 0000000 000.0000 226.4460 15.01914300000000
1 47507U          19324.86458333  .00000000  00000-0  00000-0 0 00000
2 47507 097.7330 59.3140 0000000 000.0000 132.6970 15.01914300000000
1 47507U          19325.19027778  .00000000  00000-0  00000-0 0 00000
2 47507 097.7340 59.6350 0000000 000.0000 091.4470 15.01914300000000
1 47507U          19325.62708333  .00000000  00000-0  00000-0 0 00000
2 47507 097.7340 60.0650 0000000 000.0000 290.1980 15.01914300000000
1 47507U          19325.89583333  .00000000  00000-0  00000-0 0 00000
2 47507 097.7340 60.3300 0000000 000.0000 301.4480 15.01914300000000
1 47507U          19325.89583333  .00000000  00000-0  00000-0 0 00000
2 47507 097.7340 60.3300 0000000 000.0000 301.4480 15.01914300000000
1 47507U          19326.26666667  .00000000  00000-0  00000-0 0 00000
2 47507 097.7300 60.6970 0016220 335.4770 166.6710 14.99817400000000
1 47507U          19326.49097222  .00000000  00000-0  00000-0 0 00000
2 47507 097.7390 60.9120 0012560 050.2910 222.0610 15.03597600000000
1 47507U          19326.87847222  .00000000  00000-0  00000-0 0 00000
2 47507 097.7290 61.2860 0014510 305.2070 257.7990 14.98452400000000
1 47507U          19327.16111111  .00000000  00000-0  00000-0 0 00000
2 47507 097.7380 61.5710 0005679 085.3640 202.4560 15.03017100000000
1 47507U          19327.50972222  .00000000  00000-0  00000-0 0 00000
2 47507 097.7310 61.9090 0013580 330.8110 037.8560 14.97664900000000
1 47507U          19327.81527778  .00000000  00000-0  00000-0 0 00000
2 47507 096.5630 60.8950 0170970 281.4200 320.0730 15.26528000000000
1 47507U          19328.23541667  .00000000  00000-0  00000-0 0 00000
2 47507 096.5580 61.2600 0174770 275.7030 109.0030 15.22947200000000
1 47507U          19328.49097222  .00000000  00000-0  00000-0 0 00000
2 47507 096.5600 61.4860 0181400 276.1480 069.4460 15.21904200000000
1 47507U          19328.94236111  .00000000  00000-0  00000-0 0 00000
2 47507 096.5670 61.8760 0169449 270.1510 029.9540 15.26399300000000
1 47507U          19329.14861111  .00000000  00000-0  00000-0 0 00000
2 47507 096.5610 62.0530 0180090 273.8140 077.0230 15.21758900000000
1 47507U          19329.59791667  .00000000  00000-0  00000-0 0 00000
2 47507 096.5690 62.4430 0166480 267.6640 026.2790 15.27064400000000
1 47507U          19329.92291667  .00000000  00000-0  00000-0 0 00000
2 47507 096.5700 62.7200 0159720 268.5030 007.1550 15.28157600000000
1 47507U          19330.26736111  .00000000  00000-0  00000-0 0 00000
2 47507 096.5590 63.0190 0176540 269.7050 094.2850 15.21770100000000
1 47507U          19330.58263889  .00000000  00000-0  00000-0 0 00000
2 47507 096.5700 63.2940 0166220 263.7130 028.6290 15.27213300000000
1 47507U          19330.84097222  .00000000  00000-0  00000-0 0 00000
2 47507 098.0250 65.1280 0159729 269.8880 358.6110 15.26649000000000
1 47507U          19331.22291667  .00000000  00000-0  00000-0 0 00000
2 47507 098.0150 65.5280 0181760 267.8490 292.5160 15.20779100000000
1 47507U          19331.55486111  .00000000  00000-0  00000-0 0 00000
2 47507 098.0220 65.8770 0179710 268.8970 309.4750 15.22421200000000
1 47507U          19331.87430556  .00000000  00000-0  00000-0 0 00000
2 47507 098.0160 66.2200 0175860 264.8780 262.9320 15.20573500000000
1 47507U          19332.20625000  .00000000  00000-0  00000-0 0 00000
2 47507 098.0150 66.5670 0179940 263.1440 282.7130 15.20177200000000
1 47507U          19332.59930556  .00000000  00000-0  00000-0 0 00000
2 47507 098.0180 66.9840 0178430 261.6820 276.8600 15.20207100000000
1 47507U          19332.86944444  .00000000  00000-0  00000-0 0 00000
2 47507 098.0200 67.2620 0179490 264.0110 314.0910 15.22425500000000
