1 49231U          19281.97222222  .00000000  00000-0  00000-0 0 00000
2 49231 097.6720 17.0320 0000000 000.0000 161.8960 15.01920000000000
1 49231U          19282.32500000  .00000000  00000-0  00000-0 0 00000
2 49231 097.6730 17.3800 0000000 000.0000 266.8960 15.01920000000000
1 49231U          19282.58472222  .00000000  00000-0  00000-0 0 00000
2 49231 097.6740 17.6360 0000000 000.0000 229.3960 15.01920000000000
1 49231U          19283.00555556  .00000000  00000-0  00000-0 0 00000
2 49231 097.6740 18.0510 0000000 000.0000 341.8970 15.01920000000000
1 49231U          19283.34722222  .00000000  00000-0  00000-0 0 00000
2 49231 097.6750 18.3880 0000000 000.0000 026.8970 15.01920000000000
1 49231U          19283.61944444  .00000000  00000-0  00000-0 0 00000
2 49231 097.6750 18.6560 0000000 000.0000 056.8970 15.01920000000000
1 49231U          19284.01944444  .00000000  00000-0  00000-0 0 00000
2 49231 097.6760 19.0500 0000000 000.0000 056.8970 15.01920000000000
1 49231U          19284.35694444  .00000000  00000-0  00000-0 0 00000
2 49231 097.6770 19.3830 0000000 000.0000 079.3970 15.01920000000000
1 49231U          19284.70277778  .00000000  00000-0  00000-0 0 00000
2 49231 097.6770 19.7240 0000000 000.0000 146.8980 15.01920000000000
1 49231U          19285.06736111  .00000000  00000-0  00000-0 0 00000
2 49231 097.6780 20.0830 0000000 000.0000 315.6480 15.01920000000000
1 49231U          19285.25486111  .00000000  00000-0  00000-0 0 00000
2 49231 097.6780 20.2680 0000000 000.0000 248.1480 15.01920000000000
1 49231U          19285.65347222  .00000000  00000-0  00000-0 0 00000
2 49231 097.6790 20.6610 0000000 000.0000 240.6480 15.01920000000000
1 49231U          19286.04930556  .00000000  00000-0  00000-0 0 00000
2 49231 097.6800 21.0510 0000000 000.0000 218.1490 15.01920000000000
1 49231U          19286.37847222  .00000000  00000-0  00000-0 0 00000
2 49231 097.6800 21.3750 0000000 000.0000 195.6490 15.01920000000000
1 49231U          19286.71805556  .00000000  00000-0  00000-0 0 00000
2 49231 097.6810 21.7100 0000000 000.0000 229.3990 15.01920000000000
1 49231U          19286.91875000  .00000000  00000-0  00000-0 0 00000
2 49231 097.6810 21.9080 0000000 000.0000 233.1490 15.01920000000000
1 49231U          19287.38611111  .00000000  00000-0  00000-0 0 00000
2 49231 097.6820 22.3690 0000000 000.0000 236.9000 15.01920000000000
1 49231U          19287.69166667  .00000000  00000-0  00000-0 0 00000
2 49231 097.6820 22.6700 0000000 000.0000 086.9000 15.01920000000000
1 49231U          19287.91805556  .00000000  00000-0  00000-0 0 00000
2 49231 097.6830 22.8930 0000000 000.0000 229.4000 15.01920000000000
1 49231U          19288.25972222  .00000000  00000-0  00000-0 0 00000
2 49231 097.6830 23.2300 0000000 000.0000 274.4000 15.01920000000000
1 49231U          19288.66388889  .00000000  00000-0  00000-0 0 00000
2 49231 097.6840 23.6280 0000000 000.0000 296.9010 15.01920000000000
1 49231U          19289.05902778  .00000000  00000-0  00000-0 0 00000
2 49231 097.6850 24.0180 0000000 000.0000 270.6510 15.01920000000000
1 49231U          19289.30833333  .00000000  00000-0  00000-0 0 00000
2 49231 097.6850 24.2630 0000000 000.0000 176.9010 15.01920000000000
1 49231U          19289.69930556  .00000000  00000-0  00000-0 0 00000
2 49231 097.6860 24.6490 0000000 000.0000 128.1510 15.01920000000000
1 49231U          19290.07777778  .00000000  00000-0  00000-0 0 00000
2 49231 097.6860 25.0220 0000000 000.0000 011.9020 15.01920000000000
1 49231U          19290.39027778  .00000000  00000-0  00000-0 0 00000
2 49231 097.6870 25.3300 0000000 000.0000 259.4020 15.01920000000000
1 49231U          19290.62430556  .00000000  00000-0  00000-0 0 00000
2 49231 097.6870 25.5610 0000000 000.0000 083.1520 15.01920000000000
1 49231U          19290.92083333  .00000000  00000-0  00000-0 0 00000
2 49231 097.6880 25.8530 0000000 000.0000 244.4030 15.01920000000000
1 49231U          19291.31111111  .00000000  00000-0  00000-0 0 00000
2 49231 097.6890 26.2380 0000000 000.0000 191.9030 15.01920000000000
1 49231U          19291.62916667  .00000000  00000-0  00000-0 0 00000
2 49231 097.6890 26.5510 0000000 000.0000 109.4030 15.01920000000000
1 49231U          19291.93402778  .00000000  00000-0  00000-0 0 00000
2 49231 097.6900 26.8520 0000000 000.0000 315.6530 15.01920000000000
1 49231U          19292.26597222  .00000000  00000-0  00000-0 0 00000
2 49231 097.6900 27.1790 0000000 000.0000 308.1540 15.01920000000000
1 49231U          19292.62222222  .00000000  00000-0  00000-0 0 00000
2 49231 097.6910 27.5300 0000000 000.0000 071.9040 15.01920000000000
1 49231U          19292.93819444  .00000000  00000-0  00000-0 0 00000
2 49231 097.6910 27.8410 0000000 000.0000 338.1540 15.01920000000000
1 49231U          19293.40694444  .00000000  00000-0  00000-0 0 00000
2 49231 097.6920 28.3030 0000000 000.0000 349.4050 15.01920000000000
1 49231U          19293.69444444  .00000000  00000-0  00000-0 0 00000
2 49231 097.6920 28.5870 0000000 000.0000 101.9050 15.01920000000000
1 49231U          19294.02500000  .00000000  00000-0  00000-0 0 00000
2 49231 097.6930 28.9130 0000000 000.0000 086.9050 15.01920000000000
1 49231U          19294.35277778  .00000000  00000-0  00000-0 0 00000
2 49231 097.6940 29.2360 0000000 000.0000 056.9060 15.01920000000000
1 49231U          19294.63125000  .00000000  00000-0  00000-0 0 00000
2 49231 097.6940 29.5100 0000000 000.0000 120.6560 15.01920000000000
1 49231U          19295.05833333  .00000000  00000-0  00000-0 0 00000
2 49231 097.6950 29.9310 0000000 000.0000 266.9060 15.01920000000000
1 49231U          19295.32569444  .00000000  00000-0  00000-0 0 00000
2 49231 097.6950 30.1950 0000000 000.0000 270.6570 15.01920000000000
1 49231U          19295.59652778  .00000000  00000-0  00000-0 0 00000
2 49231 097.6960 30.4620 0000000 000.0000 293.1570 15.01920000000000
1 49231U          19295.99444444  .00000000  00000-0  00000-0 0 00000
2 49231 097.6960 30.8540 0000000 000.0000 281.9070 15.01920000000000
1 49231U          19296.30138889  .00000000  00000-0  00000-0 0 00000
2 49231 097.6970 31.1570 0000000 000.0000 139.4080 15.01920000000000
1 49231U          19296.66597222  .00000000  00000-0  00000-0 0 00000
2 49231 097.6970 31.5160 0000000 000.0000 308.1580 15.01920000000000
1 49231U          19296.99652778  .00000000  00000-0  00000-0 0 00000
2 49231 097.6980 31.8420 0000000 000.0000 293.1580 15.01920000000000
1 49231U          19297.30069444  .00000000  00000-0  00000-0 0 00000
2 49231 097.6980 32.1420 0000000 000.0000 135.6590 15.01920000000000
1 49231U          19297.62083333  .00000000  00000-0  00000-0 0 00000
2 49231 097.6990 32.4570 0000000 000.0000 064.4090 15.01920000000000
1 49231U          19297.93541667  .00000000  00000-0  00000-0 0 00000
2 49231 097.6990 32.7670 0000000 000.0000 323.1590 15.01920000000000
1 49231U          19298.31666667  .00000000  00000-0  00000-0 0 00000
2 49231 097.7000 33.1430 0000000 000.0000 221.9100 15.01920000000000
1 49231U          19298.70902778  .00000000  00000-0  00000-0 0 00000
2 49231 097.7000 33.5300 0000000 000.0000 180.6600 15.01920000000000
1 49231U          19298.92152778  .00000000  00000-0  00000-0 0 00000
2 49231 097.7010 33.7390 0000000 000.0000 248.1600 15.01920000000000
1 49231U          19299.38402778  .00000000  00000-0  00000-0 0 00000
2 49231 097.7010 34.1950 0000000 000.0000 225.6610 15.01920000000000
1 49231U          19299.70416667  .00000000  00000-0  00000-0 0 00000
2 49231 097.7020 34.5110 0000000 000.0000 154.4110 15.01920000000000
1 49231U          19299.97916667  .00000000  00000-0  00000-0 0 00000
2 49231 097.7020 34.7820 0000000 000.0000 199.4120 15.01920000000000
1 49231U          19300.25486111  .00000000  00000-0  00000-0 0 00000
2 49231 097.7030 35.0540 0000000 000.0000 248.1620 15.01920000000000
1 49231U          19300.70277778  .00000000  00000-0  00000-0 0 00000
2 49231 097.7030 35.4950 0000000 000.0000 146.9120 15.01920000000000
1 49231U          19301.01388889  .00000000  00000-0  00000-0 0 00000
2 49231 097.7040 35.8020 0000000 000.0000 026.9130 15.01920000000000
1 49231U          19301.37708333  .00000000  00000-0  00000-0 0 00000
2 49231 097.7040 36.1600 0000000 000.0000 188.1630 15.01920000000000
1 49231U          19301.67291667  .00000000  00000-0  00000-0 0 00000
2 49231 097.7050 36.4520 0000000 000.0000 345.6630 15.01920000000000
1 49231U          19302.07430556  .00000000  00000-0  00000-0 0 00000
2 49231 097.7060 36.8470 0000000 000.0000 353.1640 15.01920000000000
1 49231U          19302.36805556  .00000000  00000-0  00000-0 0 00000
2 49231 097.7060 37.1370 0000000 000.0000 139.4140 15.01920000000000
1 49231U          19302.74583333  .00000000  00000-0  00000-0 0 00000
2 49231 097.7070 37.5090 0000000 000.0000 019.4150 15.01920000000000
1 49231U          19302.94930556  .00000000  00000-0  00000-0 0 00000
2 49231 097.7070 37.7100 0000000 000.0000 038.1650 15.01920000000000
1 49231U          19303.27083333  .00000000  00000-0  00000-0 0 00000
2 49231 097.7070 38.0270 0000000 000.0000 334.4150 15.01920000000000
1 49231U          19303.63680556  .00000000  00000-0  00000-0 0 00000
2 49231 097.7080 38.3880 0000000 000.0000 150.6660 15.01920000000000
1 49231U          19304.05902778  .00000000  00000-0  00000-0 0 00000
2 49231 097.7080 38.8040 0000000 000.0000 270.6660 15.01920000000000
1 49231U          19304.25277778  .00000000  00000-0  00000-0 0 00000
2 49231 097.7090 38.9950 0000000 000.0000 236.9170 15.01920000000000
1 49231U          19304.67777778  .00000000  00000-0  00000-0 0 00000
2 49231 097.7090 39.4140 0000000 000.0000 011.9170 15.01920000000000
1 49231U          19304.92986111  .00000000  00000-0  00000-0 0 00000
2 49231 097.7100 39.6620 0000000 000.0000 293.1670 15.01920000000000
1 49231U          19305.28611111  .00000000  00000-0  00000-0 0 00000
2 49231 097.7100 40.0130 0000000 000.0000 056.9180 15.01920000000000
1 49231U          19305.71041667  .00000000  00000-0  00000-0 0 00000
2 49231 097.7110 40.4320 0000000 000.0000 188.1680 15.01920000000000
1 49231U          19305.91805556  .00000000  00000-0  00000-0 0 00000
2 49231 097.7110 40.6360 0000000 000.0000 229.4190 15.01920000000000
1 49231U          19306.32916667  .00000000  00000-0  00000-0 0 00000
2 49231 097.7120 41.0420 0000000 000.0000 289.4190 15.01920000000000
1 49231U          19306.74097222  .00000000  00000-0  00000-0 0 00000
2 49231 097.7120 41.4480 0000000 000.0000 353.1700 15.01920000000000
1 49231U          19307.06111111  .00000000  00000-0  00000-0 0 00000
2 49231 097.7130 41.7630 0000000 000.0000 281.9200 15.01920000000000
1 49231U          19307.25416667  .00000000  00000-0  00000-0 0 00000
2 49231 097.7130 41.9530 0000000 000.0000 244.4200 15.01920000000000
1 49231U          19307.74305556  .00000000  00000-0  00000-0 0 00000
2 49231 097.7140 42.4350 0000000 000.0000 004.4210 15.01920000000000
1 49231U          19307.92013889  .00000000  00000-0  00000-0 0 00000
2 49231 097.7140 42.6100 0000000 000.0000 240.6710 15.01920000000000
1 49231U          19308.30486111  .00000000  00000-0  00000-0 0 00000
2 49231 097.7140 42.9890 0000000 000.0000 158.1720 15.01920000000000
1 49231U          19308.59861111  .00000000  00000-0  00000-0 0 00000
2 49231 097.7150 43.2790 0000000 000.0000 304.4220 15.01920000000000
1 49231U          19308.99444444  .00000000  00000-0  00000-0 0 00000
2 49231 097.7150 43.6690 0000000 000.0000 281.9230 15.01920000000000
1 49231U          19309.37569444  .00000000  00000-0  00000-0 0 00000
2 49231 097.7160 44.0450 0000000 000.0000 180.6730 15.01920000000000
1 49231U          19309.73194444  .00000000  00000-0  00000-0 0 00000
2 49231 097.7160 44.3960 0000000 000.0000 304.4240 15.01920000000000
1 49231U          19309.95972222  .00000000  00000-0  00000-0 0 00000
2 49231 097.7170 44.6200 0000000 000.0000 094.4240 15.01920000000000
1 49231U          19310.28819444  .00000000  00000-0  00000-0 0 00000
2 49231 097.7170 44.9440 0000000 000.0000 068.1740 15.01920000000000
1 49231U          19310.66388889  .00000000  00000-0  00000-0 0 00000
2 49231 097.7170 45.3150 0000000 000.0000 296.9250 15.01920000000000
1 49231U          19310.97777778  .00000000  00000-0  00000-0 0 00000
2 49231 097.7180 45.6240 0000000 000.0000 191.9250 15.01920000000000
1 49231U          19311.26805556  .00000000  00000-0  00000-0 0 00000
2 49231 097.7180 45.9100 0000000 000.0000 319.4260 15.01920000000000
1 49231U          19311.64305556  .00000000  00000-0  00000-0 0 00000
2 49231 097.7190 46.2800 0000000 000.0000 184.4260 15.01920000000000
1 49231U          19311.97013889  .00000000  00000-0  00000-0 0 00000
2 49231 097.7190 46.6020 0000000 000.0000 150.6770 15.01914300000000
1 49231U          19312.17430556  .00000000  00000-0  00000-0 0 00000
2 49231 097.7190 46.8040 0000000 000.0000 173.1770 15.01914300000000
1 49231U          19312.48472222  .00000000  00000-0  00000-0 0 00000
2 49231 097.7200 47.1100 0000000 000.0000 049.4270 15.01914300000000
1 49231U          19312.87361111  .00000000  00000-0  00000-0 0 00000
2 49231 097.7200 47.4930 0000000 000.0000 349.4280 15.01914300000000
1 49231U          19313.26666667  .00000000  00000-0  00000-0 0 00000
2 49231 097.7210 47.8800 0000000 000.0000 311.9290 15.01914300000000
1 49231U          19313.59583333  .00000000  00000-0  00000-0 0 00000
2 49231 097.7210 48.2050 0000000 000.0000 289.4290 15.01914300000000
1 49231U          19313.86805556  .00000000  00000-0  00000-0 0 00000
2 49231 097.7220 48.4730 0000000 000.0000 319.4290 15.01914300000000
1 49231U          19314.16250000  .00000000  00000-0  00000-0 0 00000
2 49231 097.7220 48.7640 0000000 000.0000 109.4300 15.01914300000000
1 49231U          19314.49583333  .00000000  00000-0  00000-0 0 00000
2 49231 097.7220 49.0920 0000000 000.0000 109.4300 15.01914300000000
1 49231U          19314.86875000  .00000000  00000-0  00000-0 0 00000
2 49231 097.7230 49.4600 0000000 000.0000 323.1810 15.01914300000000
1 49231U          19315.16736111  .00000000  00000-0  00000-0 0 00000
2 49231 097.7230 49.7540 0000000 000.0000 135.6810 15.01914300000000
1 49231U          19315.50833333  .00000000  00000-0  00000-0 0 00000
2 49231 097.7240 50.0900 0000000 000.0000 176.9320 15.01914300000000
1 49231U          19315.85000000  .00000000  00000-0  00000-0 0 00000
2 49231 097.7240 50.4270 0000000 000.0000 221.9320 15.01914300000000
1 49231U          19316.16041667  .00000000  00000-0  00000-0 0 00000
2 49231 097.7240 50.7330 0000000 000.0000 098.1830 15.01914300000000
1 49231U          19316.61111111  .00000000  00000-0  00000-0 0 00000
2 49231 097.7250 51.1770 0000000 000.0000 011.9330 15.01914300000000
1 49231U          19316.84236111  .00000000  00000-0  00000-0 0 00000
2 49231 097.7250 51.4050 0000000 000.0000 180.6840 15.01914300000000
1 49231U          19317.29027778  .00000000  00000-0  00000-0 0 00000
2 49231 097.7260 51.8470 0000000 000.0000 079.4350 15.01914300000000
1 49231U          19317.64166667  .00000000  00000-0  00000-0 0 00000
2 49231 097.7260 52.1930 0000000 000.0000 176.9350 15.01914300000000
1 49231U          19317.86666667  .00000000  00000-0  00000-0 0 00000
2 49231 097.7260 52.4150 0000000 000.0000 311.9350 15.01914300000000
1 49231U          19318.27152778  .00000000  00000-0  00000-0 0 00000
2 49231 097.7270 52.8140 0000000 000.0000 338.1860 15.01914300000000
1 49231U          19318.57708333  .00000000  00000-0  00000-0 0 00000
2 49231 097.7270 53.1150 0000000 000.0000 188.1870 15.01914300000000
1 49231U          19318.88402778  .00000000  00000-0  00000-0 0 00000
2 49231 097.7270 53.4180 0000000 000.0000 045.6870 15.01914300000000
1 49231U          19318.89583333  .00000000  00000-0  00000-0 0 00000
2 49231 097.7270 53.4300 0000000 000.0000 109.4370 15.01914300000000
1 49231U          19319.26875000  .00000000  00000-0  00000-0 0 00000
2 49231 097.7280 53.7970 0000000 000.0000 323.1880 15.01914300000000
1 49231U          19319.64305556  .00000000  00000-0  00000-0 0 00000
2 49231 097.7280 54.1660 0000000 000.0000 184.4380 15.01914300000000
1 49231U          19319.93333333  .00000000  00000-0  00000-0 0 00000
2 49231 097.7280 54.4520 0000000 000.0000 311.9390 15.01914300000000
1 49231U          19320.20069444  .00000000  00000-0  00000-0 0 00000
2 49231 097.7290 54.7160 0000000 000.0000 315.6890 15.01914300000000
1 49231U          19320.55972222  .00000000  00000-0  00000-0 0 00000
2 49231 097.7290 55.0700 0000000 000.0000 094.4400 15.01914300000000
1 49231U          19320.93819444  .00000000  00000-0  00000-0 0 00000
2 49231 097.7300 55.4430 0000000 000.0000 338.1900 15.01914300000000
1 49231U          19321.24513889  .00000000  00000-0  00000-0 0 00000
2 49231 097.7300 55.7460 0000000 000.0000 195.6910 15.01914300000000
1 49231U          19321.51805556  .00000000  00000-0  00000-0 0 00000
2 49231 097.7300 56.0150 0000000 000.0000 229.4410 15.01914300000000
1 49231U          19321.95277778  .00000000  00000-0  00000-0 0 00000
2 49231 097.7310 56.4430 0000000 000.0000 056.9420 15.01914300000000
1 49231U          19322.19583333  .00000000  00000-0  00000-0 0 00000
2 49231 097.7310 56.6830 0000000 000.0000 289.4420 15.01914300000000
1 49231U          19322.55138889  .00000000  00000-0  00000-0 0 00000
2 49231 097.7310 57.0330 0000000 000.0000 049.4430 15.01914300000000
1 49231U          19322.82986111  .00000000  00000-0  00000-0 0 00000
2 49231 097.7310 57.3080 0000000 000.0000 113.1930 15.01914300000000
1 49231U          19323.30763889  .00000000  00000-0  00000-0 0 00000
2 49231 097.7320 57.7790 0000000 000.0000 173.1940 15.01914300000000
1 49231U          19323.62222222  .00000000  00000-0  00000-0 0 00000
2 49231 097.7320 58.0890 0000000 000.0000 071.9450 15.01914300000000
1 49231U          19323.85208333  .00000000  00000-0  00000-0 0 00000
2 49231 097.7320 58.3160 0000000 000.0000 233.1950 15.01914300000000
1 49231U          19324.20069444  .00000000  00000-0  00000-0 0 00000
2 49231 097.7330 58.6590 0000000 000.0000 315.6950 15.01914300000000
1 49231U          19324.58958333  .00000000  00000-0  00000-0 0 00000
2 49231 097.7330 59.0430 0000000 000.0000 255.6960 15.01914300000000
1 49231U          19324.89236111  .00000000  00000-0  00000-0 0 00000
2 49231 097.7330 59.3410 0000000 000.0000 090.6970 15.01914300000000
1 49231U          19325.23819444  .00000000  00000-0  00000-0 0 00000
2 49231 097.7340 59.6820 0000000 000.0000 158.1970 15.01914300000000
1 49231U          19325.58055556  .00000000  00000-0  00000-0 0 00000
2 49231 097.7340 60.0200 0000000 000.0000 206.9480 15.01914300000000
1 49231U          19325.89583333  .00000000  00000-0  00000-0 0 00000
2 49231 097.7340 60.3300 0000000 000.0000 109.4480 15.01914300000000
1 49231U          19325.89583333  .00000000  00000-0  00000-0 0 00000
2 49231 097.7340 60.3300 0000000 000.0000 109.4480 15.01914300000000
1 49231U          19326.21666667  .00000000  00000-0  00000-0 0 00000
2 49231 097.7350 60.6470 0000000 000.0000 041.9490 15.01914300000000
1 49231U          19326.59930556  .00000000  00000-0  00000-0 0 00000
2 49231 097.7350 61.0240 0000000 000.0000 308.1990 15.01914300000000
1 49231U          19326.93611111  .00000000  00000-0  00000-0 0 00000
2 49231 097.7350 61.3560 0000000 000.0000 326.9500 15.01914300000000
1 49231U          19327.27916667  .00000000  00000-0  00000-0 0 00000
2 49231 097.7360 61.6940 0000000 000.0000 019.4510 15.01914300000000
1 49231U          19327.55000000  .00000000  00000-0  00000-0 0 00000
2 49231 097.7360 61.9610 0000000 000.0000 041.9510 15.01914300000000
1 49231U          19327.93333333  .00000000  00000-0  00000-0 0 00000
2 49231 097.7360 62.3390 0000000 000.0000 311.9520 15.01914300000000
1 49231U          19328.19027778  .00000000  00000-0  00000-0 0 00000
2 49231 097.7360 62.5920 0000000 000.0000 259.4520 15.01914300000000
1 49231U          19328.53680556  .00000000  00000-0  00000-0 0 00000
2 49231 097.7370 62.9340 0000000 000.0000 330.7030 15.01914300000000
1 49231U          19328.95625000  .00000000  00000-0  00000-0 0 00000
2 49231 097.7370 63.3470 0000000 000.0000 075.7030 15.01914300000000
1 49231U          19329.29305556  .00000000  00000-0  00000-0 0 00000
2 49231 097.7370 63.6800 0000000 000.0000 094.4540 15.01914300000000
1 49231U          19329.58194444  .00000000  00000-0  00000-0 0 00000
2 49231 097.7380 63.9640 0000000 000.0000 214.4550 15.01914300000000
1 49231U          19329.82847222  .00000000  00000-0  00000-0 0 00000
2 49231 097.7380 64.2070 0000000 000.0000 105.7050 15.01914300000000
1 49231U          19330.24930556  .00000000  00000-0  00000-0 0 00000
2 49231 097.7380 64.6220 0000000 000.0000 218.2060 15.01914300000000
1 49231U          19330.50972222  .00000000  00000-0  00000-0 0 00000
2 49231 097.7380 64.8790 0000000 000.0000 184.4560 15.01914300000000
1 49231U          19330.94444444  .00000000  00000-0  00000-0 0 00000
2 49231 097.7390 65.3080 0000000 000.0000 011.9570 15.01914300000000
1 49231U          19331.20902778  .00000000  00000-0  00000-0 0 00000
2 49231 097.7390 65.5680 0000000 000.0000 000.7070 15.01914300000000
1 49231U          19331.55555556  .00000000  00000-0  00000-0 0 00000
2 49231 097.7390 65.9100 0000000 000.0000 071.9580 15.01914300000000
1 49231U          19331.87708333  .00000000  00000-0  00000-0 0 00000
2 49231 097.7390 66.2270 0000000 000.0000 008.2090 15.01914300000000
1 49231U          19332.20625000  .00000000  00000-0  00000-0 0 00000
2 49231 097.7400 66.5510 0000000 000.0000 345.7090 15.01914300000000
1 49231U          19332.61597222  .00000000  00000-0  00000-0 0 00000
2 49231 097.7400 66.9550 0000000 000.0000 038.2100 15.01914300000000
1 49231U          19332.89583333  .00000000  00000-0  00000-0 0 00000
2 49231 097.7400 67.2310 0000000 000.0000 109.4600 15.01914300000000
