1 50450U          19281.97638889  .00000000  00000-0  00000-0 0 00000
2 50450 097.7140 042.754  0000000 000.0000 283.8490 15.01920000000000
1 50450U          19282.37638889  .00000000  00000-0  00000-0 0 00000
2 50450 097.7150 043.148  0000000 000.0000 283.8490 15.01920000000000
1 50450U          19282.71111111  .00000000  00000-0  00000-0 0 00000
2 50450 097.7150 043.478  0000000 000.0000 291.3500 15.01920000000000
1 50450U          19282.97083333  .00000000  00000-0  00000-0 0 00000
2 50450 097.7150 043.734  0000000 000.0000 253.8500 15.01920000000000
1 50450U          19283.40833333  .00000000  00000-0  00000-0 0 00000
2 50450 097.7160 044.165  0000000 000.0000 096.3510 15.01920000000000
1 50450U          19283.70000000  .00000000  00000-0  00000-0 0 00000
2 50450 097.7160 044.453  0000000 000.0000 231.3510 15.01920000000000
1 50450U          19283.97708333  .00000000  00000-0  00000-0 0 00000
2 50450 097.7170 044.726  0000000 000.0000 287.6020 15.01920000000000
1 50450U          19284.26805556  .00000000  00000-0  00000-0 0 00000
2 50450 097.7170 045.013  0000000 000.0000 058.8520 15.01920000000000
1 50450U          19284.64513889  .00000000  00000-0  00000-0 0 00000
2 50450 097.7180 045.385  0000000 000.0000 295.1030 15.01920000000000
1 50450U          19285.05069444  .00000000  00000-0  00000-0 0 00000
2 50450 097.7180 045.784  0000000 000.0000 325.1030 15.01920000000000
1 50450U          19285.33402778  .00000000  00000-0  00000-0 0 00000
2 50450 097.7180 046.064  0000000 000.0000 055.1040 15.01920000000000
1 50450U          19285.74444444  .00000000  00000-0  00000-0 0 00000
2 50450 097.7190 046.468  0000000 000.0000 111.3540 15.01920000000000
1 50450U          19285.92291667  .00000000  00000-0  00000-0 0 00000
2 50450 097.7190 046.644  0000000 000.0000 355.1040 15.01920000000000
1 50450U          19286.37430556  .00000000  00000-0  00000-0 0 00000
2 50450 097.7200 047.089  0000000 000.0000 272.6050 15.01920000000000
1 50450U          19286.71041667  .00000000  00000-0  00000-0 0 00000
2 50450 097.7200 047.421  0000000 000.0000 287.6050 15.01920000000000
1 50450U          19286.93125000  .00000000  00000-0  00000-0 0 00000
2 50450 097.7200 047.638  0000000 000.0000 040.1060 15.01920000000000
1 50450U          19287.40416667  .00000000  00000-0  00000-0 0 00000
2 50450 097.7210 048.104  0000000 000.0000 073.8560 15.01920000000000
1 50450U          19287.69722222  .00000000  00000-0  00000-0 0 00000
2 50450 097.7210 048.393  0000000 000.0000 216.3570 15.01920000000000
1 50450U          19287.94583333  .00000000  00000-0  00000-0 0 00000
2 50450 097.7220 048.638  0000000 000.0000 118.8570 15.01920000000000
1 50450U          19288.36736111  .00000000  00000-0  00000-0 0 00000
2 50450 097.7220 049.054  0000000 000.0000 235.1080 15.01920000000000
1 50450U          19288.68541667  .00000000  00000-0  00000-0 0 00000
2 50450 097.7230 049.368  0000000 000.0000 152.6080 15.01920000000000
1 50450U          19288.93125000  .00000000  00000-0  00000-0 0 00000
2 50450 097.7230 049.610  0000000 000.0000 040.1090 15.01920000000000
1 50450U          19289.36180556  .00000000  00000-0  00000-0 0 00000
2 50450 097.7230 050.034  0000000 000.0000 205.1090 15.01920000000000
1 50450U          19289.64375000  .00000000  00000-0  00000-0 0 00000
2 50450 097.7240 050.312  0000000 000.0000 287.6100 15.01920000000000
1 50450U          19290.00416667  .00000000  00000-0  00000-0 0 00000
2 50450 097.7240 050.668  0000000 000.0000 073.8600 15.01920000000000
1 50450U          19290.30416667  .00000000  00000-0  00000-0 0 00000
2 50450 097.7250 050.963  0000000 000.0000 253.8610 15.01920000000000
1 50450U          19290.73819444  .00000000  00000-0  00000-0 0 00000
2 50450 097.7250 051.391  0000000 000.0000 077.6110 15.01920000000000
1 50450U          19291.08333333  .00000000  00000-0  00000-0 0 00000
2 50450 097.7250 051.731  0000000 000.0000 141.3620 15.01920000000000
1 50450U          19291.37569444  .00000000  00000-0  00000-0 0 00000
2 50450 097.7260 052.020  0000000 000.0000 280.1120 15.01920000000000
1 50450U          19291.67500000  .00000000  00000-0  00000-0 0 00000
2 50450 097.7260 052.315  0000000 000.0000 096.3630 15.01920000000000
1 50450U          19292.00555556  .00000000  00000-0  00000-0 0 00000
2 50450 097.7260 052.641  0000000 000.0000 081.3630 15.01920000000000
1 50450U          19292.28055556  .00000000  00000-0  00000-0 0 00000
2 50450 097.7270 052.912  0000000 000.0000 126.3640 15.01920000000000
1 50450U          19292.69375000  .00000000  00000-0  00000-0 0 00000
2 50450 097.7270 053.319  0000000 000.0000 197.6140 15.01920000000000
1 50450U          19293.05069444  .00000000  00000-0  00000-0 0 00000
2 50450 097.7280 053.671  0000000 000.0000 325.1150 15.01920000000000
1 50450U          19293.30902778  .00000000  00000-0  00000-0 0 00000
2 50450 097.7280 053.925  0000000 000.0000 280.1150 15.01920000000000
1 50450U          19293.60833333  .00000000  00000-0  00000-0 0 00000
2 50450 097.7280 054.221  0000000 000.0000 096.3660 15.01920000000000
1 50450U          19294.02291667  .00000000  00000-0  00000-0 0 00000
2 50450 097.7290 054.629  0000000 000.0000 175.1160 15.01920000000000
1 50450U          19294.39236111  .00000000  00000-0  00000-0 0 00000
2 50450 097.7290 054.993  0000000 000.0000 010.1170 15.01920000000000
1 50450U          19294.65416667  .00000000  00000-0  00000-0 0 00000
2 50450 097.7290 055.252  0000000 000.0000 343.8670 15.01920000000000
1 50450U          19294.98541667  .00000000  00000-0  00000-0 0 00000
2 50450 097.7300 055.578  0000000 000.0000 332.6180 15.01920000000000
1 50450U          19295.35763889  .00000000  00000-0  00000-0 0 00000
2 50450 097.7300 055.945  0000000 000.0000 182.6190 15.01920000000000
1 50450U          19295.68125000  .00000000  00000-0  00000-0 0 00000
2 50450 097.7300 056.264  0000000 000.0000 130.1190 15.01920000000000
1 50450U          19296.02847222  .00000000  00000-0  00000-0 0 00000
2 50450 097.7310 056.606  0000000 000.0000 205.1200 15.01920000000000
1 50450U          19296.40347222  .00000000  00000-0  00000-0 0 00000
2 50450 097.7310 056.976  0000000 000.0000 070.1200 15.01920000000000
1 50450U          19296.59513889  .00000000  00000-0  00000-0 0 00000
2 50450 097.7310 057.165  0000000 000.0000 025.1210 15.01920000000000
1 50450U          19296.96527778  .00000000  00000-0  00000-0 0 00000
2 50450 097.7320 057.530  0000000 000.0000 223.8710 15.01920000000000
1 50450U          19297.39513889  .00000000  00000-0  00000-0 0 00000
2 50450 097.7320 057.954  0000000 000.0000 025.1220 15.01920000000000
1 50450U          19297.70972222  .00000000  00000-0  00000-0 0 00000
2 50450 097.7320 058.264  0000000 000.0000 283.8720 15.01920000000000
1 50450U          19297.93819444  .00000000  00000-0  00000-0 0 00000
2 50450 097.7330 058.489  0000000 000.0000 077.6230 15.01920000000000
1 50450U          19298.33194444  .00000000  00000-0  00000-0 0 00000
2 50450 097.7330 058.877  0000000 000.0000 043.8730 15.01920000000000
1 50450U          19298.65902778  .00000000  00000-0  00000-0 0 00000
2 50450 097.7330 059.200  0000000 000.0000 010.1240 15.01920000000000
1 50450U          19298.99791667  .00000000  00000-0  00000-0 0 00000
2 50450 097.7340 059.534  0000000 000.0000 040.1250 15.01920000000000
1 50450U          19299.40902778  .00000000  00000-0  00000-0 0 00000
2 50450 097.7340 059.939  0000000 000.0000 100.1250 15.01920000000000
1 50450U          19299.62777778  .00000000  00000-0  00000-0 0 00000
2 50450 097.7340 060.155  0000000 000.0000 201.3760 15.01920000000000
1 50450U          19299.98402778  .00000000  00000-0  00000-0 0 00000
2 50450 097.7350 060.506  0000000 000.0000 325.1260 15.01920000000000
1 50450U          19300.35347222  .00000000  00000-0  00000-0 0 00000
2 50450 097.7350 060.870  0000000 000.0000 160.1270 15.01920000000000
1 50450U          19300.70763889  .00000000  00000-0  00000-0 0 00000
2 50450 097.7350 061.219  0000000 000.0000 272.6270 15.01920000000000
1 50450U          19301.05902778  .00000000  00000-0  00000-0 0 00000
2 50450 097.7360 061.566  0000000 000.0000 010.1280 15.01920000000000
1 50450U          19301.25486111  .00000000  00000-0  00000-0 0 00000
2 50450 097.7360 061.759  0000000 000.0000 347.6280 15.01920000000000
1 50450U          19301.61875000  .00000000  00000-0  00000-0 0 00000
2 50450 097.7360 062.117  0000000 000.0000 152.6290 15.01920000000000
1 50450U          19301.93472222  .00000000  00000-0  00000-0 0 00000
2 50450 097.7360 062.429  0000000 000.0000 058.8790 15.01920000000000
1 50450U          19302.29236111  .00000000  00000-0  00000-0 0 00000
2 50450 097.7370 062.781  0000000 000.0000 190.1300 15.01920000000000
1 50450U          19302.63819444  .00000000  00000-0  00000-0 0 00000
2 50450 097.7370 063.122  0000000 000.0000 257.6310 15.01920000000000
1 50450U          19303.02986111  .00000000  00000-0  00000-0 0 00000
2 50450 097.7370 063.509  0000000 000.0000 212.6310 15.01920000000000
1 50450U          19303.26666667  .00000000  00000-0  00000-0 0 00000
2 50450 097.7370 063.742  0000000 000.0000 051.3820 15.01920000000000
1 50450U          19303.59791667  .00000000  00000-0  00000-0 0 00000
2 50450 097.7380 064.069  0000000 000.0000 040.1320 15.01920000000000
1 50450U          19303.96250000  .00000000  00000-0  00000-0 0 00000
2 50450 097.7380 064.428  0000000 000.0000 208.8830 15.01920000000000
1 50450U          19304.32986111  .00000000  00000-0  00000-0 0 00000
2 50450 097.7380 064.790  0000000 000.0000 032.6340 15.01920000000000
1 50450U          19304.67361111  .00000000  00000-0  00000-0 0 00000
2 50450 097.7390 065.129  0000000 000.0000 088.8840 15.01920000000000
1 50450U          19304.94305556  .00000000  00000-0  00000-0 0 00000
2 50450 097.7390 065.395  0000000 000.0000 103.8850 15.01920000000000
1 50450U          19305.33472222  .00000000  00000-0  00000-0 0 00000
2 50450 097.7390 065.781  0000000 000.0000 058.8850 15.01920000000000
1 50450U          19305.66666667  .00000000  00000-0  00000-0 0 00000
2 50450 097.7390 066.108  0000000 000.0000 051.3860 15.01920000000000
1 50450U          19306.00486111  .00000000  00000-0  00000-0 0 00000
2 50450 097.7400 066.441  0000000 000.0000 077.6370 15.01920000000000
1 50450U          19306.26458333  .00000000  00000-0  00000-0 0 00000
2 50450 097.7400 066.697  0000000 000.0000 040.1370 15.01920000000000
1 50450U          19306.64444444  .00000000  00000-0  00000-0 0 00000
2 50450 097.7400 067.072  0000000 000.0000 291.3880 15.01920000000000
1 50450U          19307.06458333  .00000000  00000-0  00000-0 0 00000
2 50450 097.7400 067.486  0000000 000.0000 040.1380 15.01920000000000
1 50450U          19307.25486111  .00000000  00000-0  00000-0 0 00000
2 50450 097.7400 067.674  0000000 000.0000 347.6390 15.01920000000000
1 50450U          19307.64791667  .00000000  00000-0  00000-0 0 00000
2 50450 097.7410 068.061  0000000 000.0000 310.1390 15.01920000000000
1 50450U          19307.99722222  .00000000  00000-0  00000-0 0 00000
2 50450 097.7410 068.406  0000000 000.0000 036.3900 15.01920000000000
1 50450U          19308.38958333  .00000000  00000-0  00000-0 0 00000
2 50450 097.7410 068.792  0000000 000.0000 355.1410 15.01920000000000
1 50450U          19308.67638889  .00000000  00000-0  00000-0 0 00000
2 50450 097.7410 069.075  0000000 000.0000 103.8910 15.01920000000000
1 50450U          19309.07430556  .00000000  00000-0  00000-0 0 00000
2 50450 097.7420 069.467  0000000 000.0000 092.6420 15.01920000000000
1 50450U          19309.40277778  .00000000  00000-0  00000-0 0 00000
2 50450 097.7420 069.791  0000000 000.0000 066.3930 15.01920000000000
1 50450U          19309.72638889  .00000000  00000-0  00000-0 0 00000
2 50450 097.7420 070.110  0000000 000.0000 013.8930 15.01920000000000
1 50450U          19310.03194444  .00000000  00000-0  00000-0 0 00000
2 50450 097.7420 070.411  0000000 000.0000 223.8940 15.01920000000000
1 50450U          19310.27500000  .00000000  00000-0  00000-0 0 00000
2 50450 097.7420 070.651  0000000 000.0000 096.3940 15.01920000000000
1 50450U          19310.60972222  .00000000  00000-0  00000-0 0 00000
2 50450 097.7430 070.981  0000000 000.0000 103.8950 15.01920000000000
1 50450U          19310.97847222  .00000000  00000-0  00000-0 0 00000
2 50450 097.7430 071.345  0000000 000.0000 295.1450 15.01920000000000
1 50450U          19311.34652778  .00000000  00000-0  00000-0 0 00000
2 50450 097.7430 071.707  0000000 000.0000 122.6460 15.01920000000000
1 50450U          19311.68541667  .00000000  00000-0  00000-0 0 00000
2 50450 097.7430 072.042  0000000 000.0000 152.6470 15.01920000000000
1 50450U          19311.89583333  .00000000  00000-0  00000-0 0 00000
2 50450 097.7430 072.249  0000000 000.0000 208.8970 15.01914300000000
1 50450U          19312.22569444  .00000000  00000-0  00000-0 0 00000
2 50450 097.7430 072.574  0000000 000.0000 190.1480 15.01914300000000
1 50450U          19312.63819444  .00000000  00000-0  00000-0 0 00000
2 50450 097.7440 072.981  0000000 000.0000 257.6480 15.01914300000000
1 50450U          19312.92152778  .00000000  00000-0  00000-0 0 00000
2 50450 097.7440 073.260  0000000 000.0000 347.6490 15.01914300000000
1 50450U          19313.18541667  .00000000  00000-0  00000-0 0 00000
2 50450 097.7440 073.520  0000000 000.0000 332.6490 15.01914300000000
1 50450U          19313.50694444  .00000000  00000-0  00000-0 0 00000
2 50450 097.7440 073.837  0000000 000.0000 268.9000 15.01914300000000
1 50450U          19313.84652778  .00000000  00000-0  00000-0 0 00000
2 50450 097.7440 074.172  0000000 000.0000 302.6510 15.01914300000000
1 50450U          19314.31111111  .00000000  00000-0  00000-0 0 00000
2 50450 097.7450 074.630  0000000 000.0000 291.4020 15.01914300000000
1 50450U          19314.55069444  .00000000  00000-0  00000-0 0 00000
2 50450 097.7450 074.866  0000000 000.0000 145.1520 15.01914300000000
1 50450U          19314.88194444  .00000000  00000-0  00000-0 0 00000
2 50450 097.7450 075.193  0000000 000.0000 133.9030 15.01914300000000
1 50450U          19315.18819444  .00000000  00000-0  00000-0 0 00000
2 50450 097.7450 075.495  0000000 000.0000 347.6530 15.01914300000000
1 50450U          19315.52986111  .00000000  00000-0  00000-0 0 00000
2 50450 097.7450 075.832  0000000 000.0000 032.6540 15.01914300000000
1 50450U          19315.83194444  .00000000  00000-0  00000-0 0 00000
2 50450 097.7450 076.129  0000000 000.0000 223.9040 15.01914300000000
1 50450U          19316.24791667  .00000000  00000-0  00000-0 0 00000
2 50450 097.7450 076.539  0000000 000.0000 310.1550 15.01914300000000
1 50450U          19316.50486111  .00000000  00000-0  00000-0 0 00000
2 50450 097.7460 076.793  0000000 000.0000 257.6560 15.01914300000000
1 50450U          19316.90138889  .00000000  00000-0  00000-0 0 00000
2 50450 097.7460 077.184  0000000 000.0000 238.9060 15.01914300000000
1 50450U          19317.21597222  .00000000  00000-0  00000-0 0 00000
2 50450 097.7460 077.494  0000000 000.0000 137.6570 15.01914300000000
1 50450U          19317.54166667  .00000000  00000-0  00000-0 0 00000
2 50450 097.7460 077.815  0000000 000.0000 096.4080 15.01914300000000
1 50450U          19317.92430556  .00000000  00000-0  00000-0 0 00000
2 50450 097.7460 078.192  0000000 000.0000 002.6580 15.01914300000000
1 50450U          19318.19791667  .00000000  00000-0  00000-0 0 00000
2 50450 097.7460 078.462  0000000 000.0000 040.1590 15.01914300000000
1 50450U          19318.55277778  .00000000  00000-0  00000-0 0 00000
2 50450 097.7460 078.812  0000000 000.0000 156.4090 15.01914300000000
1 50450U          19318.89583333  .00000000  00000-0  00000-0 0 00000
2 50450 097.7460 079.150  0000000 000.0000 208.9100 15.01914300000000
1 50450U          19318.89583333  .00000000  00000-0  00000-0 0 00000
2 50450 097.7460 079.150  0000000 000.0000 208.9100 15.01914300000000
1 50450U          19319.30833333  .00000000  00000-0  00000-0 0 00000
2 50450 097.7470 079.557  0000000 000.0000 276.4110 15.01914300000000
1 50450U          19319.51319444  .00000000  00000-0  00000-0 0 00000
2 50450 097.7470 079.759  0000000 000.0000 302.6610 15.01914300000000
1 50450U          19319.84722222  .00000000  00000-0  00000-0 0 00000
2 50450 097.7470 080.088  0000000 000.0000 306.4120 15.01914300000000
1 50450U          19320.30625000  .00000000  00000-0  00000-0 0 00000
2 50450 097.7470 080.540  0000000 000.0000 265.1630 15.01914300000000
1 50450U          19320.57291667  .00000000  00000-0  00000-0 0 00000
2 50450 097.7470 080.803  0000000 000.0000 265.1630 15.01914300000000
1 50450U          19320.82152778  .00000000  00000-0  00000-0 0 00000
2 50450 097.7470 081.048  0000000 000.0000 167.6640 15.01914300000000
1 50450U          19321.27430556  .00000000  00000-0  00000-0 0 00000
2 50450 097.7470 081.495  0000000 000.0000 092.6650 15.01914300000000
1 50450U          19321.62500000  .00000000  00000-0  00000-0 0 00000
2 50450 097.7470 081.840  0000000 000.0000 186.4150 15.01914300000000
1 50450U          19321.95138889  .00000000  00000-0  00000-0 0 00000
2 50450 097.7470 082.162  0000000 000.0000 148.9160 15.01914300000000
1 50450U          19322.21666667  .00000000  00000-0  00000-0 0 00000
2 50450 097.7470 082.424  0000000 000.0000 141.4160 15.01914300000000
1 50450U          19322.54513889  .00000000  00000-0  00000-0 0 00000
2 50450 097.7470 082.748  0000000 000.0000 115.1670 15.01914300000000
1 50450U          19322.85347222  .00000000  00000-0  00000-0 0 00000
2 50450 097.7480 083.052  0000000 000.0000 340.1680 15.01914300000000
1 50450U          19323.29513889  .00000000  00000-0  00000-0 0 00000
2 50450 097.7480 083.487  0000000 000.0000 205.1680 15.01914300000000
1 50450U          19323.62152778  .00000000  00000-0  00000-0 0 00000
2 50450 097.7480 083.809  0000000 000.0000 167.6690 15.01914300000000
1 50450U          19323.92986111  .00000000  00000-0  00000-0 0 00000
2 50450 097.7480 084.113  0000000 000.0000 032.6700 15.01914300000000
1 50450U          19324.29305556  .00000000  00000-0  00000-0 0 00000
2 50450 097.7480 084.471  0000000 000.0000 193.9200 15.01914300000000
1 50450U          19324.49097222  .00000000  00000-0  00000-0 0 00000
2 50450 097.7480 084.666  0000000 000.0000 182.6710 15.01914300000000
1 50450U          19324.88472222  .00000000  00000-0  00000-0 0 00000
2 50450 097.7480 085.054  0000000 000.0000 148.9220 15.01914300000000
1 50450U          19325.16111111  .00000000  00000-0  00000-0 0 00000
2 50450 097.7480 085.327  0000000 000.0000 201.4220 15.01914300000000
1 50450U          19325.63333333  .00000000  00000-0  00000-0 0 00000
2 50450 097.7480 085.792  0000000 000.0000 231.4230 15.01914300000000
1 50450U          19325.89583333  .00000000  00000-0  00000-0 0 00000
2 50450 097.7480 086.051  0000000 000.0000 208.9230 15.01914300000000
1 50450U          19325.89583333  .00000000  00000-0  00000-0 0 00000
2 50450 097.7480 086.051  0000000 000.0000 208.9230 15.01914300000000
1 50450U          19326.30694444  .00000000  00000-0  00000-0 0 00000
2 50450 097.7480 086.456  0000000 000.0000 268.9240 15.01914300000000
1 50450U          19326.63888889  .00000000  00000-0  00000-0 0 00000
2 50450 097.7480 086.783  0000000 000.0000 261.4250 15.01914300000000
1 50450U          19326.93402778  .00000000  00000-0  00000-0 0 00000
2 50450 097.7480 087.074  0000000 000.0000 055.1750 15.01914300000000
1 50450U          19327.16388889  .00000000  00000-0  00000-0 0 00000
2 50450 097.7480 087.301  0000000 000.0000 216.4260 15.01914300000000
1 50450U          19327.53055556  .00000000  00000-0  00000-0 0 00000
2 50450 097.7480 087.663  0000000 000.0000 036.4270 15.01914300000000
1 50450U          19327.90416667  .00000000  00000-0  00000-0 0 00000
2 50450 097.7480 088.031  0000000 000.0000 253.9270 15.01914300000000
1 50450U          19328.27847222  .00000000  00000-0  00000-0 0 00000
2 50450 097.7480 088.400  0000000 000.0000 115.1780 15.01914300000000
1 50450U          19328.57083333  .00000000  00000-0  00000-0 0 00000
2 50450 097.7480 088.688  0000000 000.0000 253.9290 15.01914300000000
1 50450U          19328.92361111  .00000000  00000-0  00000-0 0 00000
2 50450 097.7480 089.036  0000000 000.0000 358.9290 15.01914300000000
1 50450U          19329.27430556  .00000000  00000-0  00000-0 0 00000
2 50450 097.7480 089.382  0000000 000.0000 092.6800 15.01914300000000
1 50450U          19329.63958333  .00000000  00000-0  00000-0 0 00000
2 50450 097.7480 089.742  0000000 000.0000 265.1810 15.01914300000000
1 50450U          19329.83472222  .00000000  00000-0  00000-0 0 00000
2 50450 097.7480 089.934  0000000 000.0000 238.9310 15.01914300000000
1 50450U          19330.17291667  .00000000  00000-0  00000-0 0 00000
2 50450 097.7480 090.268  0000000 000.0000 265.1820 15.01914300000000
1 50450U          19330.49236111  .00000000  00000-0  00000-0 0 00000
2 50450 097.7480 090.582  0000000 000.0000 190.1820 15.01914300000000
1 50450U          19330.89930556  .00000000  00000-0  00000-0 0 00000
2 50450 097.7480 090.984  0000000 000.0000 227.6830 15.01914300000000
1 50450U          19331.26527778  .00000000  00000-0  00000-0 0 00000
2 50450 097.7480 091.344  0000000 000.0000 043.9340 15.01914300000000
1 50450U          19331.48888889  .00000000  00000-0  00000-0 0 00000
2 50450 097.7480 091.565  0000000 000.0000 171.4340 15.01914300000000
1 50450U          19331.89791667  .00000000  00000-0  00000-0 0 00000
2 50450 097.7480 091.968  0000000 000.0000 220.1850 15.01914300000000
1 50450U          19332.25416667  .00000000  00000-0  00000-0 0 00000
2 50450 097.7480 092.319  0000000 000.0000 343.9360 15.01914300000000
1 50450U          19332.49513889  .00000000  00000-0  00000-0 0 00000
2 50450 097.7480 092.557  0000000 000.0000 205.1860 15.01914300000000
1 50450U          19332.89444444  .00000000  00000-0  00000-0 0 00000
2 50450 097.7480 092.951  0000000 000.0000 201.4370 15.01914300000000
