1 52822U          19282.08263889  .00000000  00000-0  00000-0 0 00000
2 52822 097.7000 145.7380 0000000 000.0000 295.4830 15.01920000000000
1 52822U          19282.37569444  .00000000  00000-0  00000-0 0 00000
2 52822 097.7000 146.0270 0000000 000.0000 077.9840 15.01920000000000
1 52822U          19282.71041667  .00000000  00000-0  00000-0 0 00000
2 52822 097.7000 146.3570 0000000 000.0000 085.4840 15.01920000000000
1 52822U          19283.00694444  .00000000  00000-0  00000-0 0 00000
2 52822 097.6990 146.6500 0000000 000.0000 246.7340 15.01920000000000
1 52822U          19283.31736111  .00000000  00000-0  00000-0 0 00000
2 52822 097.6990 146.9560 0000000 000.0000 122.9850 15.01920000000000
1 52822U          19283.70277778  .00000000  00000-0  00000-0 0 00000
2 52822 097.6980 147.3350 0000000 000.0000 044.2350 15.01920000000000
1 52822U          19283.99375000  .00000000  00000-0  00000-0 0 00000
2 52822 097.6980 147.6220 0000000 000.0000 175.4850 15.01920000000000
1 52822U          19284.32847222  .00000000  00000-0  00000-0 0 00000
2 52822 097.6970 147.9520 0000000 000.0000 182.9860 15.01920000000000
1 52822U          19284.73263889  .00000000  00000-0  00000-0 0 00000
2 52822 097.6960 148.3510 0000000 000.0000 205.4860 15.01920000000000
1 52822U          19284.93472222  .00000000  00000-0  00000-0 0 00000
2 52822 097.6960 148.5500 0000000 000.0000 216.7360 15.01920000000000
1 52822U          19285.26319444  .00000000  00000-0  00000-0 0 00000
2 52822 097.6950 148.8740 0000000 000.0000 190.4870 15.01920000000000
1 52822U          19285.63125000  .00000000  00000-0  00000-0 0 00000
2 52822 097.6950 149.2360 0000000 000.0000 017.9870 15.01920000000000
1 52822U          19285.96388889  .00000000  00000-0  00000-0 0 00000
2 52822 097.6940 149.5640 0000000 000.0000 014.2370 15.01920000000000
1 52822U          19286.29652778  .00000000  00000-0  00000-0 0 00000
2 52822 097.6940 149.8920 0000000 000.0000 010.4880 15.01920000000000
1 52822U          19286.65486111  .00000000  00000-0  00000-0 0 00000
2 52822 097.6930 150.2450 0000000 000.0000 145.4880 15.01920000000000
1 52822U          19286.96666667  .00000000  00000-0  00000-0 0 00000
2 52822 097.6930 150.5530 0000000 000.0000 029.2380 15.01920000000000
1 52822U          19287.40069444  .00000000  00000-0  00000-0 0 00000
2 52822 097.6920 150.9810 0000000 000.0000 212.9890 15.01920000000000
1 52822U          19287.59791667  .00000000  00000-0  00000-0 0 00000
2 52822 097.6920 151.1750 0000000 000.0000 197.9890 15.01920000000000
1 52822U          19288.02291667  .00000000  00000-0  00000-0 0 00000
2 52822 097.6910 151.5940 0000000 000.0000 332.9890 15.01920000000000
1 52822U          19288.30000000  .00000000  00000-0  00000-0 0 00000
2 52822 097.6910 151.8670 0000000 000.0000 029.2400 15.01920000000000
1 52822U          19288.61875000  .00000000  00000-0  00000-0 0 00000
2 52822 097.6900 152.1810 0000000 000.0000 310.4900 15.01920000000000
1 52822U          19288.91666667  .00000000  00000-0  00000-0 0 00000
2 52822 097.6900 152.4750 0000000 000.0000 119.2400 15.01920000000000
1 52822U          19289.34027778  .00000000  00000-0  00000-0 0 00000
2 52822 097.6890 152.8930 0000000 000.0000 246.7410 15.01920000000000
1 52822U          19289.73750000  .00000000  00000-0  00000-0 0 00000
2 52822 097.6880 153.2840 0000000 000.0000 231.7410 15.01920000000000
1 52822U          19289.98888889  .00000000  00000-0  00000-0 0 00000
2 52822 097.6880 153.5320 0000000 000.0000 149.2410 15.01920000000000
1 52822U          19290.33888889  .00000000  00000-0  00000-0 0 00000
2 52822 097.6870 153.8770 0000000 000.0000 239.2410 15.01920000000000
1 52822U          19290.60902778  .00000000  00000-0  00000-0 0 00000
2 52822 097.6870 154.1430 0000000 000.0000 257.9920 15.01920000000000
1 52822U          19291.03819444  .00000000  00000-0  00000-0 0 00000
2 52822 097.6860 154.5660 0000000 000.0000 055.4920 15.01920000000000
1 52822U          19291.41180556  .00000000  00000-0  00000-0 0 00000
2 52822 097.6850 154.9340 0000000 000.0000 272.9920 15.01920000000000
1 52822U          19291.59791667  .00000000  00000-0  00000-0 0 00000
2 52822 097.6850 155.1180 0000000 000.0000 197.9920 15.01920000000000
1 52822U          19291.96736111  .00000000  00000-0  00000-0 0 00000
2 52822 097.6840 155.4820 0000000 000.0000 032.9930 15.01920000000000
1 52822U          19292.37569444  .00000000  00000-0  00000-0 0 00000
2 52822 097.6840 155.8850 0000000 000.0000 077.9930 15.01920000000000
1 52822U          19292.67638889  .00000000  00000-0  00000-0 0 00000
2 52822 097.6830 156.1810 0000000 000.0000 261.7430 15.01920000000000
1 52822U          19293.02847222  .00000000  00000-0  00000-0 0 00000
2 52822 097.6830 156.5280 0000000 000.0000 002.9940 15.01920000000000
1 52822U          19293.33194444  .00000000  00000-0  00000-0 0 00000
2 52822 097.6820 156.8270 0000000 000.0000 201.7440 15.01920000000000
1 52822U          19293.70902778  .00000000  00000-0  00000-0 0 00000
2 52822 097.6810 157.1990 0000000 000.0000 077.9940 15.01920000000000
1 52822U          19293.99513889  .00000000  00000-0  00000-0 0 00000
2 52822 097.6810 157.4810 0000000 000.0000 182.9940 15.01920000000000
1 52822U          19294.32569444  .00000000  00000-0  00000-0 0 00000
2 52822 097.6800 157.8070 0000000 000.0000 167.9950 15.01920000000000
1 52822U          19294.73958333  .00000000  00000-0  00000-0 0 00000
2 52822 097.6800 158.2150 0000000 000.0000 242.9950 15.01920000000000
1 52822U          19295.03888889  .00000000  00000-0  00000-0 0 00000
2 52822 097.6790 158.5100 0000000 000.0000 059.2450 15.01920000000000
1 52822U          19295.29097222  .00000000  00000-0  00000-0 0 00000
2 52822 097.6790 158.7580 0000000 000.0000 340.4950 15.01920000000000
1 52822U          19295.59444444  .00000000  00000-0  00000-0 0 00000
2 52822 097.6780 159.0570 0000000 000.0000 179.2460 15.01920000000000
1 52822U          19296.03541667  .00000000  00000-0  00000-0 0 00000
2 52822 097.6770 159.4920 0000000 000.0000 040.4960 15.01920000000000
1 52822U          19296.40347222  .00000000  00000-0  00000-0 0 00000
2 52822 097.6770 159.8550 0000000 000.0000 227.9960 15.01920000000000
1 52822U          19296.68402778  .00000000  00000-0  00000-0 0 00000
2 52822 097.6760 160.1310 0000000 000.0000 302.9960 15.01920000000000
1 52822U          19296.95694444  .00000000  00000-0  00000-0 0 00000
2 52822 097.6760 160.4000 0000000 000.0000 336.7460 15.01920000000000
1 52822U          19297.37152778  .00000000  00000-0  00000-0 0 00000
2 52822 097.6750 160.8090 0000000 000.0000 055.4970 15.01920000000000
1 52822U          19297.66666667  .00000000  00000-0  00000-0 0 00000
2 52822 097.6750 161.1000 0000000 000.0000 209.2470 15.01920000000000
1 52822U          19298.00486111  .00000000  00000-0  00000-0 0 00000
2 52822 097.6740 161.4330 0000000 000.0000 235.4970 15.01920000000000
1 52822U          19298.29166667  .00000000  00000-0  00000-0 0 00000
2 52822 097.6730 161.7160 0000000 000.0000 344.2470 15.01920000000000
1 52822U          19298.70555556  .00000000  00000-0  00000-0 0 00000
2 52822 097.6730 162.1240 0000000 000.0000 059.2480 15.01920000000000
1 52822U          19299.02083333  .00000000  00000-0  00000-0 0 00000
2 52822 097.6720 162.4350 0000000 000.0000 321.7480 15.01920000000000
1 52822U          19299.36666667  .00000000  00000-0  00000-0 0 00000
2 52822 097.6720 162.7760 0000000 000.0000 029.2480 15.01920000000000
1 52822U          19299.66597222  .00000000  00000-0  00000-0 0 00000
2 52822 097.6710 163.0710 0000000 000.0000 205.4980 15.01920000000000
1 52822U          19299.97222222  .00000000  00000-0  00000-0 0 00000
2 52822 097.6700 163.3720 0000000 000.0000 059.2480 15.01920000000000
1 52822U          19300.28888889  .00000000  00000-0  00000-0 0 00000
2 52822 097.6700 163.6850 0000000 000.0000 329.2480 15.01920000000000
1 52822U          19300.62708333  .00000000  00000-0  00000-0 0 00000
2 52822 097.6690 164.0180 0000000 000.0000 355.4990 15.01920000000000
1 52822U          19300.92569444  .00000000  00000-0  00000-0 0 00000
2 52822 097.6690 164.3120 0000000 000.0000 167.9990 15.01920000000000
1 52822U          19301.35138889  .00000000  00000-0  00000-0 0 00000
2 52822 097.6680 164.7320 0000000 000.0000 306.7490 15.01920000000000
1 52822U          19301.66250000  .00000000  00000-0  00000-0 0 00000
2 52822 097.6670 165.0380 0000000 000.0000 186.7490 15.01920000000000
1 52822U          19301.94722222  .00000000  00000-0  00000-0 0 00000
2 52822 097.6670 165.3190 0000000 000.0000 284.2490 15.01920000000000
1 52822U          19302.25972222  .00000000  00000-0  00000-0 0 00000
2 52822 097.6660 165.6270 0000000 000.0000 171.7490 15.01920000000000
1 52822U          19302.73611111  .00000000  00000-0  00000-0 0 00000
2 52822 097.6660 166.0970 0000000 000.0000 224.2500 15.01920000000000
1 52822U          19303.05208333  .00000000  00000-0  00000-0 0 00000
2 52822 097.6650 166.4080 0000000 000.0000 130.5000 15.01920000000000
1 52822U          19303.35347222  .00000000  00000-0  00000-0 0 00000
2 52822 097.6640 166.7050 0000000 000.0000 318.0000 15.01920000000000
1 52822U          19303.59375000  .00000000  00000-0  00000-0 0 00000
2 52822 097.6640 166.9420 0000000 000.0000 175.5000 15.01920000000000
1 52822U          19304.06527778  .00000000  00000-0  00000-0 0 00000
2 52822 097.6630 167.4070 0000000 000.0000 201.7500 15.01920000000000
1 52822U          19304.39305556  .00000000  00000-0  00000-0 0 00000
2 52822 097.6630 167.7300 0000000 000.0000 171.7500 15.01920000000000
1 52822U          19304.63263889  .00000000  00000-0  00000-0 0 00000
2 52822 097.6620 167.9660 0000000 000.0000 025.5010 15.01920000000000
1 52822U          19305.07569444  .00000000  00000-0  00000-0 0 00000
2 52822 097.6610 168.4030 0000000 000.0000 258.0010 15.01920000000000
1 52822U          19305.32430556  .00000000  00000-0  00000-0 0 00000
2 52822 097.6610 168.6480 0000000 000.0000 160.5010 15.01920000000000
1 52822U          19305.72291667  .00000000  00000-0  00000-0 0 00000
2 52822 097.6600 169.0410 0000000 000.0000 153.0010 15.01920000000000
1 52822U          19306.04236111  .00000000  00000-0  00000-0 0 00000
2 52822 097.6600 169.3560 0000000 000.0000 078.0010 15.01920000000000
1 52822U          19306.26944444  .00000000  00000-0  00000-0 0 00000
2 52822 097.6590 169.5790 0000000 000.0000 224.2510 15.01920000000000
1 52822U          19306.68194444  .00000000  00000-0  00000-0 0 00000
2 52822 097.6580 169.9860 0000000 000.0000 291.7510 15.01920000000000
1 52822U          19307.04166667  .00000000  00000-0  00000-0 0 00000
2 52822 097.6580 170.3400 0000000 000.0000 074.2510 15.01920000000000
1 52822U          19307.40069444  .00000000  00000-0  00000-0 0 00000
2 52822 097.6570 170.6940 0000000 000.0000 213.0020 15.01920000000000
1 52822U          19307.63055556  .00000000  00000-0  00000-0 0 00000
2 52822 097.6570 170.9210 0000000 000.0000 014.2520 15.01920000000000
1 52822U          19307.93750000  .00000000  00000-0  00000-0 0 00000
2 52822 097.6560 171.2230 0000000 000.0000 231.7520 15.01920000000000
1 52822U          19308.31944444  .00000000  00000-0  00000-0 0 00000
2 52822 097.6550 171.6000 0000000 000.0000 134.2520 15.01920000000000
1 52822U          19308.68402778  .00000000  00000-0  00000-0 0 00000
2 52822 097.6550 171.9590 0000000 000.0000 303.0020 15.01920000000000
1 52822U          19308.93055556  .00000000  00000-0  00000-0 0 00000
2 52822 097.6540 172.2020 0000000 000.0000 194.2520 15.01920000000000
1 52822U          19309.37500000  .00000000  00000-0  00000-0 0 00000
2 52822 097.6530 172.6400 0000000 000.0000 074.2520 15.01920000000000
1 52822U          19309.61666667  .00000000  00000-0  00000-0 0 00000
2 52822 097.6530 172.8790 0000000 000.0000 299.2520 15.01920000000000
1 52822U          19310.04236111  .00000000  00000-0  00000-0 0 00000
2 52822 097.6520 173.2980 0000000 000.0000 078.0020 15.01920000000000
1 52822U          19310.39097222  .00000000  00000-0  00000-0 0 00000
2 52822 097.6520 173.6420 0000000 000.0000 160.5020 15.01920000000000
1 52822U          19310.59652778  .00000000  00000-0  00000-0 0 00000
2 52822 097.6510 173.8440 0000000 000.0000 190.5030 15.01920000000000
1 52822U          19311.07638889  .00000000  00000-0  00000-0 0 00000
2 52822 097.6500 174.3170 0000000 000.0000 261.7530 15.01920000000000
1 52822U          19311.34791667  .00000000  00000-0  00000-0 0 00000
2 52822 097.6500 174.5850 0000000 000.0000 288.0030 15.01920000000000
1 52822U          19311.59027778  .00000000  00000-0  00000-0 0 00000
2 52822 097.6490 174.8240 0000000 000.0000 156.7530 15.01920000000000
1 52822U          19311.91736111  .00000000  00000-0  00000-0 0 00000
2 52822 097.6490 175.1460 0000000 000.0000 123.0030 15.01914300000000
1 52822U          19312.18125000  .00000000  00000-0  00000-0 0 00000
2 52822 097.6480 175.4060 0000000 000.0000 108.0030 15.01914300000000
1 52822U          19312.50347222  .00000000  00000-0  00000-0 0 00000
2 52822 097.6480 175.7240 0000000 000.0000 048.0030 15.01914300000000
1 52822U          19312.87847222  .00000000  00000-0  00000-0 0 00000
2 52822 097.6470 176.0930 0000000 000.0000 273.0030 15.01914300000000
1 52822U          19313.19513889  .00000000  00000-0  00000-0 0 00000
2 52822 097.6460 176.4060 0000000 000.0000 183.0030 15.01914300000000
1 52822U          19313.60694444  .00000000  00000-0  00000-0 0 00000
2 52822 097.6460 176.8110 0000000 000.0000 246.7530 15.01914300000000
1 52822U          19313.90833333  .00000000  00000-0  00000-0 0 00000
2 52822 097.6450 177.1080 0000000 000.0000 074.2530 15.01914300000000
1 52822U          19314.20763889  .00000000  00000-0  00000-0 0 00000
2 52822 097.6440 177.4030 0000000 000.0000 250.5030 15.01914300000000
1 52822U          19314.55347222  .00000000  00000-0  00000-0 0 00000
2 52822 097.6440 177.7440 0000000 000.0000 318.0030 15.01914300000000
1 52822U          19314.82916667  .00000000  00000-0  00000-0 0 00000
2 52822 097.6430 178.0160 0000000 000.0000 006.7530 15.01914300000000
1 52822U          19315.26875000  .00000000  00000-0  00000-0 0 00000
2 52822 097.6420 178.4490 0000000 000.0000 220.5030 15.01914300000000
1 52822U          19315.55069444  .00000000  00000-0  00000-0 0 00000
2 52822 097.6420 178.7270 0000000 000.0000 303.0030 15.01914300000000
1 52822U          19315.91805556  .00000000  00000-0  00000-0 0 00000
2 52822 097.6410 179.0890 0000000 000.0000 126.7530 15.01914300000000
1 52822U          19316.19652778  .00000000  00000-0  00000-0 0 00000
2 52822 097.6410 179.3640 0000000 000.0000 190.5030 15.01914300000000
1 52822U          19316.63750000  .00000000  00000-0  00000-0 0 00000
2 52822 097.6400 179.7980 0000000 000.0000 051.7530 15.01914300000000
1 52822U          19316.84097222  .00000000  00000-0  00000-0 0 00000
2 52822 097.6400 179.9990 0000000 000.0000 070.5030 15.01914300000000
1 52822U          19317.26250000  .00000000  00000-0  00000-0 0 00000
2 52822 097.6390 180.4140 0000000 000.0000 186.7530 15.01914300000000
1 52822U          19317.59722222  .00000000  00000-0  00000-0 0 00000
2 52822 097.6380 180.7440 0000000 000.0000 194.2530 15.01914300000000
1 52822U          19317.87638889  .00000000  00000-0  00000-0 0 00000
2 52822 097.6380 181.0190 0000000 000.0000 261.7530 15.01914300000000
1 52822U          19318.15277778  .00000000  00000-0  00000-0 0 00000
2 52822 097.6370 181.2920 0000000 000.0000 314.2530 15.01914300000000
1 52822U          19318.59722222  .00000000  00000-0  00000-0 0 00000
2 52822 097.6360 181.7300 0000000 000.0000 194.2530 15.01914300000000
1 52822U          19318.89166667  .00000000  00000-0  00000-0 0 00000
2 52822 097.6360 182.0200 0000000 000.0000 344.2530 15.01914300000000
1 52822U          19318.89583333  .00000000  00000-0  00000-0 0 00000
2 52822 097.6360 182.0240 0000000 000.0000 006.7530 15.01914300000000
1 52822U          19319.15555556  .00000000  00000-0  00000-0 0 00000
2 52822 097.6350 182.2800 0000000 000.0000 329.2530 15.01914300000000
1 52822U          19319.61041667  .00000000  00000-0  00000-0 0 00000
2 52822 097.6340 182.7290 0000000 000.0000 265.5030 15.01914300000000
1 52822U          19319.94930556  .00000000  00000-0  00000-0 0 00000
2 52822 097.6340 183.0630 0000000 000.0000 295.5030 15.01914300000000
1 52822U          19320.29583333  .00000000  00000-0  00000-0 0 00000
2 52822 097.6330 183.4040 0000000 000.0000 006.7530 15.01914300000000
1 52822U          19320.62569444  .00000000  00000-0  00000-0 0 00000
2 52822 097.6320 183.7290 0000000 000.0000 348.0030 15.01914300000000
1 52822U          19320.96875000  .00000000  00000-0  00000-0 0 00000
2 52822 097.6320 184.0670 0000000 000.0000 040.5030 15.01914300000000
1 52822U          19321.29583333  .00000000  00000-0  00000-0 0 00000
2 52822 097.6310 184.3900 0000000 000.0000 006.7530 15.01914300000000
1 52822U          19321.62013889  .00000000  00000-0  00000-0 0 00000
2 52822 097.6310 184.7090 0000000 000.0000 318.0030 15.01914300000000
1 52822U          19321.90416667  .00000000  00000-0  00000-0 0 00000
2 52822 097.6300 184.9890 0000000 000.0000 051.7530 15.01914300000000
1 52822U          19322.17916667  .00000000  00000-0  00000-0 0 00000
2 52822 097.6300 185.2600 0000000 000.0000 096.7530 15.01914300000000
1 52822U          19322.63402778  .00000000  00000-0  00000-0 0 00000
2 52822 097.6290 185.7090 0000000 000.0000 033.0030 15.01914300000000
1 52822U          19322.93611111  .00000000  00000-0  00000-0 0 00000
2 52822 097.6280 186.0060 0000000 000.0000 224.2530 15.01914300000000
1 52822U          19323.14791667  .00000000  00000-0  00000-0 0 00000
2 52822 097.6280 186.2150 0000000 000.0000 288.0030 15.01914300000000
1 52822U          19323.55069444  .00000000  00000-0  00000-0 0 00000
2 52822 097.6270 186.6120 0000000 000.0000 303.0030 15.01914300000000
1 52822U          19323.86805556  .00000000  00000-0  00000-0 0 00000
2 52822 097.6260 186.9250 0000000 000.0000 216.7530 15.01914300000000
1 52822U          19324.24305556  .00000000  00000-0  00000-0 0 00000
2 52822 097.6260 187.2940 0000000 000.0000 081.7530 15.01914300000000
1 52822U          19324.53750000  .00000000  00000-0  00000-0 0 00000
2 52822 097.6250 187.5850 0000000 000.0000 231.7530 15.01914300000000
1 52822U          19324.90138889  .00000000  00000-0  00000-0 0 00000
2 52822 097.6250 187.9430 0000000 000.0000 036.7520 15.01914300000000
1 52822U          19325.23263889  .00000000  00000-0  00000-0 0 00000
2 52822 097.6240 188.2700 0000000 000.0000 025.5020 15.01914300000000
1 52822U          19325.53263889  .00000000  00000-0  00000-0 0 00000
2 52822 097.6230 188.5650 0000000 000.0000 205.5020 15.01914300000000
1 52822U          19325.89583333  .00000000  00000-0  00000-0 0 00000
2 52822 097.6230 188.9230 0000000 000.0000 006.7520 15.01914300000000
1 52822U          19325.91597222  .00000000  00000-0  00000-0 0 00000
2 52822 097.6230 188.9430 0000000 000.0000 115.5020 15.01914300000000
1 52822U          19326.23680556  .00000000  00000-0  00000-0 0 00000
2 52822 097.6220 189.2590 0000000 000.0000 048.0020 15.01914300000000
1 52822U          19326.61597222  .00000000  00000-0  00000-0 0 00000
2 52822 097.6210 189.6330 0000000 000.0000 295.5020 15.01914300000000
1 52822U          19326.93680556  .00000000  00000-0  00000-0 0 00000
2 52822 097.6210 189.9490 0000000 000.0000 228.0020 15.01914300000000
1 52822U          19327.29027778  .00000000  00000-0  00000-0 0 00000
2 52822 097.6200 190.2980 0000000 000.0000 336.7520 15.01914300000000
1 52822U          19327.64513889  .00000000  00000-0  00000-0 0 00000
2 52822 097.6200 190.6470 0000000 000.0000 093.0020 15.01914300000000
1 52822U          19327.83819444  .00000000  00000-0  00000-0 0 00000
2 52822 097.6190 190.8380 0000000 000.0000 055.5020 15.01914300000000
1 52822U          19328.27638889  .00000000  00000-0  00000-0 0 00000
2 52822 097.6180 191.2690 0000000 000.0000 261.7520 15.01914300000000
1 52822U          19328.51805556  .00000000  00000-0  00000-0 0 00000
2 52822 097.6180 191.5080 0000000 000.0000 126.7510 15.01914300000000
1 52822U          19328.92152778  .00000000  00000-0  00000-0 0 00000
2 52822 097.6170 191.9050 0000000 000.0000 145.5010 15.01914300000000
1 52822U          19329.22430556  .00000000  00000-0  00000-0 0 00000
2 52822 097.6170 192.2040 0000000 000.0000 340.5010 15.01914300000000
1 52822U          19329.63819444  .00000000  00000-0  00000-0 0 00000
2 52822 097.6160 192.6120 0000000 000.0000 055.5010 15.01914300000000
1 52822U          19329.91458333  .00000000  00000-0  00000-0 0 00000
2 52822 097.6150 192.8840 0000000 000.0000 108.0010 15.01914300000000
1 52822U          19330.27638889  .00000000  00000-0  00000-0 0 00000
2 52822 097.6150 193.2410 0000000 000.0000 261.7510 15.01914300000000
1 52822U          19330.52361111  .00000000  00000-0  00000-0 0 00000
2 52822 097.6140 193.4840 0000000 000.0000 156.7510 15.01914300000000
1 52822U          19330.84930556  .00000000  00000-0  00000-0 0 00000
2 52822 097.6140 193.8050 0000000 000.0000 115.5010 15.01914300000000
1 52822U          19331.21180556  .00000000  00000-0  00000-0 0 00000
2 52822 097.6130 194.1620 0000000 000.0000 273.0000 15.01914300000000
1 52822U          19331.64097222  .00000000  00000-0  00000-0 0 00000
2 52822 097.6120 194.5850 0000000 000.0000 070.5000 15.01914300000000
1 52822U          19331.82916667  .00000000  00000-0  00000-0 0 00000
2 52822 097.6120 194.7710 0000000 000.0000 006.7500 15.01914300000000
1 52822U          19332.16111111  .00000000  00000-0  00000-0 0 00000
2 52822 097.6110 195.0980 0000000 000.0000 359.2500 15.01914300000000
1 52822U          19332.61527778  .00000000  00000-0  00000-0 0 00000
2 52822 097.6110 195.5460 0000000 000.0000 291.7500 15.01914300000000
1 52822U          19332.83611111  .00000000  00000-0  00000-0 0 00000
2 52822 097.6100 195.7630 0000000 000.0000 044.2500 15.01914300000000
