1 53207U          19282.02222222  .00000000  00000-0  00000-0 0 00000
2 53207 097.7410 68.5190 0000000 000.0000 078.8180 15.01920000000000
1 53207U          19282.37569444  .00000000  00000-0  00000-0 0 00000
2 53207 097.7410 68.8670 0000000 000.0000 187.5680 15.01920000000000
1 53207U          19282.66736111  .00000000  00000-0  00000-0 0 00000
2 53207 097.7410 69.1550 0000000 000.0000 322.5690 15.01920000000000
1 53207U          19283.04097222  .00000000  00000-0  00000-0 0 00000
2 53207 097.7420 69.5230 0000000 000.0000 180.0700 15.01920000000000
1 53207U          19283.35486111  .00000000  00000-0  00000-0 0 00000
2 53207 097.7420 69.8320 0000000 000.0000 075.0700 15.01920000000000
1 53207U          19283.68055556  .00000000  00000-0  00000-0 0 00000
2 53207 097.7420 70.1540 0000000 000.0000 033.8210 15.01920000000000
1 53207U          19284.01041667  .00000000  00000-0  00000-0 0 00000
2 53207 097.7420 70.4790 0000000 000.0000 015.0710 15.01920000000000
1 53207U          19284.41250000  .00000000  00000-0  00000-0 0 00000
2 53207 097.7430 70.8750 0000000 000.0000 026.3220 15.01920000000000
1 53207U          19284.74027778  .00000000  00000-0  00000-0 0 00000
2 53207 097.7430 71.1980 0000000 000.0000 356.3230 15.01920000000000
1 53207U          19284.92500000  .00000000  00000-0  00000-0 0 00000
2 53207 097.7430 71.3800 0000000 000.0000 273.8230 15.01920000000000
1 53207U          19285.27430556  .00000000  00000-0  00000-0 0 00000
2 53207 097.7430 71.7250 0000000 000.0000 000.0740 15.01920000000000
1 53207U          19285.71527778  .00000000  00000-0  00000-0 0 00000
2 53207 097.7430 72.1590 0000000 000.0000 221.3250 15.01920000000000
1 53207U          19286.02916667  .00000000  00000-0  00000-0 0 00000
2 53207 097.7430 72.4690 0000000 000.0000 116.3250 15.01920000000000
1 53207U          19286.35555556  .00000000  00000-0  00000-0 0 00000
2 53207 097.7440 72.7910 0000000 000.0000 078.8260 15.01920000000000
1 53207U          19286.67013889  .00000000  00000-0  00000-0 0 00000
2 53207 097.7440 73.1010 0000000 000.0000 337.5760 15.01920000000000
1 53207U          19286.98472222  .00000000  00000-0  00000-0 0 00000
2 53207 097.7440 73.4110 0000000 000.0000 236.3270 15.01920000000000
1 53207U          19287.38333333  .00000000  00000-0  00000-0 0 00000
2 53207 097.7440 73.8040 0000000 000.0000 228.8280 15.01920000000000
1 53207U          19287.64236111  .00000000  00000-0  00000-0 0 00000
2 53207 097.7440 74.0590 0000000 000.0000 187.5780 15.01920000000000
1 53207U          19288.03472222  .00000000  00000-0  00000-0 0 00000
2 53207 097.7440 74.4460 0000000 000.0000 146.3290 15.01920000000000
1 53207U          19288.31875000  .00000000  00000-0  00000-0 0 00000
2 53207 097.7450 74.7260 0000000 000.0000 240.0790 15.01920000000000
1 53207U          19288.68055556  .00000000  00000-0  00000-0 0 00000
2 53207 097.7450 75.0830 0000000 000.0000 033.8300 15.01920000000000
1 53207U          19289.05833333  .00000000  00000-0  00000-0 0 00000
2 53207 097.7450 75.4550 0000000 000.0000 273.8310 15.01920000000000
1 53207U          19289.31180556  .00000000  00000-0  00000-0 0 00000
2 53207 097.7450 75.7050 0000000 000.0000 202.5810 15.01920000000000
1 53207U          19289.70625000  .00000000  00000-0  00000-0 0 00000
2 53207 097.7450 76.0940 0000000 000.0000 172.5820 15.01920000000000
1 53207U          19289.95277778  .00000000  00000-0  00000-0 0 00000
2 53207 097.7450 76.3370 0000000 000.0000 063.8320 15.01920000000000
1 53207U          19290.41666667  .00000000  00000-0  00000-0 0 00000
2 53207 097.7460 76.7940 0000000 000.0000 048.8330 15.01920000000000
1 53207U          19290.58680556  .00000000  00000-0  00000-0 0 00000
2 53207 097.7460 76.9620 0000000 000.0000 247.5840 15.01920000000000
1 53207U          19290.95763889  .00000000  00000-0  00000-0 0 00000
2 53207 097.7460 77.3280 0000000 000.0000 090.0840 15.01920000000000
1 53207U          19291.38819444  .00000000  00000-0  00000-0 0 00000
2 53207 097.7460 77.7520 0000000 000.0000 255.0850 15.01920000000000
1 53207U          19291.63680556  .00000000  00000-0  00000-0 0 00000
2 53207 097.7460 77.9970 0000000 000.0000 157.5860 15.01920000000000
1 53207U          19291.93055556  .00000000  00000-0  00000-0 0 00000
2 53207 097.7460 78.2870 0000000 000.0000 303.8360 15.01920000000000
1 53207U          19292.26388889  .00000000  00000-0  00000-0 0 00000
2 53207 097.7460 78.6150 0000000 000.0000 303.8370 15.01920000000000
1 53207U          19292.64305556  .00000000  00000-0  00000-0 0 00000
2 53207 097.7460 78.9890 0000000 000.0000 191.3370 15.01920000000000
1 53207U          19292.94930556  .00000000  00000-0  00000-0 0 00000
2 53207 097.7470 79.2910 0000000 000.0000 045.0880 15.01920000000000
1 53207U          19293.35763889  .00000000  00000-0  00000-0 0 00000
2 53207 097.7470 79.6940 0000000 000.0000 090.0890 15.01920000000000
1 53207U          19293.62083333  .00000000  00000-0  00000-0 0 00000
2 53207 097.7470 79.9530 0000000 000.0000 071.3390 15.01920000000000
1 53207U          19293.98680556  .00000000  00000-0  00000-0 0 00000
2 53207 097.7470 80.3140 0000000 000.0000 247.5900 15.01920000000000
1 53207U          19294.26666667  .00000000  00000-0  00000-0 0 00000
2 53207 097.7470 80.5900 0000000 000.0000 318.8400 15.01920000000000
1 53207U          19294.68680556  .00000000  00000-0  00000-0 0 00000
2 53207 097.7470 81.0040 0000000 000.0000 067.5910 15.01920000000000
1 53207U          19294.92013889  .00000000  00000-0  00000-0 0 00000
2 53207 097.7470 81.2340 0000000 000.0000 247.5920 15.01920000000000
1 53207U          19295.32986111  .00000000  00000-0  00000-0 0 00000
2 53207 097.7470 81.6380 0000000 000.0000 300.0920 15.01920000000000
1 53207U          19295.62986111  .00000000  00000-0  00000-0 0 00000
2 53207 097.7470 81.9340 0000000 000.0000 120.0930 15.01920000000000
1 53207U          19296.02638889  .00000000  00000-0  00000-0 0 00000
2 53207 097.7470 82.3250 0000000 000.0000 101.3440 15.01920000000000
1 53207U          19296.36597222  .00000000  00000-0  00000-0 0 00000
2 53207 097.7470 82.6590 0000000 000.0000 135.0940 15.01920000000000
1 53207U          19296.69166667  .00000000  00000-0  00000-0 0 00000
2 53207 097.7480 82.9810 0000000 000.0000 093.8450 15.01920000000000
1 53207U          19296.93888889  .00000000  00000-0  00000-0 0 00000
2 53207 097.7480 83.2240 0000000 000.0000 348.8460 15.01920000000000
1 53207U          19297.25347222  .00000000  00000-0  00000-0 0 00000
2 53207 097.7480 83.5340 0000000 000.0000 247.5960 15.01920000000000
1 53207U          19297.59236111  .00000000  00000-0  00000-0 0 00000
2 53207 097.7480 83.8690 0000000 000.0000 277.5970 15.01920000000000
1 53207U          19297.97291667  .00000000  00000-0  00000-0 0 00000
2 53207 097.7480 84.2440 0000000 000.0000 172.5980 15.01920000000000
1 53207U          19298.26597222  .00000000  00000-0  00000-0 0 00000
2 53207 097.7480 84.5330 0000000 000.0000 315.0980 15.01920000000000
1 53207U          19298.72430556  .00000000  00000-0  00000-0 0 00000
2 53207 097.7480 84.9840 0000000 000.0000 270.0990 15.01920000000000
1 53207U          19298.97777778  .00000000  00000-0  00000-0 0 00000
2 53207 097.7480 85.2340 0000000 000.0000 198.8490 15.01920000000000
1 53207U          19299.41597222  .00000000  00000-0  00000-0 0 00000
2 53207 097.7480 85.6660 0000000 000.0000 045.1000 15.01920000000000
1 53207U          19299.60763889  .00000000  00000-0  00000-0 0 00000
2 53207 097.7480 85.8550 0000000 000.0000 000.1010 15.01920000000000
1 53207U          19300.07847222  .00000000  00000-0  00000-0 0 00000
2 53207 097.7480 86.3190 0000000 000.0000 022.6020 15.01920000000000
1 53207U          19300.33819444  .00000000  00000-0  00000-0 0 00000
2 53207 097.7480 86.5760 0000000 000.0000 345.1020 15.01920000000000
1 53207U          19300.61597222  .00000000  00000-0  00000-0 0 00000
2 53207 097.7480 86.8490 0000000 000.0000 045.1030 15.01920000000000
1 53207U          19300.97291667  .00000000  00000-0  00000-0 0 00000
2 53207 097.7480 87.2010 0000000 000.0000 172.6030 15.01920000000000
1 53207U          19301.30902778  .00000000  00000-0  00000-0 0 00000
2 53207 097.7480 87.5330 0000000 000.0000 187.6040 15.01920000000000
1 53207U          19301.73263889  .00000000  00000-0  00000-0 0 00000
2 53207 097.7480 87.9500 0000000 000.0000 315.1050 15.01920000000000
1 53207U          19301.92430556  .00000000  00000-0  00000-0 0 00000
2 53207 097.7480 88.1390 0000000 000.0000 270.1050 15.01920000000000
1 53207U          19302.27361111  .00000000  00000-0  00000-0 0 00000
2 53207 097.7480 88.4840 0000000 000.0000 356.3560 15.01920000000000
1 53207U          19302.74305556  .00000000  00000-0  00000-0 0 00000
2 53207 097.7480 88.9460 0000000 000.0000 011.3570 15.01920000000000
1 53207U          19303.00972222  .00000000  00000-0  00000-0 0 00000
2 53207 097.7480 89.2090 0000000 000.0000 011.3570 15.01920000000000
1 53207U          19303.33472222  .00000000  00000-0  00000-0 0 00000
2 53207 097.7480 89.5300 0000000 000.0000 326.3580 15.01920000000000
1 53207U          19303.74722222  .00000000  00000-0  00000-0 0 00000
2 53207 097.7480 89.9360 0000000 000.0000 033.8590 15.01920000000000
1 53207U          19304.06458333  .00000000  00000-0  00000-0 0 00000
2 53207 097.7480 90.2490 0000000 000.0000 307.6090 15.01920000000000
1 53207U          19304.32916667  .00000000  00000-0  00000-0 0 00000
2 53207 097.7480 90.5100 0000000 000.0000 296.3600 15.01920000000000
1 53207U          19304.71250000  .00000000  00000-0  00000-0 0 00000
2 53207 097.7480 90.8880 0000000 000.0000 206.3600 15.01920000000000
1 53207U          19304.93750000  .00000000  00000-0  00000-0 0 00000
2 53207 097.7480 91.1100 0000000 000.0000 341.3610 15.01920000000000
1 53207U          19305.28680556  .00000000  00000-0  00000-0 0 00000
2 53207 097.7480 91.4540 0000000 000.0000 067.6110 15.01920000000000
1 53207U          19305.70486111  .00000000  00000-0  00000-0 0 00000
2 53207 097.7480 91.8660 0000000 000.0000 165.1120 15.01920000000000
1 53207U          19305.97777778  .00000000  00000-0  00000-0 0 00000
2 53207 097.7480 92.1350 0000000 000.0000 198.8630 15.01920000000000
1 53207U          19306.40833333  .00000000  00000-0  00000-0 0 00000
2 53207 097.7480 92.5600 0000000 000.0000 003.8640 15.01920000000000
1 53207U          19306.64513889  .00000000  00000-0  00000-0 0 00000
2 53207 097.7480 92.7930 0000000 000.0000 202.6140 15.01920000000000
1 53207U          19307.01736111  .00000000  00000-0  00000-0 0 00000
2 53207 097.7480 93.1600 0000000 000.0000 052.6150 15.01920000000000
1 53207U          19307.29791667  .00000000  00000-0  00000-0 0 00000
2 53207 097.7480 93.4370 0000000 000.0000 127.6150 15.01920000000000
1 53207U          19307.73750000  .00000000  00000-0  00000-0 0 00000
2 53207 097.7480 93.8700 0000000 000.0000 341.3660 15.01920000000000
1 53207U          19308.01875000  .00000000  00000-0  00000-0 0 00000
2 53207 097.7480 94.1470 0000000 000.0000 060.1170 15.01920000000000
1 53207U          19308.40138889  .00000000  00000-0  00000-0 0 00000
2 53207 097.7480 94.5250 0000000 000.0000 326.3670 15.01920000000000
1 53207U          19308.70625000  .00000000  00000-0  00000-0 0 00000
2 53207 097.7480 94.8250 0000000 000.0000 172.6180 15.01920000000000
1 53207U          19308.96875000  .00000000  00000-0  00000-0 0 00000
2 53207 097.7480 95.0840 0000000 000.0000 150.1190 15.01920000000000
1 53207U          19309.25833333  .00000000  00000-0  00000-0 0 00000
2 53207 097.7480 95.3700 0000000 000.0000 273.8690 15.01920000000000
1 53207U          19309.69513889  .00000000  00000-0  00000-0 0 00000
2 53207 097.7480 95.8000 0000000 000.0000 112.6200 15.01920000000000
1 53207U          19310.00277778  .00000000  00000-0  00000-0 0 00000
2 53207 097.7480 96.1030 0000000 000.0000 333.8710 15.01920000000000
1 53207U          19310.35694444  .00000000  00000-0  00000-0 0 00000
2 53207 097.7480 96.4530 0000000 000.0000 086.3710 15.01920000000000
1 53207U          19310.61736111  .00000000  00000-0  00000-0 0 00000
2 53207 097.7470 96.7090 0000000 000.0000 052.6220 15.01920000000000
1 53207U          19310.93472222  .00000000  00000-0  00000-0 0 00000
2 53207 097.7470 97.0220 0000000 000.0000 326.3720 15.01920000000000
1 53207U          19311.32013889  .00000000  00000-0  00000-0 0 00000
2 53207 097.7470 97.4020 0000000 000.0000 247.6230 15.01920000000000
1 53207U          19311.70555556  .00000000  00000-0  00000-0 0 00000
2 53207 097.7470 97.7820 0000000 000.0000 168.8740 15.01920000000000
1 53207U          19311.89583333  .00000000  00000-0  00000-0 0 00000
2 53207 097.7470 97.9700 0000000 000.0000 116.3740 15.01914300000000
1 53207U          19312.29513889  .00000000  00000-0  00000-0 0 00000
2 53207 097.7470 98.3630 0000000 000.0000 112.6250 15.01914300000000
1 53207U          19312.63888889  .00000000  00000-0  00000-0 0 00000
2 53207 097.7470 98.7020 0000000 000.0000 168.8760 15.01914300000000
1 53207U          19312.86944444  .00000000  00000-0  00000-0 0 00000
2 53207 097.7470 98.9300 0000000 000.0000 333.8760 15.01914300000000
1 53207U          19313.19722222  .00000000  00000-0  00000-0 0 00000
2 53207 097.7470 99.2530 0000000 000.0000 303.8770 15.01914300000000
1 53207U          19313.50000000  .00000000  00000-0  00000-0 0 00000
2 53207 097.7470 99.5510 0000000 000.0000 138.8770 15.01914300000000
1 53207U          19313.97361111  .00000000  00000-0  00000-0 0 00000
2 53207 097.7470 100.0180 0000000 000.0000 176.3780 15.01914300000000
1 53207U          19314.24861111  .00000000  00000-0  00000-0 0 00000
2 53207 097.7460 100.2890 0000000 000.0000 221.3790 15.01914300000000
1 53207U          19314.60625000  .00000000  00000-0  00000-0 0 00000
2 53207 097.7460 100.6420 0000000 000.0000 352.6290 15.01914300000000
1 53207U          19314.91944444  .00000000  00000-0  00000-0 0 00000
2 53207 097.7460 100.9510 0000000 000.0000 243.8800 15.01914300000000
1 53207U          19315.28194444  .00000000  00000-0  00000-0 0 00000
2 53207 097.7460 101.3080 0000000 000.0000 041.3800 15.01914300000000
1 53207U          19315.52777778  .00000000  00000-0  00000-0 0 00000
2 53207 097.7460 101.5500 0000000 000.0000 288.8810 15.01914300000000
1 53207U          19315.81805556  .00000000  00000-0  00000-0 0 00000
2 53207 097.7460 101.8360 0000000 000.0000 056.3810 15.01914300000000
1 53207U          19316.19583333  .00000000  00000-0  00000-0 0 00000
2 53207 097.7460 102.2090 0000000 000.0000 296.3820 15.01914300000000
1 53207U          19316.60208333  .00000000  00000-0  00000-0 0 00000
2 53207 097.7460 102.6090 0000000 000.0000 330.1330 15.01914300000000
1 53207U          19316.84791667  .00000000  00000-0  00000-0 0 00000
2 53207 097.7450 102.8520 0000000 000.0000 217.6330 15.01914300000000
1 53207U          19317.19166667  .00000000  00000-0  00000-0 0 00000
2 53207 097.7450 103.1910 0000000 000.0000 273.8840 15.01914300000000
1 53207U          19317.62500000  .00000000  00000-0  00000-0 0 00000
2 53207 097.7450 103.6180 0000000 000.0000 093.8850 15.01914300000000
1 53207U          19317.95138889  .00000000  00000-0  00000-0 0 00000
2 53207 097.7450 103.9400 0000000 000.0000 056.3850 15.01914300000000
1 53207U          19318.27708333  .00000000  00000-0  00000-0 0 00000
2 53207 097.7450 104.2610 0000000 000.0000 015.1360 15.01914300000000
1 53207U          19318.60138889  .00000000  00000-0  00000-0 0 00000
2 53207 097.7450 104.5800 0000000 000.0000 326.3870 15.01914300000000
1 53207U          19318.89583333  .00000000  00000-0  00000-0 0 00000
2 53207 097.7440 104.8710 0000000 000.0000 116.3870 15.01914300000000
1 53207U          19318.89583333  .00000000  00000-0  00000-0 0 00000
2 53207 097.7440 104.8710 0000000 000.0000 116.3870 15.01914300000000
1 53207U          19319.30208333  .00000000  00000-0  00000-0 0 00000
2 53207 097.7440 105.2710 0000000 000.0000 150.1380 15.01914300000000
1 53207U          19319.55486111  .00000000  00000-0  00000-0 0 00000
2 53207 097.7440 105.5200 0000000 000.0000 075.1380 15.01914300000000
1 53207U          19319.94027778  .00000000  00000-0  00000-0 0 00000
2 53207 097.7440 105.9000 0000000 000.0000 356.3890 15.01914300000000
1 53207U          19320.21111111  .00000000  00000-0  00000-0 0 00000
2 53207 097.7440 106.1670 0000000 000.0000 018.8900 15.01914300000000
1 53207U          19320.50694444  .00000000  00000-0  00000-0 0 00000
2 53207 097.7440 106.4590 0000000 000.0000 176.3900 15.01914300000000
1 53207U          19320.84722222  .00000000  00000-0  00000-0 0 00000
2 53207 097.7430 106.7940 0000000 000.0000 213.8910 15.01914300000000
1 53207U          19321.21458333  .00000000  00000-0  00000-0 0 00000
2 53207 097.7430 107.1570 0000000 000.0000 037.6410 15.01914300000000
1 53207U          19321.49305556  .00000000  00000-0  00000-0 0 00000
2 53207 097.7430 107.4310 0000000 000.0000 101.3920 15.01914300000000
1 53207U          19321.81944444  .00000000  00000-0  00000-0 0 00000
2 53207 097.7430 107.7530 0000000 000.0000 063.8930 15.01914300000000
1 53207U          19322.28958333  .00000000  00000-0  00000-0 0 00000
2 53207 097.7430 108.2160 0000000 000.0000 082.6430 15.01914300000000
1 53207U          19322.63263889  .00000000  00000-0  00000-0 0 00000
2 53207 097.7420 108.5550 0000000 000.0000 135.1440 15.01914300000000
1 53207U          19322.82083333  .00000000  00000-0  00000-0 0 00000
2 53207 097.7420 108.7400 0000000 000.0000 071.3940 15.01914300000000
1 53207U          19323.30416667  .00000000  00000-0  00000-0 0 00000
2 53207 097.7420 109.2170 0000000 000.0000 161.3950 15.01914300000000
1 53207U          19323.52500000  .00000000  00000-0  00000-0 0 00000
2 53207 097.7420 109.4340 0000000 000.0000 273.8960 15.01914300000000
1 53207U          19323.94513889  .00000000  00000-0  00000-0 0 00000
2 53207 097.7420 109.8490 0000000 000.0000 022.6460 15.01914300000000
1 53207U          19324.24097222  .00000000  00000-0  00000-0 0 00000
2 53207 097.7410 110.1400 0000000 000.0000 180.1470 15.01914300000000
1 53207U          19324.52083333  .00000000  00000-0  00000-0 0 00000
2 53207 097.7410 110.4160 0000000 000.0000 251.3970 15.01914300000000
1 53207U          19324.93472222  .00000000  00000-0  00000-0 0 00000
2 53207 097.7410 110.8240 0000000 000.0000 326.3980 15.01914300000000
1 53207U          19325.18263889  .00000000  00000-0  00000-0 0 00000
2 53207 097.7410 111.0690 0000000 000.0000 225.1490 15.01914300000000
1 53207U          19325.62291667  .00000000  00000-0  00000-0 0 00000
2 53207 097.7410 111.5030 0000000 000.0000 082.6490 15.01914300000000
1 53207U          19325.89583333  .00000000  00000-0  00000-0 0 00000
2 53207 097.7400 111.7720 0000000 000.0000 116.4000 15.01914300000000
1 53207U          19325.94444444  .00000000  00000-0  00000-0 0 00000
2 53207 097.7400 111.8200 0000000 000.0000 018.9000 15.01914300000000
1 53207U          19326.24236111  .00000000  00000-0  00000-0 0 00000
2 53207 097.7400 112.1130 0000000 000.0000 187.6510 15.01914300000000
1 53207U          19326.55625000  .00000000  00000-0  00000-0 0 00000
2 53207 097.7400 112.4230 0000000 000.0000 082.6510 15.01914300000000
1 53207U          19326.86458333  .00000000  00000-0  00000-0 0 00000
2 53207 097.7400 112.7270 0000000 000.0000 307.6520 15.01914300000000
1 53207U          19327.25277778  .00000000  00000-0  00000-0 0 00000
2 53207 097.7390 113.1090 0000000 000.0000 243.9020 15.01914300000000
1 53207U          19327.53611111  .00000000  00000-0  00000-0 0 00000
2 53207 097.7390 113.3890 0000000 000.0000 333.9030 15.01914300000000
1 53207U          19327.94791667  .00000000  00000-0  00000-0 0 00000
2 53207 097.7390 113.7950 0000000 000.0000 037.6540 15.01914300000000
1 53207U          19328.28611111  .00000000  00000-0  00000-0 0 00000
2 53207 097.7390 114.1280 0000000 000.0000 063.9040 15.01914300000000
1 53207U          19328.55208333  .00000000  00000-0  00000-0 0 00000
2 53207 097.7380 114.3900 0000000 000.0000 060.1550 15.01914300000000
1 53207U          19328.90208333  .00000000  00000-0  00000-0 0 00000
2 53207 097.7380 114.7350 0000000 000.0000 150.1550 15.01914300000000
1 53207U          19329.24097222  .00000000  00000-0  00000-0 0 00000
2 53207 097.7380 115.0690 0000000 000.0000 180.1560 15.01914300000000
1 53207U          19329.48750000  .00000000  00000-0  00000-0 0 00000
2 53207 097.7380 115.3120 0000000 000.0000 071.4060 15.01914300000000
1 53207U          19329.90000000  .00000000  00000-0  00000-0 0 00000
2 53207 097.7370 115.7190 0000000 000.0000 138.9070 15.01914300000000
1 53207U          19330.20902778  .00000000  00000-0  00000-0 0 00000
2 53207 097.7370 116.0240 0000000 000.0000 007.6570 15.01914300000000
1 53207U          19330.64027778  .00000000  00000-0  00000-0 0 00000
2 53207 097.7370 116.4490 0000000 000.0000 176.4080 15.01914300000000
1 53207U          19330.83055556  .00000000  00000-0  00000-0 0 00000
2 53207 097.7370 116.6360 0000000 000.0000 123.9090 15.01914300000000
1 53207U          19331.26944444  .00000000  00000-0  00000-0 0 00000
2 53207 097.7360 117.0690 0000000 000.0000 333.9090 15.01914300000000
1 53207U          19331.60833333  .00000000  00000-0  00000-0 0 00000
2 53207 097.7360 117.4030 0000000 000.0000 003.9100 15.01914300000000
1 53207U          19331.85833333  .00000000  00000-0  00000-0 0 00000
2 53207 097.7360 117.6500 0000000 000.0000 273.9100 15.01914300000000
1 53207U          19332.28541667  .00000000  00000-0  00000-0 0 00000
2 53207 097.7350 118.0710 0000000 000.0000 060.1610 15.01914300000000
1 53207U          19332.52916667  .00000000  00000-0  00000-0 0 00000
2 53207 097.7350 118.3110 0000000 000.0000 296.4110 15.01914300000000
1 53207U          19332.81250000  .00000000  00000-0  00000-0 0 00000
2 53207 097.7350 118.5900 0000000 000.0000 026.4120 15.01914300000000
