1 54494U          19282.01597222  .00000000  00000-0  00000-0 0 00000
2 54494 097.7340 119.9540 0000000 000.0000 268.0190 00.06258000000000
1 54494U          19282.32569444  .00000000  00000-0  00000-0 0 00000
2 54494 097.7330 120.2590 0000000 000.0000 140.5200 00.06258000000000
1 54494U          19282.72986111  .00000000  00000-0  00000-0 0 00000
2 54494 097.7330 120.6570 0000000 000.0000 163.0210 00.06258000000000
1 54494U          19283.02013889  .00000000  00000-0  00000-0 0 00000
2 54494 097.7330 120.9440 0000000 000.0000 290.5210 00.06258000000000
1 54494U          19283.30000000  .00000000  00000-0  00000-0 0 00000
2 54494 097.7320 121.2200 0000000 000.0000 001.7710 00.06258000000000
1 54494U          19283.66597222  .00000000  00000-0  00000-0 0 00000
2 54494 097.7320 121.5800 0000000 000.0000 178.0220 00.06258000000000
1 54494U          19284.03611111  .00000000  00000-0  00000-0 0 00000
2 54494 097.7320 121.9450 0000000 000.0000 016.7730 00.06258000000000
1 54494U          19284.40069444  .00000000  00000-0  00000-0 0 00000
2 54494 097.7310 122.3050 0000000 000.0000 185.5230 00.06258000000000
1 54494U          19284.72152778  .00000000  00000-0  00000-0 0 00000
2 54494 097.7310 122.6210 0000000 000.0000 118.0240 00.06258000000000
1 54494U          19285.04513889  .00000000  00000-0  00000-0 0 00000
2 54494 097.7310 122.9400 0000000 000.0000 065.5240 00.06258000000000
1 54494U          19285.41111111  .00000000  00000-0  00000-0 0 00000
2 54494 097.7300 123.3010 0000000 000.0000 241.7750 00.06258000000000
1 54494U          19285.71041667  .00000000  00000-0  00000-0 0 00000
2 54494 097.7300 123.5960 0000000 000.0000 058.0250 00.06258000000000
1 54494U          19286.06597222  .00000000  00000-0  00000-0 0 00000
2 54494 097.7290 123.9460 0000000 000.0000 178.0260 00.06258000000000
1 54494U          19286.30972222  .00000000  00000-0  00000-0 0 00000
2 54494 097.7290 124.1870 0000000 000.0000 054.2760 00.06258000000000
1 54494U          19286.70972222  .00000000  00000-0  00000-0 0 00000
2 54494 097.7290 124.5810 0000000 000.0000 054.2770 00.06258000000000
1 54494U          19286.96250000  .00000000  00000-0  00000-0 0 00000
2 54494 097.7290 124.8300 0000000 000.0000 339.2770 00.06258000000000
1 54494U          19287.27916667  .00000000  00000-0  00000-0 0 00000
2 54494 097.7280 125.1420 0000000 000.0000 249.2780 00.06258000000000
1 54494U          19287.74305556  .00000000  00000-0  00000-0 0 00000
2 54494 097.7280 125.6000 0000000 000.0000 234.2790 00.06258000000000
1 54494U          19288.01736111  .00000000  00000-0  00000-0 0 00000
2 54494 097.7270 125.8700 0000000 000.0000 275.5290 00.06258000000000
1 54494U          19288.28958333  .00000000  00000-0  00000-0 0 00000
2 54494 097.7270 126.1380 0000000 000.0000 305.5290 00.06258000000000
1 54494U          19288.63194444  .00000000  00000-0  00000-0 0 00000
2 54494 097.7270 126.4760 0000000 000.0000 354.2800 00.06258000000000
1 54494U          19288.94930556  .00000000  00000-0  00000-0 0 00000
2 54494 097.7260 126.7890 0000000 000.0000 268.0300 00.06258000000000
1 54494U          19289.39861111  .00000000  00000-0  00000-0 0 00000
2 54494 097.7260 127.2320 0000000 000.0000 174.2810 00.06258000000000
1 54494U          19289.63888889  .00000000  00000-0  00000-0 0 00000
2 54494 097.7260 127.4680 0000000 000.0000 031.7810 00.06258000000000
1 54494U          19290.02430556  .00000000  00000-0  00000-0 0 00000
2 54494 097.7250 127.8480 0000000 000.0000 313.0320 00.06258000000000
1 54494U          19290.31875000  .00000000  00000-0  00000-0 0 00000
2 54494 097.7250 128.1390 0000000 000.0000 103.0330 00.06258000000000
1 54494U          19290.58958333  .00000000  00000-0  00000-0 0 00000
2 54494 097.7240 128.4060 0000000 000.0000 125.5330 00.06258000000000
1 54494U          19291.01250000  .00000000  00000-0  00000-0 0 00000
2 54494 097.7240 128.8230 0000000 000.0000 249.2840 00.06258000000000
1 54494U          19291.27777778  .00000000  00000-0  00000-0 0 00000
2 54494 097.7240 129.0840 0000000 000.0000 241.7840 00.06258000000000
1 54494U          19291.73680556  .00000000  00000-0  00000-0 0 00000
2 54494 097.7230 129.5370 0000000 000.0000 200.5350 00.06258000000000
1 54494U          19291.97013889  .00000000  00000-0  00000-0 0 00000
2 54494 097.7230 129.7670 0000000 000.0000 020.5350 00.06258000000000
1 54494U          19292.26250000  .00000000  00000-0  00000-0 0 00000
2 54494 097.7220 130.0550 0000000 000.0000 159.2850 00.06258000000000
1 54494U          19292.60625000  .00000000  00000-0  00000-0 0 00000
2 54494 097.7220 130.3940 0000000 000.0000 215.5360 00.06258000000000
1 54494U          19292.95625000  .00000000  00000-0  00000-0 0 00000
2 54494 097.7220 130.7390 0000000 000.0000 305.5360 00.06258000000000
1 54494U          19293.26875000  .00000000  00000-0  00000-0 0 00000
2 54494 097.7210 131.0470 0000000 000.0000 193.0370 00.06258000000000
1 54494U          19293.68263889  .00000000  00000-0  00000-0 0 00000
2 54494 097.7210 131.4550 0000000 000.0000 268.0370 00.06258000000000
1 54494U          19293.91736111  .00000000  00000-0  00000-0 0 00000
2 54494 097.7200 131.6860 0000000 000.0000 095.5380 00.06258000000000
1 54494U          19294.31944444  .00000000  00000-0  00000-0 0 00000
2 54494 097.7200 132.0830 0000000 000.0000 106.7880 00.06258000000000
1 54494U          19294.73125000  .00000000  00000-0  00000-0 0 00000
2 54494 097.7190 132.4890 0000000 000.0000 170.5390 00.06258000000000
1 54494U          19295.03125000  .00000000  00000-0  00000-0 0 00000
2 54494 097.7190 132.7840 0000000 000.0000 350.5390 00.06258000000000
1 54494U          19295.36388889  .00000000  00000-0  00000-0 0 00000
2 54494 097.7190 133.1120 0000000 000.0000 346.7900 00.06258000000000
1 54494U          19295.71527778  .00000000  00000-0  00000-0 0 00000
2 54494 097.7180 133.4590 0000000 000.0000 084.2900 00.06258000000000
1 54494U          19296.04652778  .00000000  00000-0  00000-0 0 00000
2 54494 097.7180 133.7850 0000000 000.0000 073.0410 00.06258000000000
1 54494U          19296.25694444  .00000000  00000-0  00000-0 0 00000
2 54494 097.7170 133.9930 0000000 000.0000 129.2910 00.06258000000000
1 54494U          19296.66041667  .00000000  00000-0  00000-0 0 00000
2 54494 097.7170 134.3900 0000000 000.0000 148.0420 00.06258000000000
1 54494U          19297.05694444  .00000000  00000-0  00000-0 0 00000
2 54494 097.7160 134.7810 0000000 000.0000 129.2920 00.06258000000000
1 54494U          19297.39722222  .00000000  00000-0  00000-0 0 00000
2 54494 097.7160 135.1170 0000000 000.0000 166.7930 00.06258000000000
1 54494U          19297.59027778  .00000000  00000-0  00000-0 0 00000
2 54494 097.7160 135.3070 0000000 000.0000 129.2930 00.06258000000000
1 54494U          19298.06250000  .00000000  00000-0  00000-0 0 00000
2 54494 097.7150 135.7720 0000000 000.0000 159.2940 00.06258000000000
1 54494U          19298.25902778  .00000000  00000-0  00000-0 0 00000
2 54494 097.7150 135.9660 0000000 000.0000 140.5440 00.06258000000000
1 54494U          19298.72708333  .00000000  00000-0  00000-0 0 00000
2 54494 097.7140 136.4280 0000000 000.0000 148.0440 00.06258000000000
1 54494U          19298.99513889  .00000000  00000-0  00000-0 0 00000
2 54494 097.7140 136.6920 0000000 000.0000 155.5450 00.06258000000000
1 54494U          19299.39930556  .00000000  00000-0  00000-0 0 00000
2 54494 097.7130 137.0900 0000000 000.0000 178.0450 00.06258000000000
1 54494U          19299.70833333  .00000000  00000-0  00000-0 0 00000
2 54494 097.7130 137.3950 0000000 000.0000 046.7960 00.06258000000000
1 54494U          19300.03750000  .00000000  00000-0  00000-0 0 00000
2 54494 097.7120 137.7190 0000000 000.0000 024.2960 00.06258000000000
1 54494U          19300.35625000  .00000000  00000-0  00000-0 0 00000
2 54494 097.7120 138.0340 0000000 000.0000 305.5470 00.06258000000000
1 54494U          19300.61111111  .00000000  00000-0  00000-0 0 00000
2 54494 097.7120 138.2850 0000000 000.0000 241.7970 00.06258000000000
1 54494U          19301.05277778  .00000000  00000-0  00000-0 0 00000
2 54494 097.7110 138.7200 0000000 000.0000 106.7970 00.06258000000000
1 54494U          19301.37569444  .00000000  00000-0  00000-0 0 00000
2 54494 097.7110 139.0380 0000000 000.0000 050.5480 00.06258000000000
1 54494U          19301.74861111  .00000000  00000-0  00000-0 0 00000
2 54494 097.7100 139.4060 0000000 000.0000 264.2980 00.06258000000000
1 54494U          19301.99305556  .00000000  00000-0  00000-0 0 00000
2 54494 097.7100 139.6470 0000000 000.0000 144.2990 00.06258000000000
1 54494U          19302.27986111  .00000000  00000-0  00000-0 0 00000
2 54494 097.7090 139.9300 0000000 000.0000 253.0490 00.06258000000000
1 54494U          19302.74513889  .00000000  00000-0  00000-0 0 00000
2 54494 097.7090 140.3880 0000000 000.0000 245.5500 00.06258000000000
1 54494U          19302.98958333  .00000000  00000-0  00000-0 0 00000
2 54494 097.7080 140.6290 0000000 000.0000 125.5500 00.06258000000000
1 54494U          19303.37708333  .00000000  00000-0  00000-0 0 00000
2 54494 097.7080 141.0110 0000000 000.0000 058.0500 00.06258000000000
1 54494U          19303.64444444  .00000000  00000-0  00000-0 0 00000
2 54494 097.7070 141.2750 0000000 000.0000 061.8010 00.06258000000000
1 54494U          19303.92777778  .00000000  00000-0  00000-0 0 00000
2 54494 097.7070 141.5540 0000000 000.0000 151.8010 00.06258000000000
1 54494U          19304.28541667  .00000000  00000-0  00000-0 0 00000
2 54494 097.7060 141.9070 0000000 000.0000 283.0510 00.06258000000000
1 54494U          19304.64166667  .00000000  00000-0  00000-0 0 00000
2 54494 097.7060 142.2580 0000000 000.0000 046.8020 00.06258000000000
1 54494U          19304.93819444  .00000000  00000-0  00000-0 0 00000
2 54494 097.7050 142.5500 0000000 000.0000 208.0520 00.06258000000000
1 54494U          19305.41597222  .00000000  00000-0  00000-0 0 00000
2 54494 097.7050 143.0210 0000000 000.0000 268.0530 00.06258000000000
1 54494U          19305.72777778  .00000000  00000-0  00000-0 0 00000
2 54494 097.7040 143.3290 0000000 000.0000 151.8030 00.06258000000000
1 54494U          19306.07916667  .00000000  00000-0  00000-0 0 00000
2 54494 097.7040 143.6750 0000000 000.0000 249.3040 00.06258000000000
1 54494U          19306.25486111  .00000000  00000-0  00000-0 0 00000
2 54494 097.7030 143.8480 0000000 000.0000 118.0540 00.06258000000000
1 54494U          19306.64375000  .00000000  00000-0  00000-0 0 00000
2 54494 097.7030 144.2320 0000000 000.0000 058.0540 00.06258000000000
1 54494U          19306.93611111  .00000000  00000-0  00000-0 0 00000
2 54494 097.7020 144.5200 0000000 000.0000 196.8040 00.06258000000000
1 54494U          19307.34097222  .00000000  00000-0  00000-0 0 00000
2 54494 097.7020 144.9190 0000000 000.0000 223.0550 00.06258000000000
1 54494U          19307.66666667  .00000000  00000-0  00000-0 0 00000
2 54494 097.7010 145.2400 0000000 000.0000 181.8050 00.06258000000000
1 54494U          19308.00902778  .00000000  00000-0  00000-0 0 00000
2 54494 097.7010 145.5770 0000000 000.0000 230.5560 00.06258000000000
1 54494U          19308.34652778  .00000000  00000-0  00000-0 0 00000
2 54494 097.7000 145.9100 0000000 000.0000 253.0560 00.06258000000000
1 54494U          19308.65277778  .00000000  00000-0  00000-0 0 00000
2 54494 097.7000 146.2120 0000000 000.0000 106.8060 00.06258000000000
1 54494U          19308.93680556  .00000000  00000-0  00000-0 0 00000
2 54494 097.6990 146.4920 0000000 000.0000 200.5570 00.06258000000000
1 54494U          19309.28333333  .00000000  00000-0  00000-0 0 00000
2 54494 097.6990 146.8340 0000000 000.0000 271.8070 00.06258000000000
1 54494U          19309.74166667  .00000000  00000-0  00000-0 0 00000
2 54494 097.6980 147.2850 0000000 000.0000 226.8080 00.06258000000000
1 54494U          19310.04722222  .00000000  00000-0  00000-0 0 00000
2 54494 097.6980 147.5870 0000000 000.0000 076.8080 00.06258000000000
1 54494U          19310.33611111  .00000000  00000-0  00000-0 0 00000
2 54494 097.6970 147.8710 0000000 000.0000 196.8080 00.06258000000000
1 54494U          19310.72222222  .00000000  00000-0  00000-0 0 00000
2 54494 097.6970 148.2520 0000000 000.0000 121.8090 00.06258000000000
1 54494U          19311.07777778  .00000000  00000-0  00000-0 0 00000
2 54494 097.6960 148.6020 0000000 000.0000 241.8090 00.06258000000000
1 54494U          19311.27291667  .00000000  00000-0  00000-0 0 00000
2 54494 097.6960 148.7950 0000000 000.0000 215.5590 00.06258000000000
1 54494U          19311.67083333  .00000000  00000-0  00000-0 0 00000
2 54494 097.6950 149.1870 0000000 000.0000 204.3090 00.06258000000000
1 54494U          19311.95416667  .00000000  00000-0  00000-0 0 00000
2 54494 097.6950 149.4660 0000000 000.0000 294.3100 15.01914300000000
1 54494U          19312.21041667  .00000000  00000-0  00000-0 0 00000
2 54494 097.6940 149.7190 0000000 000.0000 238.0600 15.01914300000000
1 54494U          19312.58541667  .00000000  00000-0  00000-0 0 00000
2 54494 097.6940 150.0880 0000000 000.0000 103.0600 15.01914300000000
1 54494U          19312.97222222  .00000000  00000-0  00000-0 0 00000
2 54494 097.6930 150.4700 0000000 000.0000 031.8110 15.01914300000000
1 54494U          19313.15069444  .00000000  00000-0  00000-0 0 00000
2 54494 097.6930 150.6460 0000000 000.0000 275.5610 15.01914300000000
1 54494U          19313.54652778  .00000000  00000-0  00000-0 0 00000
2 54494 097.6920 151.0360 0000000 000.0000 253.0610 15.01914300000000
1 54494U          19313.91111111  .00000000  00000-0  00000-0 0 00000
2 54494 097.6910 151.3950 0000000 000.0000 061.8120 15.01914300000000
1 54494U          19314.23125000  .00000000  00000-0  00000-0 0 00000
2 54494 097.6910 151.7110 0000000 000.0000 350.5620 15.01914300000000
1 54494U          19314.56944444  .00000000  00000-0  00000-0 0 00000
2 54494 097.6900 152.0440 0000000 000.0000 016.8120 15.01914300000000
1 54494U          19314.94583333  .00000000  00000-0  00000-0 0 00000
2 54494 097.6900 152.4150 0000000 000.0000 249.3130 15.01914300000000
1 54494U          19315.26944444  .00000000  00000-0  00000-0 0 00000
2 54494 097.6890 152.7340 0000000 000.0000 196.8130 15.01914300000000
1 54494U          19315.55694444  .00000000  00000-0  00000-0 0 00000
2 54494 097.6890 153.0180 0000000 000.0000 309.3130 15.01914300000000
1 54494U          19315.83541667  .00000000  00000-0  00000-0 0 00000
2 54494 097.6880 153.2920 0000000 000.0000 013.0630 15.01914300000000
1 54494U          19316.24097222  .00000000  00000-0  00000-0 0 00000
2 54494 097.6880 153.6920 0000000 000.0000 043.0640 15.01914300000000
1 54494U          19316.52222222  .00000000  00000-0  00000-0 0 00000
2 54494 097.6870 153.9690 0000000 000.0000 121.8140 15.01914300000000
1 54494U          19316.84375000  .00000000  00000-0  00000-0 0 00000
2 54494 097.6860 154.2860 0000000 000.0000 058.0640 15.01914300000000
1 54494U          19317.23888889  .00000000  00000-0  00000-0 0 00000
2 54494 097.6860 154.6760 0000000 000.0000 031.8150 15.01914300000000
1 54494U          19317.58611111  .00000000  00000-0  00000-0 0 00000
2 54494 097.6850 155.0180 0000000 000.0000 106.8150 15.01914300000000
1 54494U          19317.94027778  .00000000  00000-0  00000-0 0 00000
2 54494 097.6850 155.3670 0000000 000.0000 219.3150 15.01914300000000
1 54494U          19318.17916667  .00000000  00000-0  00000-0 0 00000
2 54494 097.6840 155.6020 0000000 000.0000 069.3150 15.01914300000000
1 54494U          19318.49652778  .00000000  00000-0  00000-0 0 00000
2 54494 097.6840 155.9150 0000000 000.0000 343.0660 15.01914300000000
1 54494U          19318.85416667  .00000000  00000-0  00000-0 0 00000
2 54494 097.6830 156.2680 0000000 000.0000 114.3160 15.01914300000000
1 54494U          19318.89583333  .00000000  00000-0  00000-0 0 00000
2 54494 097.6830 156.3090 0000000 000.0000 339.3160 15.01914300000000
1 54494U          19319.25277778  .00000000  00000-0  00000-0 0 00000
2 54494 097.6910 156.6410 0017720 255.8280 179.7430 14.74763700000000
1 54494U          19319.54652778  .00000000  00000-0  00000-0 0 00000
2 54494 097.6780 156.9180 0004990 248.0490 302.5010 14.69575900000000
1 54494U          19319.84236111  .00000000  00000-0  00000-0 0 00000
2 54494 097.6850 157.2020 0006100 198.4710 118.0120 14.72117800000000
1 54494U          19320.21527778  .00000000  00000-0  00000-0 0 00000
2 54494 097.6850 157.5520 0011160 327.3750 163.1560 14.72721200000000
1 54494U          19320.60833333  .00000000  00000-0  00000-0 0 00000
2 54494 097.6820 157.9140 0010380 220.3460 190.9590 14.72876900000000
1 54494U          19320.97291667  .00000000  00000-0  00000-0 0 00000
2 54494 097.6760 158.2590 0005220 213.9590 327.2420 14.69358300000000
1 54494U          19321.18888889  .00000000  00000-0  00000-0 0 00000
2 54494 097.6850 158.4570 0011769 040.7070 203.7820 14.74088300000000
1 54494U          19321.60555556  .00000000  00000-0  00000-0 0 00000
2 54494 097.6840 158.8580 0012840 126.7310 163.3320 14.74476300000000
1 54494U          19321.87638889  .00000000  00000-0  00000-0 0 00000
2 54494 097.6870 159.1100 0013820 116.2690 167.4790 14.74861000000000
1 54494U          19322.24305556  .00000000  00000-0  00000-0 0 00000
2 54494 097.6850 159.4480 0016070 234.0730 190.7040 14.74066500000000
1 54494U          19322.58333333  .00000000  00000-0  00000-0 0 00000
2 54494 097.6810 159.7700 0016579 235.4370 190.6250 14.74177800000000
1 54494U          19322.85555556  .00000000  00000-0  00000-0 0 00000
2 54494 097.6850 160.0240 0017010 236.6070 190.4790 14.74269600000000
1 54494U          19323.24513889  .00000000  00000-0  00000-0 0 00000
2 54494 097.6780 160.3980 0006940 230.1310 099.1400 14.70870300000000
1 54494U          19323.48055556  .00000000  00000-0  00000-0 0 00000
2 54494 097.6790 160.6190 0006830 325.8330 169.6350 14.72227900000000
1 54494U          19323.96250000  .00000000  00000-0  00000-0 0 00000
2 54494 097.6720 161.0700 0005000 177.8200 348.8810 14.69689100000000
1 54494U          19324.24305556  .00000000  00000-0  00000-0 0 00000
2 54494 097.6760 161.3260 0005240 279.3060 292.5970 14.70965200000000
1 54494U          19324.49722222  .00000000  00000-0  00000-0 0 00000
2 54494 097.6800 161.5730 0013779 297.3640 179.9000 14.73950500000000
1 54494U          19324.83194444  .00000000  00000-0  00000-0 0 00000
2 54494 097.6830 161.8840 0019910 261.4020 187.7770 14.75148700000000
1 54494U          19325.21944444  .00000000  00000-0  00000-0 0 00000
2 54494 097.6720 162.2500 0006030 250.0820 090.3060 14.70018200000000
1 54494U          19325.64236111  .00000000  00000-0  00000-0 0 00000
2 54494 097.6760 162.6430 0015970 219.0530 200.1600 14.73613600000000
1 54494U          19325.89027778  .00000000  00000-0  00000-0 0 00000
2 54494 097.6790 162.8810 0015420 139.5190 151.9760 14.74408700000000
1 54494U          19325.93541667  .00000000  00000-0  00000-0 0 00000
2 54494 097.6690 162.9220 0007429 180.7420 349.7210 14.69543100000000
1 54494U          19326.17638889  .00000000  00000-0  00000-0 0 00000
2 54494 097.6690 163.1440 0000890 290.5200 075.5600 14.69439500000000
1 54494U          19326.58888889  .00000000  00000-0  00000-0 0 00000
2 54494 097.6680 163.5310 0006700 172.0050 217.7170 14.70786400000000
1 54494U          19326.95347222  .00000000  00000-0  00000-0 0 00000
2 54494 097.6680 163.8800 0005490 165.5220 354.0690 14.70094600000000
1 54494U          19327.18055556  .00000000  00000-0  00000-0 0 00000
2 54494 097.6760 164.0910 0016740 125.6340 156.0370 14.74912400000000
1 54494U          19327.61180556  .00000000  00000-0  00000-0 0 00000
2 54494 097.6690 164.4910 0012600 193.6680 210.9400 14.72209600000000
1 54494U          19327.87638889  .00000000  00000-0  00000-0 0 00000
2 54494 097.6670 164.7420 0000890 227.5980 137.5580 14.69388100000000
1 54494U          19328.22986111  .00000000  00000-0  00000-0 0 00000
2 54494 097.6750 165.0720 0020060 235.6490 200.6430 14.74797700000000
1 54494U          19328.48055556  .00000000  00000-0  00000-0 0 00000
2 54494 097.6670 165.3150 0011379 195.9090 127.3840 14.71424400000000
1 54494U          19328.87083333  .00000000  00000-0  00000-0 0 00000
2 54494 097.6700 165.6720 0003050 033.6630 195.6990 14.72696700000000
1 54494U          19329.26180556  .00000000  00000-0  00000-0 0 00000
2 54494 097.6680 166.0490 0001160 276.1340 222.7510 14.71897300000000
1 54494U          19329.48125000  .00000000  00000-0  00000-0 0 00000
2 54494 097.6650 166.2450 0001480 258.6880 321.9610 14.71821500000000
1 54494U          19329.91180556  .00000000  00000-0  00000-0 0 00000
2 54494 097.6630 166.6580 0007379 217.6160 122.1200 14.70054600000000
1 54494U          19330.19513889  .00000000  00000-0  00000-0 0 00000
2 54494 097.6650 166.9150 0012890 181.4430 218.2180 14.71694200000000
1 54494U          19330.58055556  .00000000  00000-0  00000-0 0 00000
2 54494 097.6680 167.2860 0019200 126.2180 153.6110 14.74984000000000
1 54494U          19330.83333333  .00000000  00000-0  00000-0 0 00000
2 54494 097.6610 167.5210 0011830 181.5010 356.4430 14.69373400000000
1 54494U          19331.21597222  .00000000  00000-0  00000-0 0 00000
2 54494 097.6640 167.8740 0014800 184.9010 218.6220 14.72075300000000
1 54494U          19331.54583333  .00000000  00000-0  00000-0 0 00000
2 54494 097.6560 168.1920 0005090 210.7950 138.8080 14.69559400000000
1 54494U          19331.82222222  .00000000  00000-0  00000-0 0 00000
2 54494 097.6590 168.4470 0005269 154.1010 218.6290 14.69640300000000
1 54494U          19332.30625000  .00000000  00000-0  00000-0 0 00000
2 54494 097.6650 168.8990 0018460 197.6150 217.3810 14.73207000000000
1 54494U          19332.55763889  .00000000  00000-0  00000-0 0 00000
2 54494 097.6610 169.1460 0018560 161.8340 143.8070 14.73181200000000
1 54494U          19332.86111111  .00000000  00000-0  00000-0 0 00000
2 54494 097.6660 169.4280 0011689 267.1080 205.0030 14.74333800000000
