1 55041U          19282.04027778  .00000000  00000-0  00000-0 0 00000
2 55041 097.7010 145.6970 0000000 000.0000 234.7330 15.01920000000000
1 55041U          19282.30277778  .00000000  00000-0  00000-0 0 00000
2 55041 097.7000 145.9550 0000000 000.0000 212.2340 15.01920000000000
1 55041U          19282.63194444  .00000000  00000-0  00000-0 0 00000
2 55041 097.7000 146.2800 0000000 000.0000 189.7340 15.01920000000000
1 55041U          19282.97847222  .00000000  00000-0  00000-0 0 00000
2 55041 097.6990 146.6210 0000000 000.0000 260.9840 15.01920000000000
1 55041U          19283.26111111  .00000000  00000-0  00000-0 0 00000
2 55041 097.6990 146.9000 0000000 000.0000 347.2350 15.01920000000000
1 55041U          19283.71319444  .00000000  00000-0  00000-0 0 00000
2 55041 097.6980 147.3460 0000000 000.0000 268.4850 15.01920000000000
1 55041U          19284.02152778  .00000000  00000-0  00000-0 0 00000
2 55041 097.6970 147.6500 0000000 000.0000 133.4850 15.01920000000000
1 55041U          19284.27083333  .00000000  00000-0  00000-0 0 00000
2 55041 097.6970 147.8950 0000000 000.0000 039.7360 15.01920000000000
1 55041U          19284.70347222  .00000000  00000-0  00000-0 0 00000
2 55041 097.6960 148.3220 0000000 000.0000 215.9860 15.01920000000000
1 55041U          19285.04652778  .00000000  00000-0  00000-0 0 00000
2 55041 097.6960 148.6600 0000000 000.0000 268.4870 15.01920000000000
1 55041U          19285.37291667  .00000000  00000-0  00000-0 0 00000
2 55041 097.6950 148.9820 0000000 000.0000 230.9870 15.01920000000000
1 55041U          19285.70347222  .00000000  00000-0  00000-0 0 00000
2 55041 097.6950 149.3080 0000000 000.0000 215.9870 15.01920000000000
1 55041U          19285.97361111  .00000000  00000-0  00000-0 0 00000
2 55041 097.6940 149.5740 0000000 000.0000 234.7370 15.01920000000000
1 55041U          19286.32013889  .00000000  00000-0  00000-0 0 00000
2 55041 097.6940 149.9150 0000000 000.0000 305.9880 15.01920000000000
1 55041U          19286.58333333  .00000000  00000-0  00000-0 0 00000
2 55041 097.6930 150.1750 0000000 000.0000 287.2380 15.01920000000000
1 55041U          19287.01388889  .00000000  00000-0  00000-0 0 00000
2 55041 097.6930 150.5990 0000000 000.0000 092.2380 15.01920000000000
1 55041U          19287.25833333  .00000000  00000-0  00000-0 0 00000
2 55041 097.6920 150.8400 0000000 000.0000 332.2390 15.01920000000000
1 55041U          19287.63680556  .00000000  00000-0  00000-0 0 00000
2 55041 097.6920 151.2130 0000000 000.0000 215.9890 15.01920000000000
1 55041U          19287.95138889  .00000000  00000-0  00000-0 0 00000
2 55041 097.6910 151.5230 0000000 000.0000 114.7390 15.01920000000000
1 55041U          19288.38541667  .00000000  00000-0  00000-0 0 00000
2 55041 097.6900 151.9510 0000000 000.0000 298.4900 15.01920000000000
1 55041U          19288.63958333  .00000000  00000-0  00000-0 0 00000
2 55041 097.6900 152.2020 0000000 000.0000 230.9900 15.01920000000000
1 55041U          19289.07569444  .00000000  00000-0  00000-0 0 00000
2 55041 097.6890 152.6320 0000000 000.0000 065.9900 15.01920000000000
1 55041U          19289.31944444  .00000000  00000-0  00000-0 0 00000
2 55041 097.6890 152.8720 0000000 000.0000 302.2410 15.01920000000000
1 55041U          19289.68541667  .00000000  00000-0  00000-0 0 00000
2 55041 097.6880 153.2330 0000000 000.0000 118.4910 15.01920000000000
1 55041U          19289.97500000  .00000000  00000-0  00000-0 0 00000
2 55041 097.6880 153.5180 0000000 000.0000 242.2410 15.01920000000000
1 55041U          19290.35138889  .00000000  00000-0  00000-0 0 00000
2 55041 097.6870 153.8890 0000000 000.0000 114.7410 15.01920000000000
1 55041U          19290.65000000  .00000000  00000-0  00000-0 0 00000
2 55041 097.6870 154.1840 0000000 000.0000 287.2420 15.01920000000000
1 55041U          19291.07083333  .00000000  00000-0  00000-0 0 00000
2 55041 097.6860 154.5980 0000000 000.0000 039.7420 15.01920000000000
1 55041U          19291.26597222  .00000000  00000-0  00000-0 0 00000
2 55041 097.6860 154.7910 0000000 000.0000 013.4920 15.01920000000000
1 55041U          19291.70763889  .00000000  00000-0  00000-0 0 00000
2 55041 097.6850 155.2260 0000000 000.0000 238.4930 15.01920000000000
1 55041U          19291.92569444  .00000000  00000-0  00000-0 0 00000
2 55041 097.6850 155.4410 0000000 000.0000 335.9930 15.01920000000000
1 55041U          19292.25347222  .00000000  00000-0  00000-0 0 00000
2 55041 097.6840 155.7640 0000000 000.0000 305.9930 15.01920000000000
1 55041U          19292.73541667  .00000000  00000-0  00000-0 0 00000
2 55041 097.6830 156.2390 0000000 000.0000 028.4930 15.01920000000000
1 55041U          19293.02847222  .00000000  00000-0  00000-0 0 00000
2 55041 097.6830 156.5280 0000000 000.0000 170.9940 15.01920000000000
1 55041U          19293.38750000  .00000000  00000-0  00000-0 0 00000
2 55041 097.6820 156.8820 0000000 000.0000 309.7440 15.01920000000000
1 55041U          19293.58888889  .00000000  00000-0  00000-0 0 00000
2 55041 097.6820 157.0800 0000000 000.0000 317.2440 15.01920000000000
1 55041U          19294.00486111  .00000000  00000-0  00000-0 0 00000
2 55041 097.6810 157.4900 0000000 000.0000 043.4940 15.01920000000000
1 55041U          19294.30069444  .00000000  00000-0  00000-0 0 00000
2 55041 097.6800 157.7820 0000000 000.0000 200.9950 15.01920000000000
1 55041U          19294.73680556  .00000000  00000-0  00000-0 0 00000
2 55041 097.6800 158.2120 0000000 000.0000 035.9950 15.01920000000000
1 55041U          19295.03819444  .00000000  00000-0  00000-0 0 00000
2 55041 097.6790 158.5090 0000000 000.0000 223.4950 15.01920000000000
1 55041U          19295.28125000  .00000000  00000-0  00000-0 0 00000
2 55041 097.6790 158.7490 0000000 000.0000 095.9950 15.01920000000000
1 55041U          19295.71875000  .00000000  00000-0  00000-0 0 00000
2 55041 097.6780 159.1800 0000000 000.0000 298.4960 15.01920000000000
1 55041U          19296.02847222  .00000000  00000-0  00000-0 0 00000
2 55041 097.6770 159.4850 0000000 000.0000 170.9960 15.01920000000000
1 55041U          19296.31666667  .00000000  00000-0  00000-0 0 00000
2 55041 097.6770 159.7690 0000000 000.0000 287.2460 15.01920000000000
1 55041U          19296.60069444  .00000000  00000-0  00000-0 0 00000
2 55041 097.6760 160.0490 0000000 000.0000 020.9960 15.01920000000000
1 55041U          19297.03888889  .00000000  00000-0  00000-0 0 00000
2 55041 097.6760 160.4810 0000000 000.0000 227.2460 15.01920000000000
1 55041U          19297.34722222  .00000000  00000-0  00000-0 0 00000
2 55041 097.6750 160.7850 0000000 000.0000 092.2470 15.01920000000000
1 55041U          19297.60277778  .00000000  00000-0  00000-0 0 00000
2 55041 097.6750 161.0370 0000000 000.0000 032.2470 15.01920000000000
1 55041U          19297.97569444  .00000000  00000-0  00000-0 0 00000
2 55041 097.6740 161.4040 0000000 000.0000 245.9970 15.01920000000000
1 55041U          19298.26250000  .00000000  00000-0  00000-0 0 00000
2 55041 097.6740 161.6870 0000000 000.0000 354.7470 15.01920000000000
1 55041U          19298.63680556  .00000000  00000-0  00000-0 0 00000
2 55041 097.6730 162.0560 0000000 000.0000 215.9980 15.01920000000000
1 55041U          19298.97986111  .00000000  00000-0  00000-0 0 00000
2 55041 097.6720 162.3940 0000000 000.0000 268.4980 15.01920000000000
1 55041U          19299.29930556  .00000000  00000-0  00000-0 0 00000
2 55041 097.6720 162.7090 0000000 000.0000 193.4980 15.01920000000000
1 55041U          19299.58680556  .00000000  00000-0  00000-0 0 00000
2 55041 097.6710 162.9930 0000000 000.0000 305.9980 15.01920000000000
1 55041U          19299.96944444  .00000000  00000-0  00000-0 0 00000
2 55041 097.6700 163.3700 0000000 000.0000 212.2480 15.01920000000000
1 55041U          19300.38263889  .00000000  00000-0  00000-0 0 00000
2 55041 097.6700 163.7770 0000000 000.0000 283.4990 15.01920000000000
1 55041U          19300.67777778  .00000000  00000-0  00000-0 0 00000
2 55041 097.6690 164.0680 0000000 000.0000 077.2490 15.01920000000000
1 55041U          19301.07708333  .00000000  00000-0  00000-0 0 00000
2 55041 097.6690 164.4610 0000000 000.0000 073.4990 15.01920000000000
1 55041U          19301.40486111  .00000000  00000-0  00000-0 0 00000
2 55041 097.6680 164.7850 0000000 000.0000 043.4990 15.01920000000000
1 55041U          19301.65486111  .00000000  00000-0  00000-0 0 00000
2 55041 097.6670 165.0310 0000000 000.0000 313.4990 15.01920000000000
1 55041U          19302.05694444  .00000000  00000-0  00000-0 0 00000
2 55041 097.6670 165.4270 0000000 000.0000 324.7490 15.01920000000000
1 55041U          19302.29097222  .00000000  00000-0  00000-0 0 00000
2 55041 097.6660 165.6580 0000000 000.0000 148.5000 15.01920000000000
1 55041U          19302.66041667  .00000000  00000-0  00000-0 0 00000
2 55041 097.6660 166.0220 0000000 000.0000 343.5000 15.01920000000000
1 55041U          19303.06041667  .00000000  00000-0  00000-0 0 00000
2 55041 097.6650 166.4160 0000000 000.0000 343.5000 15.01920000000000
1 55041U          19303.36111111  .00000000  00000-0  00000-0 0 00000
2 55041 097.6640 166.7130 0000000 000.0000 167.2500 15.01920000000000
1 55041U          19303.73541667  .00000000  00000-0  00000-0 0 00000
2 55041 097.6640 167.0820 0000000 000.0000 028.5000 15.01920000000000
1 55041U          19303.91805556  .00000000  00000-0  00000-0 0 00000
2 55041 097.6630 167.2620 0000000 000.0000 294.7500 15.01920000000000
1 55041U          19304.35694444  .00000000  00000-0  00000-0 0 00000
2 55041 097.6630 167.6940 0000000 000.0000 144.7500 15.01920000000000
1 55041U          19304.73263889  .00000000  00000-0  00000-0 0 00000
2 55041 097.6620 168.0650 0000000 000.0000 013.5010 15.01920000000000
1 55041U          19305.04583333  .00000000  00000-0  00000-0 0 00000
2 55041 097.6610 168.3730 0000000 000.0000 264.7510 15.01920000000000
1 55041U          19305.30138889  .00000000  00000-0  00000-0 0 00000
2 55041 097.6610 168.6250 0000000 000.0000 204.7510 15.01920000000000
1 55041U          19305.72361111  .00000000  00000-0  00000-0 0 00000
2 55041 097.6600 169.0410 0000000 000.0000 324.7510 15.01920000000000
1 55041U          19305.94513889  .00000000  00000-0  00000-0 0 00000
2 55041 097.6600 169.2600 0000000 000.0000 081.0010 15.01920000000000
1 55041U          19306.40000000  .00000000  00000-0  00000-0 0 00000
2 55041 097.6590 169.7080 0000000 000.0000 017.2510 15.01920000000000
1 55041U          19306.70208333  .00000000  00000-0  00000-0 0 00000
2 55041 097.6580 170.0060 0000000 000.0000 208.5010 15.01920000000000
1 55041U          19306.94444444  .00000000  00000-0  00000-0 0 00000
2 55041 097.6580 170.2450 0000000 000.0000 077.2510 15.01920000000000
1 55041U          19307.29722222  .00000000  00000-0  00000-0 0 00000
2 55041 097.6570 170.5920 0000000 000.0000 182.2520 15.01920000000000
1 55041U          19307.62916667  .00000000  00000-0  00000-0 0 00000
2 55041 097.6570 170.9200 0000000 000.0000 174.7520 15.01920000000000
1 55041U          19307.99861111  .00000000  00000-0  00000-0 0 00000
2 55041 097.6560 171.2840 0000000 000.0000 009.7520 15.01920000000000
1 55041U          19308.40208333  .00000000  00000-0  00000-0 0 00000
2 55041 097.6550 171.6810 0000000 000.0000 028.5020 15.01920000000000
1 55041U          19308.65486111  .00000000  00000-0  00000-0 0 00000
2 55041 097.6550 171.9310 0000000 000.0000 313.5020 15.01920000000000
1 55041U          19308.94583333  .00000000  00000-0  00000-0 0 00000
2 55041 097.6540 172.2170 0000000 000.0000 084.7520 15.01920000000000
1 55041U          19309.25833333  .00000000  00000-0  00000-0 0 00000
2 55041 097.6540 172.5250 0000000 000.0000 332.2520 15.01920000000000
1 55041U          19309.62083333  .00000000  00000-0  00000-0 0 00000
2 55041 097.6530 172.8830 0000000 000.0000 129.7520 15.01920000000000
1 55041U          19310.00347222  .00000000  00000-0  00000-0 0 00000
2 55041 097.6520 173.2600 0000000 000.0000 036.0020 15.01920000000000
1 55041U          19310.36736111  .00000000  00000-0  00000-0 0 00000
2 55041 097.6520 173.6180 0000000 000.0000 201.0020 15.01920000000000
1 55041U          19310.71736111  .00000000  00000-0  00000-0 0 00000
2 55041 097.6510 173.9630 0000000 000.0000 291.0030 15.01920000000000
1 55041U          19311.04305556  .00000000  00000-0  00000-0 0 00000
2 55041 097.6500 174.2840 0000000 000.0000 249.7530 15.01920000000000
1 55041U          19311.36250000  .00000000  00000-0  00000-0 0 00000
2 55041 097.6500 174.5990 0000000 000.0000 174.7530 15.01920000000000
1 55041U          19311.69861111  .00000000  00000-0  00000-0 0 00000
2 55041 097.6490 174.9310 0000000 000.0000 189.7530 15.01920000000000
1 55041U          19311.89583333  .00000000  00000-0  00000-0 0 00000
2 55041 097.6490 175.1250 0000000 000.0000 174.7530 15.01914300000000
1 55041U          19312.17500000  .00000000  00000-0  00000-0 0 00000
2 55041 097.6480 175.4000 0000000 000.0000 242.2530 15.01914300000000
1 55041U          19312.51944444  .00000000  00000-0  00000-0 0 00000
2 55041 097.6480 175.7400 0000000 000.0000 302.2530 15.01914300000000
1 55041U          19312.92916667  .00000000  00000-0  00000-0 0 00000
2 55041 097.6470 176.1430 0000000 000.0000 354.7530 15.01914300000000
1 55041U          19313.28819444  .00000000  00000-0  00000-0 0 00000
2 55041 097.6460 176.4970 0000000 000.0000 133.5030 15.01914300000000
1 55041U          19313.61666667  .00000000  00000-0  00000-0 0 00000
2 55041 097.6460 176.8210 0000000 000.0000 107.2530 15.01914300000000
1 55041U          19313.97430556  .00000000  00000-0  00000-0 0 00000
2 55041 097.6450 177.1740 0000000 000.0000 238.5030 15.01914300000000
1 55041U          19314.19583333  .00000000  00000-0  00000-0 0 00000
2 55041 097.6440 177.3920 0000000 000.0000 354.7530 15.01914300000000
1 55041U          19314.57152778  .00000000  00000-0  00000-0 0 00000
2 55041 097.6440 177.7620 0000000 000.0000 223.5030 15.01914300000000
1 55041U          19314.81388889  .00000000  00000-0  00000-0 0 00000
2 55041 097.6430 178.0010 0000000 000.0000 092.2530 15.01914300000000
1 55041U          19315.16458333  .00000000  00000-0  00000-0 0 00000
2 55041 097.6430 178.3470 0000000 000.0000 186.0030 15.01914300000000
1 55041U          19315.49305556  .00000000  00000-0  00000-0 0 00000
2 55041 097.6420 178.6700 0000000 000.0000 159.7530 15.01914300000000
1 55041U          19315.96597222  .00000000  00000-0  00000-0 0 00000
2 55041 097.6410 179.1370 0000000 000.0000 193.5030 15.01914300000000
1 55041U          19316.22569444  .00000000  00000-0  00000-0 0 00000
2 55041 097.6410 179.3930 0000000 000.0000 156.0030 15.01914300000000
1 55041U          19316.48194444  .00000000  00000-0  00000-0 0 00000
2 55041 097.6400 179.6450 0000000 000.0000 099.7530 15.01914300000000
1 55041U          19316.82986111  .00000000  00000-0  00000-0 0 00000
2 55041 097.6400 179.9880 0000000 000.0000 178.5030 15.01914300000000
1 55041U          19317.29027778  .00000000  00000-0  00000-0 0 00000
2 55041 097.6390 180.4420 0000000 000.0000 144.7530 15.01914300000000
1 55041U          19317.63055556  .00000000  00000-0  00000-0 0 00000
2 55041 097.6380 180.7770 0000000 000.0000 182.2530 15.01914300000000
1 55041U          19317.89791667  .00000000  00000-0  00000-0 0 00000
2 55041 097.6380 181.0410 0000000 000.0000 186.0030 15.01914300000000
1 55041U          19318.29513889  .00000000  00000-0  00000-0 0 00000
2 55041 097.6370 181.4320 0000000 000.0000 171.0030 15.01914300000000
1 55041U          19318.53194444  .00000000  00000-0  00000-0 0 00000
2 55041 097.6360 181.6660 0000000 000.0000 009.7530 15.01914300000000
1 55041U          19318.84166667  .00000000  00000-0  00000-0 0 00000
2 55041 097.6360 181.9710 0000000 000.0000 242.2530 15.01914300000000
1 55041U          19318.89583333  .00000000  00000-0  00000-0 0 00000
2 55041 097.6360 182.0240 0000000 000.0000 174.7530 15.01914300000000
1 55041U          19319.19791667  .00000000  00000-0  00000-0 0 00000
2 55041 097.6350 182.3220 0000000 000.0000 006.0030 15.01914300000000
1 55041U          19319.60972222  .00000000  00000-0  00000-0 0 00000
2 55041 097.6340 182.7280 0000000 000.0000 069.7530 15.01914300000000
1 55041U          19319.95069444  .00000000  00000-0  00000-0 0 00000
2 55041 097.6340 183.0640 0000000 000.0000 111.0030 15.01914300000000
1 55041U          19320.23819444  .00000000  00000-0  00000-0 0 00000
2 55041 097.6330 183.3470 0000000 000.0000 223.5030 15.01914300000000
1 55041U          19320.56041667  .00000000  00000-0  00000-0 0 00000
2 55041 097.6330 183.6650 0000000 000.0000 163.5030 15.01914300000000
1 55041U          19320.82291667  .00000000  00000-0  00000-0 0 00000
2 55041 097.6320 183.9240 0000000 000.0000 141.0030 15.01914300000000
1 55041U          19321.30486111  .00000000  00000-0  00000-0 0 00000
2 55041 097.6310 184.3990 0000000 000.0000 223.5030 15.01914300000000
1 55041U          19321.55277778  .00000000  00000-0  00000-0 0 00000
2 55041 097.6310 184.6430 0000000 000.0000 122.2530 15.01914300000000
1 55041U          19321.84861111  .00000000  00000-0  00000-0 0 00000
2 55041 097.6300 184.9340 0000000 000.0000 279.7530 15.01914300000000
1 55041U          19322.19166667  .00000000  00000-0  00000-0 0 00000
2 55041 097.6300 185.2730 0000000 000.0000 332.2530 15.01914300000000
1 55041U          19322.62291667  .00000000  00000-0  00000-0 0 00000
2 55041 097.6290 185.6980 0000000 000.0000 141.0030 15.01914300000000
1 55041U          19322.92986111  .00000000  00000-0  00000-0 0 00000
2 55041 097.6280 186.0000 0000000 000.0000 358.5030 15.01914300000000
1 55041U          19323.15277778  .00000000  00000-0  00000-0 0 00000
2 55041 097.6280 186.2200 0000000 000.0000 122.2530 15.01914300000000
1 55041U          19323.61250000  .00000000  00000-0  00000-0 0 00000
2 55041 097.6270 186.6730 0000000 000.0000 084.7530 15.01914300000000
1 55041U          19323.84305556  .00000000  00000-0  00000-0 0 00000
2 55041 097.6270 186.9000 0000000 000.0000 249.7530 15.01914300000000
1 55041U          19324.18333333  .00000000  00000-0  00000-0 0 00000
2 55041 097.6260 187.2350 0000000 000.0000 287.2530 15.01914300000000
1 55041U          19324.50833333  .00000000  00000-0  00000-0 0 00000
2 55041 097.6250 187.5560 0000000 000.0000 242.2530 15.01914300000000
1 55041U          19324.97361111  .00000000  00000-0  00000-0 0 00000
2 55041 097.6240 188.0140 0000000 000.0000 234.7520 15.01914300000000
1 55041U          19325.15138889  .00000000  00000-0  00000-0 0 00000
2 55041 097.6240 188.1900 0000000 000.0000 114.7520 15.01914300000000
1 55041U          19325.52569444  .00000000  00000-0  00000-0 0 00000
2 55041 097.6230 188.5580 0000000 000.0000 336.0020 15.01914300000000
1 55041U          19325.89583333  .00000000  00000-0  00000-0 0 00000
2 55041 097.6230 188.9230 0000000 000.0000 174.7520 15.01914300000000
1 55041U          19325.90277778  .00000000  00000-0  00000-0 0 00000
2 55041 097.6230 188.9300 0000000 000.0000 212.2520 15.01914300000000
1 55041U          19326.29513889  .00000000  00000-0  00000-0 0 00000
2 55041 097.6220 189.3170 0000000 000.0000 171.0020 15.01914300000000
1 55041U          19326.64444444  .00000000  00000-0  00000-0 0 00000
2 55041 097.6210 189.6610 0000000 000.0000 257.2520 15.01914300000000
1 55041U          19326.92361111  .00000000  00000-0  00000-0 0 00000
2 55041 097.6210 189.9360 0000000 000.0000 324.7520 15.01914300000000
1 55041U          19327.18194444  .00000000  00000-0  00000-0 0 00000
2 55041 097.6200 190.1910 0000000 000.0000 279.7520 15.01914300000000
1 55041U          19327.49722222  .00000000  00000-0  00000-0 0 00000
2 55041 097.6200 190.5020 0000000 000.0000 182.2520 15.01914300000000
1 55041U          19327.95694444  .00000000  00000-0  00000-0 0 00000
2 55041 097.6190 190.9550 0000000 000.0000 144.7520 15.01914300000000
1 55041U          19328.19236111  .00000000  00000-0  00000-0 0 00000
2 55041 097.6190 191.1870 0000000 000.0000 336.0020 15.01914300000000
1 55041U          19328.58472222  .00000000  00000-0  00000-0 0 00000
2 55041 097.6180 191.5730 0000000 000.0000 294.7510 15.01914300000000
1 55041U          19328.83055556  .00000000  00000-0  00000-0 0 00000
2 55041 097.6170 191.8160 0000000 000.0000 182.2510 15.01914300000000
1 55041U          19329.25555556  .00000000  00000-0  00000-0 0 00000
2 55041 097.6170 192.2340 0000000 000.0000 317.2510 15.01914300000000
1 55041U          19329.59513889  .00000000  00000-0  00000-0 0 00000
2 55041 097.6160 192.5690 0000000 000.0000 351.0010 15.01914300000000
1 55041U          19329.97083333  .00000000  00000-0  00000-0 0 00000
2 55041 097.6150 192.9390 0000000 000.0000 219.7510 15.01914300000000
1 55041U          19330.17500000  .00000000  00000-0  00000-0 0 00000
2 55041 097.6150 193.1410 0000000 000.0000 242.2510 15.01914300000000
1 55041U          19330.57361111  .00000000  00000-0  00000-0 0 00000
2 55041 097.6140 193.5340 0000000 000.0000 234.7510 15.01914300000000
1 55041U          19330.91388889  .00000000  00000-0  00000-0 0 00000
2 55041 097.6140 193.8690 0000000 000.0000 272.2510 15.01914300000000
1 55041U          19331.27777778  .00000000  00000-0  00000-0 0 00000
2 55041 097.6130 194.2270 0000000 000.0000 077.2500 15.01914300000000
1 55041U          19331.48819444  .00000000  00000-0  00000-0 0 00000
2 55041 097.6130 194.4350 0000000 000.0000 133.5000 15.01914300000000
1 55041U          19331.84166667  .00000000  00000-0  00000-0 0 00000
2 55041 097.6120 194.7830 0000000 000.0000 242.2500 15.01914300000000
1 55041U          19332.28819444  .00000000  00000-0  00000-0 0 00000
2 55041 097.6110 195.2230 0000000 000.0000 133.5000 15.01914300000000
1 55041U          19332.49027778  .00000000  00000-0  00000-0 0 00000
2 55041 097.6110 195.4220 0000000 000.0000 144.7500 15.01914300000000
1 55041U          19332.89583333  .00000000  00000-0  00000-0 0 00000
2 55041 097.6100 195.8220 0000000 000.0000 174.7500 15.01914300000000
