1 55340U          19281.92430556  .00000000  00000-0  00000-0 0 00000
2 55340 097.7340 119.8630 0000000 000.0000 085.0190 00.06258000000000
1 55340U          19282.26458333  .00000000  00000-0  00000-0 0 00000
2 55340 097.7330 120.1990 0000000 000.0000 122.5200 00.06258000000000
1 55340U          19282.65555556  .00000000  00000-0  00000-0 0 00000
2 55340 097.7330 120.5840 0000000 000.0000 073.7700 00.06258000000000
1 55340U          19282.98402778  .00000000  00000-0  00000-0 0 00000
2 55340 097.7330 120.9080 0000000 000.0000 047.5210 00.06258000000000
1 55340U          19283.27083333  .00000000  00000-0  00000-0 0 00000
2 55340 097.7320 121.1910 0000000 000.0000 156.2710 00.06258000000000
1 55340U          19283.69375000  .00000000  00000-0  00000-0 0 00000
2 55340 097.7320 121.6080 0000000 000.0000 280.0220 00.06258000000000
1 55340U          19283.93680556  .00000000  00000-0  00000-0 0 00000
2 55340 097.7320 121.8470 0000000 000.0000 152.5230 00.06258000000000
1 55340U          19284.30555556  .00000000  00000-0  00000-0 0 00000
2 55340 097.7310 122.2110 0000000 000.0000 343.7730 00.06258000000000
1 55340U          19284.64791667  .00000000  00000-0  00000-0 0 00000
2 55340 097.7310 122.5480 0000000 000.0000 032.5240 00.06258000000000
1 55340U          19284.96458333  .00000000  00000-0  00000-0 0 00000
2 55340 097.7310 122.8600 0000000 000.0000 302.5240 00.06258000000000
1 55340U          19285.27638889  .00000000  00000-0  00000-0 0 00000
2 55340 097.7300 123.1680 0000000 000.0000 186.2750 00.06258000000000
1 55340U          19285.68541667  .00000000  00000-0  00000-0 0 00000
2 55340 097.7300 123.5710 0000000 000.0000 235.0250 00.06258000000000
1 55340U          19286.02708333  .00000000  00000-0  00000-0 0 00000
2 55340 097.7300 123.9080 0000000 000.0000 280.0260 00.06258000000000
1 55340U          19286.30208333  .00000000  00000-0  00000-0 0 00000
2 55340 097.7290 124.1790 0000000 000.0000 325.0260 00.06258000000000
1 55340U          19286.69722222  .00000000  00000-0  00000-0 0 00000
2 55340 097.7290 124.5690 0000000 000.0000 298.7770 00.06258000000000
1 55340U          19287.01736111  .00000000  00000-0  00000-0 0 00000
2 55340 097.7280 124.8840 0000000 000.0000 227.5270 00.06258000000000
1 55340U          19287.40694444  .00000000  00000-0  00000-0 0 00000
2 55340 097.7280 125.2680 0000000 000.0000 171.2780 00.06258000000000
1 55340U          19287.68611111  .00000000  00000-0  00000-0 0 00000
2 55340 097.7280 125.5430 0000000 000.0000 238.7780 00.06258000000000
1 55340U          19287.94305556  .00000000  00000-0  00000-0 0 00000
2 55340 097.7270 125.7970 0000000 000.0000 186.2790 00.06258000000000
1 55340U          19288.25486111  .00000000  00000-0  00000-0 0 00000
2 55340 097.7270 126.1040 0000000 000.0000 070.0290 00.06258000000000
1 55340U          19288.59166667  .00000000  00000-0  00000-0 0 00000
2 55340 097.7270 126.4360 0000000 000.0000 088.7800 00.06258000000000
1 55340U          19288.93055556  .00000000  00000-0  00000-0 0 00000
2 55340 097.7260 126.7700 0000000 000.0000 118.7800 00.06258000000000
1 55340U          19289.37291667  .00000000  00000-0  00000-0 0 00000
2 55340 097.7260 127.2060 0000000 000.0000 347.5310 00.06258000000000
1 55340U          19289.59513889  .00000000  00000-0  00000-0 0 00000
2 55340 097.7260 127.4250 0000000 000.0000 107.5310 00.06258000000000
1 55340U          19289.92777778  .00000000  00000-0  00000-0 0 00000
2 55340 097.7250 127.7530 0000000 000.0000 103.7820 00.06258000000000
1 55340U          19290.30486111  .00000000  00000-0  00000-0 0 00000
2 55340 097.7250 128.1250 0000000 000.0000 340.0320 00.06258000000000
1 55340U          19290.71597222  .00000000  00000-0  00000-0 0 00000
2 55340 097.7240 128.5300 0000000 000.0000 040.0330 00.06258000000000
1 55340U          19291.04861111  .00000000  00000-0  00000-0 0 00000
2 55340 097.7240 128.8580 0000000 000.0000 036.2840 00.06258000000000
1 55340U          19291.27986111  .00000000  00000-0  00000-0 0 00000
2 55340 097.7240 129.0860 0000000 000.0000 205.0340 00.06258000000000
1 55340U          19291.68888889  .00000000  00000-0  00000-0 0 00000
2 55340 097.7230 129.4890 0000000 000.0000 253.7850 00.06258000000000
1 55340U          19291.99166667  .00000000  00000-0  00000-0 0 00000
2 55340 097.7230 129.7880 0000000 000.0000 088.7850 00.06258000000000
1 55340U          19292.29791667  .00000000  00000-0  00000-0 0 00000
2 55340 097.7220 130.0900 0000000 000.0000 302.5350 00.06258000000000
1 55340U          19292.70833333  .00000000  00000-0  00000-0 0 00000
2 55340 097.7220 130.4940 0000000 000.0000 358.7860 00.06258000000000
1 55340U          19293.04166667  .00000000  00000-0  00000-0 0 00000
2 55340 097.7220 130.8230 0000000 000.0000 358.7870 00.06258000000000
1 55340U          19293.35138889  .00000000  00000-0  00000-0 0 00000
2 55340 097.7210 131.1280 0000000 000.0000 231.2870 00.06258000000000
1 55340U          19293.71111111  .00000000  00000-0  00000-0 0 00000
2 55340 097.7210 131.4830 0000000 000.0000 013.7880 00.06258000000000
1 55340U          19293.93263889  .00000000  00000-0  00000-0 0 00000
2 55340 097.7200 131.7010 0000000 000.0000 130.0380 00.06258000000000
1 55340U          19294.32291667  .00000000  00000-0  00000-0 0 00000
2 55340 097.7200 132.0860 0000000 000.0000 077.5380 00.06258000000000
1 55340U          19294.72500000  .00000000  00000-0  00000-0 0 00000
2 55340 097.7190 132.4820 0000000 000.0000 088.7890 00.06258000000000
1 55340U          19294.95833333  .00000000  00000-0  00000-0 0 00000
2 55340 097.7190 132.7120 0000000 000.0000 268.7890 00.06258000000000
1 55340U          19295.33680556  .00000000  00000-0  00000-0 0 00000
2 55340 097.7190 133.0850 0000000 000.0000 152.5400 00.06258000000000
1 55340U          19295.66180556  .00000000  00000-0  00000-0 0 00000
2 55340 097.7180 133.4060 0000000 000.0000 107.5400 00.06258000000000
1 55340U          19295.97430556  .00000000  00000-0  00000-0 0 00000
2 55340 097.7180 133.7140 0000000 000.0000 355.0410 00.06258000000000
1 55340U          19296.40625000  .00000000  00000-0  00000-0 0 00000
2 55340 097.7170 134.1400 0000000 000.0000 167.5410 00.06258000000000
1 55340U          19296.74097222  .00000000  00000-0  00000-0 0 00000
2 55340 097.7170 134.4700 0000000 000.0000 175.0420 00.06258000000000
1 55340U          19296.96944444  .00000000  00000-0  00000-0 0 00000
2 55340 097.7170 134.6950 0000000 000.0000 328.7920 00.06258000000000
1 55340U          19297.40347222  .00000000  00000-0  00000-0 0 00000
2 55340 097.7160 135.1230 0000000 000.0000 152.5430 00.06258000000000
1 55340U          19297.73263889  .00000000  00000-0  00000-0 0 00000
2 55340 097.7160 135.4470 0000000 000.0000 130.0430 00.06258000000000
1 55340U          19298.04305556  .00000000  00000-0  00000-0 0 00000
2 55340 097.7150 135.7530 0000000 000.0000 006.2940 00.06258000000000
1 55340U          19298.38541667  .00000000  00000-0  00000-0 0 00000
2 55340 097.7150 136.0910 0000000 000.0000 055.0440 00.06258000000000
1 55340U          19298.70833333  .00000000  00000-0  00000-0 0 00000
2 55340 097.7140 136.4090 0000000 000.0000 358.7940 00.06258000000000
1 55340U          19299.02847222  .00000000  00000-0  00000-0 0 00000
2 55340 097.7140 136.7250 0000000 000.0000 287.5450 00.06258000000000
1 55340U          19299.31875000  .00000000  00000-0  00000-0 0 00000
2 55340 097.7130 137.0110 0000000 000.0000 055.0450 00.06258000000000
1 55340U          19299.58958333  .00000000  00000-0  00000-0 0 00000
2 55340 097.7130 137.2780 0000000 000.0000 077.5460 00.06258000000000
1 55340U          19300.07986111  .00000000  00000-0  00000-0 0 00000
2 55340 097.7120 137.7610 0000000 000.0000 205.0460 00.06258000000000
1 55340U          19300.34652778  .00000000  00000-0  00000-0 0 00000
2 55340 097.7120 138.0240 0000000 000.0000 205.0470 00.06258000000000
1 55340U          19300.60763889  .00000000  00000-0  00000-0 0 00000
2 55340 097.7120 138.2810 0000000 000.0000 175.0470 00.06258000000000
1 55340U          19301.05763889  .00000000  00000-0  00000-0 0 00000
2 55340 097.7110 138.7250 0000000 000.0000 085.0470 00.06258000000000
1 55340U          19301.40625000  .00000000  00000-0  00000-0 0 00000
2 55340 097.7110 139.0690 0000000 000.0000 167.5480 00.06258000000000
1 55340U          19301.69444444  .00000000  00000-0  00000-0 0 00000
2 55340 097.7100 139.3530 0000000 000.0000 283.7980 00.06258000000000
1 55340U          19302.07500000  .00000000  00000-0  00000-0 0 00000
2 55340 097.7100 139.7280 0000000 000.0000 178.7990 00.06258000000000
1 55340U          19302.35555556  .00000000  00000-0  00000-0 0 00000
2 55340 097.7090 140.0040 0000000 000.0000 253.7990 00.06258000000000
1 55340U          19302.67291667  .00000000  00000-0  00000-0 0 00000
2 55340 097.7090 140.3170 0000000 000.0000 167.5490 00.06258000000000
1 55340U          19303.00486111  .00000000  00000-0  00000-0 0 00000
2 55340 097.7080 140.6440 0000000 000.0000 160.0500 00.06258000000000
1 55340U          19303.30416667  .00000000  00000-0  00000-0 0 00000
2 55340 097.7080 140.9400 0000000 000.0000 336.3000 00.06258000000000
1 55340U          19303.68611111  .00000000  00000-0  00000-0 0 00000
2 55340 097.7070 141.3160 0000000 000.0000 238.8010 00.06258000000000
1 55340U          19303.93125000  .00000000  00000-0  00000-0 0 00000
2 55340 097.7070 141.5580 0000000 000.0000 122.5510 00.06258000000000
1 55340U          19304.26041667  .00000000  00000-0  00000-0 0 00000
2 55340 097.7060 141.8820 0000000 000.0000 100.0510 00.06258000000000
1 55340U          19304.70277778  .00000000  00000-0  00000-0 0 00000
2 55340 097.7060 142.3180 0000000 000.0000 328.8020 00.06258000000000
1 55340U          19304.95208333  .00000000  00000-0  00000-0 0 00000
2 55340 097.7050 142.5640 0000000 000.0000 235.0520 00.06258000000000
1 55340U          19305.27013889  .00000000  00000-0  00000-0 0 00000
2 55340 097.7050 142.8780 0000000 000.0000 152.5530 00.06258000000000
1 55340U          19305.70694444  .00000000  00000-0  00000-0 0 00000
2 55340 097.7040 143.3080 0000000 000.0000 351.3030 00.06258000000000
1 55340U          19305.96597222  .00000000  00000-0  00000-0 0 00000
2 55340 097.7040 143.5630 0000000 000.0000 310.0530 00.06258000000000
1 55340U          19306.30902778  .00000000  00000-0  00000-0 0 00000
2 55340 097.7030 143.9020 0000000 000.0000 002.5540 00.06258000000000
1 55340U          19306.63333333  .00000000  00000-0  00000-0 0 00000
2 55340 097.7030 144.2210 0000000 000.0000 313.8040 00.06258000000000
1 55340U          19307.00416667  .00000000  00000-0  00000-0 0 00000
2 55340 097.7020 144.5870 0000000 000.0000 156.3050 00.06258000000000
1 55340U          19307.38611111  .00000000  00000-0  00000-0 0 00000
2 55340 097.7020 144.9630 0000000 000.0000 058.8050 00.06258000000000
1 55340U          19307.71666667  .00000000  00000-0  00000-0 0 00000
2 55340 097.7010 145.2890 0000000 000.0000 043.8050 00.06258000000000
1 55340U          19307.91875000  .00000000  00000-0  00000-0 0 00000
2 55340 097.7010 145.4880 0000000 000.0000 055.0560 00.06258000000000
1 55340U          19308.40347222  .00000000  00000-0  00000-0 0 00000
2 55340 097.7000 145.9660 0000000 000.0000 152.5560 00.06258000000000
1 55340U          19308.64722222  .00000000  00000-0  00000-0 0 00000
2 55340 097.7000 146.2060 0000000 000.0000 028.8060 00.06258000000000
1 55340U          19308.92708333  .00000000  00000-0  00000-0 0 00000
2 55340 097.6990 146.4820 0000000 000.0000 100.0570 00.06258000000000
1 55340U          19309.36041667  .00000000  00000-0  00000-0 0 00000
2 55340 097.6990 146.9090 0000000 000.0000 280.0570 00.06258000000000
1 55340U          19309.66458333  .00000000  00000-0  00000-0 0 00000
2 55340 097.6980 147.2090 0000000 000.0000 122.5570 00.06258000000000
1 55340U          19310.03194444  .00000000  00000-0  00000-0 0 00000
2 55340 097.6980 147.5710 0000000 000.0000 306.3080 00.06258000000000
1 55340U          19310.35138889  .00000000  00000-0  00000-0 0 00000
2 55340 097.6970 147.8860 0000000 000.0000 231.3080 00.06258000000000
1 55340U          19310.60416667  .00000000  00000-0  00000-0 0 00000
2 55340 097.6970 148.1360 0000000 000.0000 156.3080 00.06258000000000
1 55340U          19310.98055556  .00000000  00000-0  00000-0 0 00000
2 55340 097.6960 148.5070 0000000 000.0000 028.8090 00.06258000000000
1 55340U          19311.39583333  .00000000  00000-0  00000-0 0 00000
2 55340 097.6950 148.9160 0000000 000.0000 111.3090 00.06258000000000
1 55340U          19311.68680556  .00000000  00000-0  00000-0 0 00000
2 55340 097.6950 149.2030 0000000 000.0000 242.5590 00.06258000000000
1 55340U          19311.94236111  .00000000  00000-0  00000-0 0 00000
2 55340 097.6950 149.4550 0000000 000.0000 182.5600 15.01914300000000
1 55340U          19312.25972222  .00000000  00000-0  00000-0 0 00000
2 55340 097.6940 149.7670 0000000 000.0000 096.3100 15.01914300000000
1 55340U          19312.58263889  .00000000  00000-0  00000-0 0 00000
2 55340 097.6940 150.0860 0000000 000.0000 040.0600 15.01914300000000
1 55340U          19312.94027778  .00000000  00000-0  00000-0 0 00000
2 55340 097.6930 150.4380 0000000 000.0000 171.3110 15.01914300000000
1 55340U          19313.29375000  .00000000  00000-0  00000-0 0 00000
2 55340 097.6920 150.7870 0000000 000.0000 280.0610 15.01914300000000
1 55340U          19313.59027778  .00000000  00000-0  00000-0 0 00000
2 55340 097.6920 151.0790 0000000 000.0000 081.3110 15.01914300000000
1 55340U          19313.91805556  .00000000  00000-0  00000-0 0 00000
2 55340 097.6910 151.4020 0000000 000.0000 051.3120 15.01914300000000
1 55340U          19314.20138889  .00000000  00000-0  00000-0 0 00000
2 55340 097.6910 151.6810 0000000 000.0000 141.3120 15.01914300000000
1 55340U          19314.52847222  .00000000  00000-0  00000-0 0 00000
2 55340 097.6900 152.0040 0000000 000.0000 107.5620 15.01914300000000
1 55340U          19314.88680556  .00000000  00000-0  00000-0 0 00000
2 55340 097.6900 152.3570 0000000 000.0000 242.5630 15.01914300000000
1 55340U          19315.18125000  .00000000  00000-0  00000-0 0 00000
2 55340 097.6890 152.6470 0000000 000.0000 032.5630 15.01914300000000
1 55340U          19315.62708333  .00000000  00000-0  00000-0 0 00000
2 55340 097.6890 153.0870 0000000 000.0000 280.0630 15.01914300000000
1 55340U          19315.94097222  .00000000  00000-0  00000-0 0 00000
2 55340 097.6880 153.3960 0000000 000.0000 175.0630 15.01914300000000
1 55340U          19316.19791667  .00000000  00000-0  00000-0 0 00000
2 55340 097.6880 153.6490 0000000 000.0000 122.5640 15.01914300000000
1 55340U          19316.49861111  .00000000  00000-0  00000-0 0 00000
2 55340 097.6870 153.9460 0000000 000.0000 306.3140 15.01914300000000
1 55340U          19316.81250000  .00000000  00000-0  00000-0 0 00000
2 55340 097.6870 154.2550 0000000 000.0000 201.3140 15.01914300000000
1 55340U          19317.26736111  .00000000  00000-0  00000-0 0 00000
2 55340 097.6860 154.7040 0000000 000.0000 137.5650 15.01914300000000
1 55340U          19317.59444444  .00000000  00000-0  00000-0 0 00000
2 55340 097.6850 155.0260 0000000 000.0000 103.8150 15.01914300000000
1 55340U          19317.95486111  .00000000  00000-0  00000-0 0 00000
2 55340 097.6850 155.3810 0000000 000.0000 250.0650 15.01914300000000
1 55340U          19318.20000000  .00000000  00000-0  00000-0 0 00000
2 55340 097.6840 155.6230 0000000 000.0000 133.8150 15.01914300000000
1 55340U          19318.59097222  .00000000  00000-0  00000-0 0 00000
2 55340 097.6840 156.0080 0000000 000.0000 085.0660 15.01914300000000
1 55340U          19318.83680556  .00000000  00000-0  00000-0 0 00000
2 55340 097.6830 156.2510 0000000 000.0000 332.5660 15.01914300000000
1 55340U          19318.97638889  .00000000  00000-0  00000-0 0 00000
2 55340 097.6720 156.3830 0019170 349.1080 013.8000 14.64874100000000
1 55340U          19319.16458333  .00000000  00000-0  00000-0 0 00000
2 55340 097.6820 156.5590 0016820 046.9290 229.1260 14.70577600000000
1 55340U          19319.54305556  .00000000  00000-0  00000-0 0 00000
2 55340 097.6790 156.9160 0027420 324.1830 149.2050 14.69712200000000
1 55340U          19319.91666667  .00000000  00000-0  00000-0 0 00000
2 55340 097.6810 157.2620 0012100 053.1610 231.9380 14.70286900000000
1 55340U          19320.23402778  .00000000  00000-0  00000-0 0 00000
2 55340 097.6730 157.5580 0012350 350.7280 169.1920 14.65576800000000
1 55340U          19320.52708333  .00000000  00000-0  00000-0 0 00000
2 55340 097.6790 157.8280 0018540 038.4800 228.0640 14.70600200000000
1 55340U          19320.97083333  .00000000  00000-0  00000-0 0 00000
2 55340 097.6780 158.2410 0025710 297.2030 151.1850 14.70599900000000
1 55340U          19321.17569444  .00000000  00000-0  00000-0 0 00000
2 55340 097.6790 158.4320 0025989 297.5130 151.9950 14.70606200000000
1 55340U          19321.54652778  .00000000  00000-0  00000-0 0 00000
2 55340 097.6750 158.7750 0020920 014.2350 232.3590 14.69681000000000
1 55340U          19321.88680556  .00000000  00000-0  00000-0 0 00000
2 55340 097.6770 159.0910 0020720 007.8360 234.5490 14.69372500000000
1 55340U          19322.18402778  .00000000  00000-0  00000-0 0 00000
2 55340 097.6680 159.3690 0015300 343.6360 027.2740 14.65089000000000
1 55340U          19322.64236111  .00000000  00000-0  00000-0 0 00000
2 55340 097.6760 159.8000 0015400 042.8120 226.8960 14.70635800000000
1 55340U          19322.86319444  .00000000  00000-0  00000-0 0 00000
2 55340 097.6680 160.0060 0017300 331.6210 023.5070 14.64891600000000
1 55340U          19323.18958333  .00000000  00000-0  00000-0 0 00000
2 55340 097.6760 160.3090 0011470 053.6810 223.9190 14.70544800000000
1 55340U          19323.48402778  .00000000  00000-0  00000-0 0 00000
2 55340 097.6680 160.5780 0008029 322.8440 068.7370 14.66480100000000
1 55340U          19323.87777778  .00000000  00000-0  00000-0 0 00000
2 55340 097.6720 160.9550 0003970 281.8070 027.6450 14.68342200000000
1 55340U          19324.21944444  .00000000  00000-0  00000-0 0 00000
2 55340 097.6700 161.2720 0005470 280.1180 032.4380 14.68000200000000
1 55340U          19324.49027778  .00000000  00000-0  00000-0 0 00000
2 55340 097.6700 161.5250 0000820 221.1120 080.7600 14.69036200000000
1 55340U          19324.96111111  .00000000  00000-0  00000-0 0 00000
2 55340 097.6730 161.9580 0013289 042.8510 223.8600 14.70634100000000
1 55340U          19325.22430556  .00000000  00000-0  00000-0 0 00000
2 55340 097.6670 162.1990 0016030 321.4030 254.3260 14.66823600000000
1 55340U          19325.64375000  .00000000  00000-0  00000-0 0 00000
2 55340 097.6710 162.5960 0012120 047.3670 221.8960 14.70638400000000
1 55340U          19325.83402778  .00000000  00000-0  00000-0 0 00000
2 55340 097.6640 162.7700 0012170 291.9570 261.5080 14.65196400000000
1 55340U          19325.89583333  .00000000  00000-0  00000-0 0 00000
2 55340 097.6640 162.8330 0008300 320.5270 199.0550 14.65605700000000
1 55340U          19326.28750000  .00000000  00000-0  00000-0 0 00000
2 55340 097.6710 163.1910 0019930 265.1740 161.4620 14.69701600000000
1 55340U          19326.59791667  .00000000  00000-0  00000-0 0 00000
2 55340 097.6690 163.4840 0012140 042.3560 222.4490 14.70581300000000
1 55340U          19326.93541667  .00000000  00000-0  00000-0 0 00000
2 55340 097.6680 163.7950 0014620 008.2550 237.7150 14.69667800000000
1 55340U          19327.29027778  .00000000  00000-0  00000-0 0 00000
2 55340 097.6650 164.1340 0009030 263.1650 055.4480 14.67401700000000
1 55340U          19327.53819444  .00000000  00000-0  00000-0 0 00000
2 55340 097.6560 164.3590 0010550 277.1840 269.8610 14.64995600000000
1 55340U          19327.85972222  .00000000  00000-0  00000-0 0 00000
2 55340 097.6690 164.6580 0025970 275.2070 168.6730 14.70563100000000
1 55340U          19328.19930556  .00000000  00000-0  00000-0 0 00000
2 55340 097.6670 164.9730 0024110 266.9050 169.1030 14.70267100000000
1 55340U          19328.52986111  .00000000  00000-0  00000-0 0 00000
2 55340 097.6560 165.2810 0007690 309.1040 071.4060 14.65595200000000
1 55340U          19328.85972222  .00000000  00000-0  00000-0 0 00000
2 55340 097.6610 165.5960 0010600 259.8110 061.4210 14.67145200000000
1 55340U          19329.28611111  .00000000  00000-0  00000-0 0 00000
2 55340 097.6620 165.9830 0014690 247.8000 163.7680 14.68387000000000
1 55340U          19329.60000000  .00000000  00000-0  00000-0 0 00000
2 55340 097.6620 166.2810 0008670 062.7140 205.3300 14.70630600000000
1 55340U          19329.82430556  .00000000  00000-0  00000-0 0 00000
2 55340 097.6550 166.4880 0009420 310.4960 061.3210 14.65120100000000
1 55340U          19330.30069444  .00000000  00000-0  00000-0 0 00000
2 55340 097.6540 166.9320 0010300 307.0100 058.8980 14.64945600000000
1 55340U          19330.54722222  .00000000  00000-0  00000-0 0 00000
2 55340 097.6550 167.1580 0012150 322.4140 264.5730 14.67921000000000
1 55340U          19330.95277778  .00000000  00000-0  00000-0 0 00000
2 55340 097.6530 167.5370 0013130 281.6330 285.6370 14.66065500000000
1 55340U          19331.21458333  .00000000  00000-0  00000-0 0 00000
2 55340 097.6540 167.7880 0008170 299.2360 209.5870 14.66459200000000
1 55340U          19331.57777778  .00000000  00000-0  00000-0 0 00000
2 55340 097.6580 168.1230 0007830 070.2430 195.3760 14.70600600000000
1 55340U          19331.92083333  .00000000  00000-0  00000-0 0 00000
2 55340 097.6600 168.4430 0007559 110.6310 165.4240 14.70609300000000
1 55340U          19332.28263889  .00000000  00000-0  00000-0 0 00000
2 55340 097.6520 168.7750 0006560 258.1520 127.3480 14.65943700000000
1 55340U          19332.53819444  .00000000  00000-0  00000-0 0 00000
2 55340 097.6550 169.0220 0009300 171.7290 122.3680 14.69678900000000
1 55340U          19332.86666667  .00000000  00000-0  00000-0 0 00000
2 55340 097.6550 169.3180 0010250 313.7550 273.9270 14.68019100000000
