1 57872U          19281.93541667  .00000000  00000-0  00000-0 0 00000
2 57872 097.6720 16.9960 0000000 000.0000 203.1460 15.01920000000000
1 57872U          19282.39027778  .00000000  00000-0  00000-0 0 00000
2 57872 097.6730 17.4440 0000000 000.0000 139.3960 15.01920000000000
1 57872U          19282.71944444  .00000000  00000-0  00000-0 0 00000
2 57872 097.6740 17.7690 0000000 000.0000 116.8960 15.01920000000000
1 57872U          19282.99583333  .00000000  00000-0  00000-0 0 00000
2 57872 097.6740 18.0410 0000000 000.0000 169.3970 15.01920000000000
1 57872U          19283.27430556  .00000000  00000-0  00000-0 0 00000
2 57872 097.6750 18.3160 0000000 000.0000 233.1470 15.01920000000000
1 57872U          19283.59444444  .00000000  00000-0  00000-0 0 00000
2 57872 097.6750 18.6310 0000000 000.0000 161.8970 15.01920000000000
1 57872U          19283.94652778  .00000000  00000-0  00000-0 0 00000
2 57872 097.6760 18.9780 0000000 000.0000 263.1470 15.01920000000000
1 57872U          19284.33680556  .00000000  00000-0  00000-0 0 00000
2 57872 097.6770 19.3630 0000000 000.0000 210.6470 15.01920000000000
1 57872U          19284.64444444  .00000000  00000-0  00000-0 0 00000
2 57872 097.6770 19.6660 0000000 000.0000 071.8980 15.01920000000000
1 57872U          19285.06597222  .00000000  00000-0  00000-0 0 00000
2 57872 097.6780 20.0820 0000000 000.0000 188.1480 15.01920000000000
1 57872U          19285.33472222  .00000000  00000-0  00000-0 0 00000
2 57872 097.6780 20.3470 0000000 000.0000 199.3980 15.01920000000000
1 57872U          19285.66527778  .00000000  00000-0  00000-0 0 00000
2 57872 097.6790 20.6720 0000000 000.0000 184.3980 15.01920000000000
1 57872U          19286.03125000  .00000000  00000-0  00000-0 0 00000
2 57872 097.6800 21.0330 0000000 000.0000 000.6490 15.01920000000000
1 57872U          19286.41388889  .00000000  00000-0  00000-0 0 00000
2 57872 097.6800 21.4100 0000000 000.0000 266.8990 15.01920000000000
1 57872U          19286.66597222  .00000000  00000-0  00000-0 0 00000
2 57872 097.6810 21.6590 0000000 000.0000 188.1490 15.01920000000000
1 57872U          19286.95138889  .00000000  00000-0  00000-0 0 00000
2 57872 097.6810 21.9400 0000000 000.0000 289.3990 15.01920000000000
1 57872U          19287.33819444  .00000000  00000-0  00000-0 0 00000
2 57872 097.6820 22.3210 0000000 000.0000 218.1500 15.01920000000000
1 57872U          19287.72152778  .00000000  00000-0  00000-0 0 00000
2 57872 097.6820 22.6990 0000000 000.0000 128.1500 15.01920000000000
1 57872U          19288.04166667  .00000000  00000-0  00000-0 0 00000
2 57872 097.6830 23.0150 0000000 000.0000 056.9000 15.01920000000000
1 57872U          19288.29930556  .00000000  00000-0  00000-0 0 00000
2 57872 097.6830 23.2690 0000000 000.0000 008.1500 15.01920000000000
1 57872U          19288.66666667  .00000000  00000-0  00000-0 0 00000
2 57872 097.6840 23.6310 0000000 000.0000 191.9010 15.01920000000000
1 57872U          19289.06875000  .00000000  00000-0  00000-0 0 00000
2 57872 097.6850 24.0270 0000000 000.0000 203.1510 15.01920000000000
1 57872U          19289.32430556  .00000000  00000-0  00000-0 0 00000
2 57872 097.6850 24.2790 0000000 000.0000 143.1510 15.01920000000000
1 57872U          19289.70555556  .00000000  00000-0  00000-0 0 00000
2 57872 097.6860 24.6550 0000000 000.0000 041.9010 15.01920000000000
1 57872U          19290.06527778  .00000000  00000-0  00000-0 0 00000
2 57872 097.6860 25.0100 0000000 000.0000 184.4020 15.01920000000000
1 57872U          19290.40625000  .00000000  00000-0  00000-0 0 00000
2 57872 097.6870 25.3460 0000000 000.0000 225.6520 15.01920000000000
1 57872U          19290.58888889  .00000000  00000-0  00000-0 0 00000
2 57872 097.6870 25.5260 0000000 000.0000 131.9020 15.01920000000000
1 57872U          19291.02916667  .00000000  00000-0  00000-0 0 00000
2 57872 097.6880 25.9600 0000000 000.0000 349.4030 15.01920000000000
1 57872U          19291.25416667  .00000000  00000-0  00000-0 0 00000
2 57872 097.6880 26.1810 0000000 000.0000 124.4030 15.01920000000000
1 57872U          19291.66180556  .00000000  00000-0  00000-0 0 00000
2 57872 097.6890 26.5830 0000000 000.0000 165.6530 15.01920000000000
1 57872U          19291.94722222  .00000000  00000-0  00000-0 0 00000
2 57872 097.6900 26.8650 0000000 000.0000 266.9030 15.01920000000000
1 57872U          19292.32500000  .00000000  00000-0  00000-0 0 00000
2 57872 097.6900 27.2370 0000000 000.0000 146.9040 15.01920000000000
1 57872U          19292.64166667  .00000000  00000-0  00000-0 0 00000
2 57872 097.6910 27.5490 0000000 000.0000 056.9040 15.01920000000000
1 57872U          19293.00625000  .00000000  00000-0  00000-0 0 00000
2 57872 097.6910 27.9080 0000000 000.0000 225.6540 15.01920000000000
1 57872U          19293.29444444  .00000000  00000-0  00000-0 0 00000
2 57872 097.6920 28.1930 0000000 000.0000 341.9050 15.01920000000000
1 57872U          19293.64583333  .00000000  00000-0  00000-0 0 00000
2 57872 097.6920 28.5390 0000000 000.0000 079.4050 15.01920000000000
1 57872U          19293.95625000  .00000000  00000-0  00000-0 0 00000
2 57872 097.6930 28.8450 0000000 000.0000 315.6550 15.01920000000000
1 57872U          19294.36388889  .00000000  00000-0  00000-0 0 00000
2 57872 097.6940 29.2470 0000000 000.0000 356.9060 15.01920000000000
1 57872U          19294.73888889  .00000000  00000-0  00000-0 0 00000
2 57872 097.6940 29.6160 0000000 000.0000 221.9060 15.01920000000000
1 57872U          19294.96388889  .00000000  00000-0  00000-0 0 00000
2 57872 097.6950 29.8380 0000000 000.0000 356.9060 15.01920000000000
1 57872U          19295.25277778  .00000000  00000-0  00000-0 0 00000
2 57872 097.6950 30.1230 0000000 000.0000 116.9070 15.01920000000000
1 57872U          19295.66041667  .00000000  00000-0  00000-0 0 00000
2 57872 097.6960 30.5250 0000000 000.0000 158.1570 15.01920000000000
1 57872U          19295.97361111  .00000000  00000-0  00000-0 0 00000
2 57872 097.6960 30.8340 0000000 000.0000 049.4070 15.01920000000000
1 57872U          19296.31805556  .00000000  00000-0  00000-0 0 00000
2 57872 097.6970 31.1730 0000000 000.0000 109.4080 15.01920000000000
1 57872U          19296.64305556  .00000000  00000-0  00000-0 0 00000
2 57872 097.6970 31.4930 0000000 000.0000 064.4080 15.01920000000000
1 57872U          19297.01388889  .00000000  00000-0  00000-0 0 00000
2 57872 097.6980 31.8590 0000000 000.0000 266.9080 15.01920000000000
1 57872U          19297.29166667  .00000000  00000-0  00000-0 0 00000
2 57872 097.6980 32.1330 0000000 000.0000 326.9090 15.01920000000000
1 57872U          19297.66944444  .00000000  00000-0  00000-0 0 00000
2 57872 097.6990 32.5050 0000000 000.0000 206.9090 15.01920000000000
1 57872U          19298.08263889  .00000000  00000-0  00000-0 0 00000
2 57872 097.6990 32.9120 0000000 000.0000 278.1590 15.01920000000000
1 57872U          19298.39583333  .00000000  00000-0  00000-0 0 00000
2 57872 097.7000 33.2210 0000000 000.0000 169.4100 15.01920000000000
1 57872U          19298.59166667  .00000000  00000-0  00000-0 0 00000
2 57872 097.7000 33.4140 0000000 000.0000 146.9100 15.01920000000000
1 57872U          19298.94444444  .00000000  00000-0  00000-0 0 00000
2 57872 097.7010 33.7620 0000000 000.0000 251.9100 15.01920000000000
1 57872U          19299.39930556  .00000000  00000-0  00000-0 0 00000
2 57872 097.7010 34.2100 0000000 000.0000 188.1610 15.01920000000000
1 57872U          19299.65625000  .00000000  00000-0  00000-0 0 00000
2 57872 097.7020 34.4640 0000000 000.0000 135.6610 15.01920000000000
1 57872U          19300.08125000  .00000000  00000-0  00000-0 0 00000
2 57872 097.7030 34.8830 0000000 000.0000 270.6620 15.01920000000000
1 57872U          19300.30625000  .00000000  00000-0  00000-0 0 00000
2 57872 097.7030 35.1040 0000000 000.0000 045.6620 15.01920000000000
1 57872U          19300.62500000  .00000000  00000-0  00000-0 0 00000
2 57872 097.7030 35.4190 0000000 000.0000 326.9120 15.01920000000000
1 57872U          19301.05138889  .00000000  00000-0  00000-0 0 00000
2 57872 097.7040 35.8390 0000000 000.0000 109.4130 15.01920000000000
1 57872U          19301.40555556  .00000000  00000-0  00000-0 0 00000
2 57872 097.7050 36.1880 0000000 000.0000 221.9130 15.01920000000000
1 57872U          19301.68194444  .00000000  00000-0  00000-0 0 00000
2 57872 097.7050 36.4600 0000000 000.0000 274.4130 15.01920000000000
1 57872U          19301.99513889  .00000000  00000-0  00000-0 0 00000
2 57872 097.7050 36.7690 0000000 000.0000 165.6640 15.01920000000000
1 57872U          19302.35138889  .00000000  00000-0  00000-0 0 00000
2 57872 097.7060 37.1200 0000000 000.0000 289.4140 15.01920000000000
1 57872U          19302.59166667  .00000000  00000-0  00000-0 0 00000
2 57872 097.7060 37.3570 0000000 000.0000 146.9150 15.01920000000000
1 57872U          19302.96388889  .00000000  00000-0  00000-0 0 00000
2 57872 097.7070 37.7240 0000000 000.0000 356.9150 15.01920000000000
1 57872U          19303.32638889  .00000000  00000-0  00000-0 0 00000
2 57872 097.7070 38.0820 0000000 000.0000 154.4150 15.01920000000000
1 57872U          19303.61180556  .00000000  00000-0  00000-0 0 00000
2 57872 097.7080 38.3630 0000000 000.0000 255.6660 15.01920000000000
1 57872U          19304.07777778  .00000000  00000-0  00000-0 0 00000
2 57872 097.7080 38.8220 0000000 000.0000 251.9160 15.01920000000000
1 57872U          19304.34513889  .00000000  00000-0  00000-0 0 00000
2 57872 097.7090 39.0860 0000000 000.0000 255.6670 15.01920000000000
1 57872U          19304.64444444  .00000000  00000-0  00000-0 0 00000
2 57872 097.7090 39.3810 0000000 000.0000 071.9170 15.01920000000000
1 57872U          19305.07013889  .00000000  00000-0  00000-0 0 00000
2 57872 097.7100 39.8000 0000000 000.0000 210.6680 15.01920000000000
1 57872U          19305.36875000  .00000000  00000-0  00000-0 0 00000
2 57872 097.7100 40.0950 0000000 000.0000 023.1680 15.01920000000000
1 57872U          19305.71805556  .00000000  00000-0  00000-0 0 00000
2 57872 097.7110 40.4390 0000000 000.0000 109.4180 15.01920000000000
1 57872U          19306.04236111  .00000000  00000-0  00000-0 0 00000
2 57872 097.7110 40.7590 0000000 000.0000 060.6690 15.01920000000000
1 57872U          19306.25972222  .00000000  00000-0  00000-0 0 00000
2 57872 097.7120 40.9730 0000000 000.0000 154.4190 15.01920000000000
1 57872U          19306.67291667  .00000000  00000-0  00000-0 0 00000
2 57872 097.7120 41.3800 0000000 000.0000 225.6700 15.01920000000000
1 57872U          19307.00972222  .00000000  00000-0  00000-0 0 00000
2 57872 097.7130 41.7120 0000000 000.0000 244.4200 15.01920000000000
1 57872U          19307.35763889  .00000000  00000-0  00000-0 0 00000
2 57872 097.7130 42.0550 0000000 000.0000 323.1700 15.01920000000000
1 57872U          19307.60000000  .00000000  00000-0  00000-0 0 00000
2 57872 097.7130 42.2940 0000000 000.0000 191.9210 15.01920000000000
1 57872U          19307.99166667  .00000000  00000-0  00000-0 0 00000
2 57872 097.7140 42.6800 0000000 000.0000 146.9210 15.01920000000000
1 57872U          19308.29930556  .00000000  00000-0  00000-0 0 00000
2 57872 097.7140 42.9840 0000000 000.0000 008.1720 15.01920000000000
1 57872U          19308.72291667  .00000000  00000-0  00000-0 0 00000
2 57872 097.7150 43.4010 0000000 000.0000 135.6720 15.01920000000000
1 57872U          19308.92430556  .00000000  00000-0  00000-0 0 00000
2 57872 097.7150 43.6000 0000000 000.0000 143.1730 15.01920000000000
1 57872U          19309.36527778  .00000000  00000-0  00000-0 0 00000
2 57872 097.7160 44.0340 0000000 000.0000 004.4230 15.01920000000000
1 57872U          19309.60069444  .00000000  00000-0  00000-0 0 00000
2 57872 097.7160 44.2670 0000000 000.0000 195.6730 15.01920000000000
1 57872U          19310.03750000  .00000000  00000-0  00000-0 0 00000
2 57872 097.7170 44.6970 0000000 000.0000 034.4240 15.01920000000000
1 57872U          19310.40069444  .00000000  00000-0  00000-0 0 00000
2 57872 097.7170 45.0550 0000000 000.0000 195.6750 15.01920000000000
1 57872U          19310.65972222  .00000000  00000-0  00000-0 0 00000
2 57872 097.7170 45.3110 0000000 000.0000 154.4250 15.01920000000000
1 57872U          19311.00763889  .00000000  00000-0  00000-0 0 00000
2 57872 097.7180 45.6540 0000000 000.0000 233.1750 15.01920000000000
1 57872U          19311.26388889  .00000000  00000-0  00000-0 0 00000
2 57872 097.7180 45.9060 0000000 000.0000 176.9260 15.01920000000000
1 57872U          19311.65069444  .00000000  00000-0  00000-0 0 00000
2 57872 097.7190 46.2870 0000000 000.0000 105.6760 15.01920000000000
1 57872U          19311.92916667  .00000000  00000-0  00000-0 0 00000
2 57872 097.7190 46.5620 0000000 000.0000 169.4270 15.01914300000000
1 57872U          19312.28750000  .00000000  00000-0  00000-0 0 00000
2 57872 097.7200 46.9150 0000000 000.0000 304.4270 15.01914300000000
1 57872U          19312.62361111  .00000000  00000-0  00000-0 0 00000
2 57872 097.7200 47.2470 0000000 000.0000 319.4280 15.01914300000000
1 57872U          19312.86736111  .00000000  00000-0  00000-0 0 00000
2 57872 097.7200 47.4870 0000000 000.0000 195.6780 15.01914300000000
1 57872U          19313.19583333  .00000000  00000-0  00000-0 0 00000
2 57872 097.7210 47.8110 0000000 000.0000 169.4280 15.01914300000000
1 57872U          19313.52638889  .00000000  00000-0  00000-0 0 00000
2 57872 097.7210 48.1360 0000000 000.0000 154.4290 15.01914300000000
1 57872U          19313.82430556  .00000000  00000-0  00000-0 0 00000
2 57872 097.7210 48.4300 0000000 000.0000 323.1790 15.01914300000000
1 57872U          19314.20833333  .00000000  00000-0  00000-0 0 00000
2 57872 097.7220 48.8090 0000000 000.0000 236.9300 15.01914300000000
1 57872U          19314.53750000  .00000000  00000-0  00000-0 0 00000
2 57872 097.7220 49.1330 0000000 000.0000 214.4300 15.01914300000000
1 57872U          19314.97361111  .00000000  00000-0  00000-0 0 00000
2 57872 097.7230 49.5630 0000000 000.0000 049.4310 15.01914300000000
1 57872U          19315.26319444  .00000000  00000-0  00000-0 0 00000
2 57872 097.7230 49.8490 0000000 000.0000 173.1810 15.01914300000000
1 57872U          19315.49166667  .00000000  00000-0  00000-0 0 00000
2 57872 097.7230 50.0740 0000000 000.0000 326.9320 15.01914300000000
1 57872U          19315.97500000  .00000000  00000-0  00000-0 0 00000
2 57872 097.7240 50.5500 0000000 000.0000 056.9330 15.01914300000000
1 57872U          19316.27847222  .00000000  00000-0  00000-0 0 00000
2 57872 097.7240 50.8490 0000000 000.0000 255.6830 15.01914300000000
1 57872U          19316.49305556  .00000000  00000-0  00000-0 0 00000
2 57872 097.7250 51.0610 0000000 000.0000 334.4330 15.01914300000000
1 57872U          19316.93263889  .00000000  00000-0  00000-0 0 00000
2 57872 097.7250 51.4940 0000000 000.0000 188.1840 15.01914300000000
1 57872U          19317.22916667  .00000000  00000-0  00000-0 0 00000
2 57872 097.7260 51.7870 0000000 000.0000 349.4340 15.01914300000000
1 57872U          19317.49305556  .00000000  00000-0  00000-0 0 00000
2 57872 097.7260 52.0470 0000000 000.0000 334.4350 15.01914300000000
1 57872U          19317.88750000  .00000000  00000-0  00000-0 0 00000
2 57872 097.7260 52.4360 0000000 000.0000 304.4350 15.01914300000000
1 57872U          19318.18333333  .00000000  00000-0  00000-0 0 00000
2 57872 097.7270 52.7270 0000000 000.0000 101.9360 15.01914300000000
1 57872U          19318.59513889  .00000000  00000-0  00000-0 0 00000
2 57872 097.7270 53.1330 0000000 000.0000 165.6870 15.01914300000000
1 57872U          19318.89583333  .00000000  00000-0  00000-0 0 00000
2 57872 097.7270 53.4300 0000000 000.0000 349.4370 15.01914300000000
1 57872U          19318.89583333  .00000000  00000-0  00000-0 0 00000
2 57872 097.7270 53.4300 0000000 000.0000 349.4370 15.01914300000000
1 57872U          19319.30416667  .00000000  00000-0  00000-0 0 00000
2 57872 097.7280 53.8320 0000000 000.0000 034.4380 15.01914300000000
1 57872U          19319.59236111  .00000000  00000-0  00000-0 0 00000
2 57872 097.7280 54.1160 0000000 000.0000 150.6880 15.01914300000000
1 57872U          19319.91388889  .00000000  00000-0  00000-0 0 00000
2 57872 097.7280 54.4330 0000000 000.0000 086.9390 15.01914300000000
1 57872U          19320.20972222  .00000000  00000-0  00000-0 0 00000
2 57872 097.7290 54.7250 0000000 000.0000 244.4390 15.01914300000000
1 57872U          19320.62638889  .00000000  00000-0  00000-0 0 00000
2 57872 097.7290 55.1360 0000000 000.0000 334.4400 15.01914300000000
1 57872U          19320.90902778  .00000000  00000-0  00000-0 0 00000
2 57872 097.7300 55.4140 0000000 000.0000 060.6900 15.01914300000000
1 57872U          19321.21458333  .00000000  00000-0  00000-0 0 00000
2 57872 097.7300 55.7160 0000000 000.0000 270.6910 15.01914300000000
1 57872U          19321.52916667  .00000000  00000-0  00000-0 0 00000
2 57872 097.7300 56.0260 0000000 000.0000 169.4410 15.01914300000000
1 57872U          19321.82291667  .00000000  00000-0  00000-0 0 00000
2 57872 097.7300 56.3150 0000000 000.0000 315.6920 15.01914300000000
1 57872U          19322.30277778  .00000000  00000-0  00000-0 0 00000
2 57872 097.7310 56.7880 0000000 000.0000 026.9420 15.01914300000000
1 57872U          19322.48055556  .00000000  00000-0  00000-0 0 00000
2 57872 097.7310 56.9640 0000000 000.0000 266.9430 15.01914300000000
1 57872U          19322.97222222  .00000000  00000-0  00000-0 0 00000
2 57872 097.7320 57.4480 0000000 000.0000 041.9430 15.01914300000000
1 57872U          19323.25138889  .00000000  00000-0  00000-0 0 00000
2 57872 097.7320 57.7230 0000000 000.0000 109.4440 15.01914300000000
1 57872U          19323.59375000  .00000000  00000-0  00000-0 0 00000
2 57872 097.7320 58.0610 0000000 000.0000 158.1940 15.01914300000000
1 57872U          19323.95347222  .00000000  00000-0  00000-0 0 00000
2 57872 097.7330 58.4160 0000000 000.0000 300.6950 15.01914300000000
1 57872U          19324.30555556  .00000000  00000-0  00000-0 0 00000
2 57872 097.7330 58.7630 0000000 000.0000 041.9460 15.01914300000000
1 57872U          19324.59305556  .00000000  00000-0  00000-0 0 00000
2 57872 097.7330 59.0460 0000000 000.0000 154.4460 15.01914300000000
1 57872U          19324.81944444  .00000000  00000-0  00000-0 0 00000
2 57872 097.7330 59.2690 0000000 000.0000 296.9470 15.01914300000000
1 57872U          19325.21944444  .00000000  00000-0  00000-0 0 00000
2 57872 097.7340 59.6640 0000000 000.0000 296.9470 15.01914300000000
1 57872U          19325.57847222  .00000000  00000-0  00000-0 0 00000
2 57872 097.7340 60.0180 0000000 000.0000 075.6980 15.01914300000000
1 57872U          19325.89583333  .00000000  00000-0  00000-0 0 00000
2 57872 097.7340 60.3300 0000000 000.0000 349.4480 15.01914300000000
1 57872U          19325.89583333  .00000000  00000-0  00000-0 0 00000
2 57872 097.7340 60.3300 0000000 000.0000 349.4480 15.01914300000000
1 57872U          19326.31111111  .00000000  00000-0  00000-0 0 00000
2 57872 097.7350 60.7400 0000000 000.0000 071.9490 15.01914300000000
1 57872U          19326.53263889  .00000000  00000-0  00000-0 0 00000
2 57872 097.7350 60.9580 0000000 000.0000 188.1990 15.01914300000000
1 57872U          19326.96597222  .00000000  00000-0  00000-0 0 00000
2 57872 097.7350 61.3850 0000000 000.0000 008.2000 15.01914300000000
1 57872U          19327.26666667  .00000000  00000-0  00000-0 0 00000
2 57872 097.7360 61.6820 0000000 000.0000 191.9510 15.01914300000000
1 57872U          19327.64375000  .00000000  00000-0  00000-0 0 00000
2 57872 097.7360 62.0540 0000000 000.0000 068.2010 15.01914300000000
1 57872U          19327.93541667  .00000000  00000-0  00000-0 0 00000
2 57872 097.7360 62.3410 0000000 000.0000 203.2020 15.01914300000000
1 57872U          19328.18194444  .00000000  00000-0  00000-0 0 00000
2 57872 097.7360 62.5840 0000000 000.0000 094.4520 15.01914300000000
1 57872U          19328.58750000  .00000000  00000-0  00000-0 0 00000
2 57872 097.7370 62.9840 0000000 000.0000 124.4530 15.01914300000000
1 57872U          19328.84930556  .00000000  00000-0  00000-0 0 00000
2 57872 097.7370 63.2420 0000000 000.0000 098.2030 15.01914300000000
1 57872U          19329.22083333  .00000000  00000-0  00000-0 0 00000
2 57872 097.7370 63.6080 0000000 000.0000 304.4540 15.01914300000000
1 57872U          19329.63055556  .00000000  00000-0  00000-0 0 00000
2 57872 097.7380 64.0120 0000000 000.0000 356.9550 15.01914300000000
1 57872U          19329.94652778  .00000000  00000-0  00000-0 0 00000
2 57872 097.7380 64.3240 0000000 000.0000 263.2050 15.01914300000000
1 57872U          19330.17361111  .00000000  00000-0  00000-0 0 00000
2 57872 097.7380 64.5480 0000000 000.0000 049.4560 15.01914300000000
1 57872U          19330.63750000  .00000000  00000-0  00000-0 0 00000
2 57872 097.7380 65.0050 0000000 000.0000 034.4560 15.01914300000000
1 57872U          19330.95069444  .00000000  00000-0  00000-0 0 00000
2 57872 097.7390 65.3140 0000000 000.0000 285.7070 15.01914300000000
1 57872U          19331.18680556  .00000000  00000-0  00000-0 0 00000
2 57872 097.7390 65.5460 0000000 000.0000 120.7070 15.01914300000000
1 57872U          19331.49097222  .00000000  00000-0  00000-0 0 00000
2 57872 097.7390 65.8460 0000000 000.0000 323.2080 15.01914300000000
1 57872U          19331.97847222  .00000000  00000-0  00000-0 0 00000
2 57872 097.7390 66.3270 0000000 000.0000 075.7090 15.01914300000000
1 57872U          19332.24930556  .00000000  00000-0  00000-0 0 00000
2 57872 097.7400 66.5940 0000000 000.0000 098.2090 15.01914300000000
1 57872U          19332.63194444  .00000000  00000-0  00000-0 0 00000
2 57872 097.7400 66.9710 0000000 000.0000 004.4600 15.01914300000000
1 57872U          19332.89583333  .00000000  00000-0  00000-0 0 00000
2 57872 097.7400 67.2310 0000000 000.0000 349.4600 15.01914300000000
