1 5855U          19281.96597222  .00000000  00000-0  00000-0 0 00000
2 5855 097.7010 145.6230 0000000 000.0000 241.4830 15.01920000000000
1 5855U          19282.41319444  .00000000  00000-0  00000-0 0 00000
2 5855 097.7000 146.0640 0000000 000.0000 136.4840 15.01920000000000
1 5855U          19282.66319444  .00000000  00000-0  00000-0 0 00000
2 5855 097.7000 146.3110 0000000 000.0000 046.4840 15.01920000000000
1 5855U          19282.93402778  .00000000  00000-0  00000-0 0 00000
2 5855 097.6990 146.5780 0000000 000.0000 068.9840 15.01920000000000
1 5855U          19283.28263889  .00000000  00000-0  00000-0 0 00000
2 5855 097.6990 146.9210 0000000 000.0000 151.4850 15.01920000000000
1 5855U          19283.71388889  .00000000  00000-0  00000-0 0 00000
2 5855 097.6980 147.3460 0000000 000.0000 320.2350 15.01920000000000
1 5855U          19284.04097222  .00000000  00000-0  00000-0 0 00000
2 5855 097.6970 147.6690 0000000 000.0000 286.4850 15.01920000000000
1 5855U          19284.36111111  .00000000  00000-0  00000-0 0 00000
2 5855 097.6970 147.9840 0000000 000.0000 215.2360 15.01920000000000
1 5855U          19284.70347222  .00000000  00000-0  00000-0 0 00000
2 5855 097.6960 148.3220 0000000 000.0000 263.9860 15.01920000000000
1 5855U          19284.99583333  .00000000  00000-0  00000-0 0 00000
2 5855 097.6960 148.6100 0000000 000.0000 042.7360 15.01920000000000
1 5855U          19285.27083333  .00000000  00000-0  00000-0 0 00000
2 5855 097.6950 148.8810 0000000 000.0000 087.7370 15.01920000000000
1 5855U          19285.62777778  .00000000  00000-0  00000-0 0 00000
2 5855 097.6950 149.2330 0000000 000.0000 215.2370 15.01920000000000
1 5855U          19286.02222222  .00000000  00000-0  00000-0 0 00000
2 5855 097.6940 149.6220 0000000 000.0000 185.2370 15.01920000000000
1 5855U          19286.35555556  .00000000  00000-0  00000-0 0 00000
2 5855 097.6940 149.9500 0000000 000.0000 185.2380 15.01920000000000
1 5855U          19286.64097222  .00000000  00000-0  00000-0 0 00000
2 5855 097.6930 150.2320 0000000 000.0000 286.4880 15.01920000000000
1 5855U          19287.03819444  .00000000  00000-0  00000-0 0 00000
2 5855 097.6930 150.6230 0000000 000.0000 271.4880 15.01920000000000
1 5855U          19287.26041667  .00000000  00000-0  00000-0 0 00000
2 5855 097.6920 150.8420 0000000 000.0000 031.4890 15.01920000000000
1 5855U          19287.65347222  .00000000  00000-0  00000-0 0 00000
2 5855 097.6920 151.2300 0000000 000.0000 353.9890 15.01920000000000
1 5855U          19288.06527778  .00000000  00000-0  00000-0 0 00000
2 5855 097.6910 151.6360 0000000 000.0000 057.7390 15.01920000000000
1 5855U          19288.33402778  .00000000  00000-0  00000-0 0 00000
2 5855 097.6910 151.9010 0000000 000.0000 068.9900 15.01920000000000
1 5855U          19288.62291667  .00000000  00000-0  00000-0 0 00000
2 5855 097.6900 152.1850 0000000 000.0000 188.9900 15.01920000000000
1 5855U          19289.05208333  .00000000  00000-0  00000-0 0 00000
2 5855 097.6890 152.6080 0000000 000.0000 346.4900 15.01920000000000
1 5855U          19289.29861111  .00000000  00000-0  00000-0 0 00000
2 5855 097.6890 152.8510 0000000 000.0000 237.7410 15.01920000000000
1 5855U          19289.62152778  .00000000  00000-0  00000-0 0 00000
2 5855 097.6880 153.1700 0000000 000.0000 181.4910 15.01920000000000
1 5855U          19289.95555556  .00000000  00000-0  00000-0 0 00000
2 5855 097.6880 153.4990 0000000 000.0000 185.2410 15.01920000000000
1 5855U          19290.41111111  .00000000  00000-0  00000-0 0 00000
2 5855 097.6870 153.9480 0000000 000.0000 125.2410 15.01920000000000
1 5855U          19290.59166667  .00000000  00000-0  00000-0 0 00000
2 5855 097.6870 154.1260 0000000 000.0000 020.2420 15.01920000000000
1 5855U          19290.94513889  .00000000  00000-0  00000-0 0 00000
2 5855 097.6860 154.4740 0000000 000.0000 128.9920 15.01920000000000
1 5855U          19291.40972222  .00000000  00000-0  00000-0 0 00000
2 5855 097.6850 154.9320 0000000 000.0000 117.7420 15.01920000000000
1 5855U          19291.59513889  .00000000  00000-0  00000-0 0 00000
2 5855 097.6850 155.1150 0000000 000.0000 038.9920 15.01920000000000
1 5855U          19291.97222222  .00000000  00000-0  00000-0 0 00000
2 5855 097.6840 155.4870 0000000 000.0000 275.2430 15.01920000000000
1 5855U          19292.41250000  .00000000  00000-0  00000-0 0 00000
2 5855 097.6840 155.9210 0000000 000.0000 132.7430 15.01920000000000
1 5855U          19292.60694444  .00000000  00000-0  00000-0 0 00000
2 5855 097.6830 156.1120 0000000 000.0000 102.7430 15.01920000000000
1 5855U          19293.00138889  .00000000  00000-0  00000-0 0 00000
2 5855 097.6830 156.5010 0000000 000.0000 072.7440 15.01920000000000
1 5855U          19293.29861111  .00000000  00000-0  00000-0 0 00000
2 5855 097.6820 156.7940 0000000 000.0000 237.7440 15.01920000000000
1 5855U          19293.71111111  .00000000  00000-0  00000-0 0 00000
2 5855 097.6810 157.2010 0000000 000.0000 305.2440 15.01920000000000
1 5855U          19294.03958333  .00000000  00000-0  00000-0 0 00000
2 5855 097.6810 157.5250 0000000 000.0000 278.9940 15.01920000000000
1 5855U          19294.32500000  .00000000  00000-0  00000-0 0 00000
2 5855 097.6800 157.8060 0000000 000.0000 020.2450 15.01920000000000
1 5855U          19294.67500000  .00000000  00000-0  00000-0 0 00000
2 5855 097.6800 158.1510 0000000 000.0000 110.2450 15.01920000000000
1 5855U          19295.05486111  .00000000  00000-0  00000-0 0 00000
2 5855 097.6790 158.5250 0000000 000.0000 001.4950 15.01920000000000
1 5855U          19295.37500000  .00000000  00000-0  00000-0 0 00000
2 5855 097.6790 158.8410 0000000 000.0000 290.2450 15.01920000000000
1 5855U          19295.61388889  .00000000  00000-0  00000-0 0 00000
2 5855 097.6780 159.0760 0000000 000.0000 140.2460 15.01920000000000
1 5855U          19296.02013889  .00000000  00000-0  00000-0 0 00000
2 5855 097.6770 159.4770 0000000 000.0000 173.9960 15.01920000000000
1 5855U          19296.34305556  .00000000  00000-0  00000-0 0 00000
2 5855 097.6770 159.7950 0000000 000.0000 117.7460 15.01920000000000
1 5855U          19296.63750000  .00000000  00000-0  00000-0 0 00000
2 5855 097.6760 160.0850 0000000 000.0000 267.7460 15.01920000000000
1 5855U          19296.91875000  .00000000  00000-0  00000-0 0 00000
2 5855 097.6760 160.3630 0000000 000.0000 346.4960 15.01920000000000
1 5855U          19297.27777778  .00000000  00000-0  00000-0 0 00000
2 5855 097.6750 160.7170 0000000 000.0000 125.2470 15.01920000000000
1 5855U          19297.67361111  .00000000  00000-0  00000-0 0 00000
2 5855 097.6750 161.1070 0000000 000.0000 102.7470 15.01920000000000
1 5855U          19297.97500000  .00000000  00000-0  00000-0 0 00000
2 5855 097.6740 161.4040 0000000 000.0000 290.2470 15.01920000000000
1 5855U          19298.37430556  .00000000  00000-0  00000-0 0 00000
2 5855 097.6730 161.7970 0000000 000.0000 286.4970 15.01920000000000
1 5855U          19298.59652778  .00000000  00000-0  00000-0 0 00000
2 5855 097.6730 162.0160 0000000 000.0000 046.4970 15.01920000000000
1 5855U          19298.92986111  .00000000  00000-0  00000-0 0 00000
2 5855 097.6720 162.3450 0000000 000.0000 046.4980 15.01920000000000
1 5855U          19299.29097222  .00000000  00000-0  00000-0 0 00000
2 5855 097.6720 162.7010 0000000 000.0000 196.4980 15.01920000000000
1 5855U          19299.62916667  .00000000  00000-0  00000-0 0 00000
2 5855 097.6710 163.0340 0000000 000.0000 222.7480 15.01920000000000
1 5855U          19299.99722222  .00000000  00000-0  00000-0 0 00000
2 5855 097.6700 163.3970 0000000 000.0000 050.2480 15.01920000000000
1 5855U          19300.40972222  .00000000  00000-0  00000-0 0 00000
2 5855 097.6700 163.8040 0000000 000.0000 117.7490 15.01920000000000
1 5855U          19300.58958333  .00000000  00000-0  00000-0 0 00000
2 5855 097.6690 163.9810 0000000 000.0000 008.9990 15.01920000000000
1 5855U          19300.99583333  .00000000  00000-0  00000-0 0 00000
2 5855 097.6690 164.3810 0000000 000.0000 042.7490 15.01920000000000
1 5855U          19301.26111111  .00000000  00000-0  00000-0 0 00000
2 5855 097.6680 164.6430 0000000 000.0000 035.2490 15.01920000000000
1 5855U          19301.73333333  .00000000  00000-0  00000-0 0 00000
2 5855 097.6670 165.1080 0000000 000.0000 065.2490 15.01920000000000
1 5855U          19301.97569444  .00000000  00000-0  00000-0 0 00000
2 5855 097.6670 165.3470 0000000 000.0000 293.9990 15.01920000000000
1 5855U          19302.25347222  .00000000  00000-0  00000-0 0 00000
2 5855 097.6660 165.6210 0000000 000.0000 353.9990 15.01920000000000
1 5855U          19302.65763889  .00000000  00000-0  00000-0 0 00000
2 5855 097.6660 166.0190 0000000 000.0000 016.5000 15.01920000000000
1 5855U          19302.97083333  .00000000  00000-0  00000-0 0 00000
2 5855 097.6650 166.3280 0000000 000.0000 267.7500 15.01920000000000
1 5855U          19303.30069444  .00000000  00000-0  00000-0 0 00000
2 5855 097.6650 166.6530 0000000 000.0000 249.0000 15.01920000000000
1 5855U          19303.67500000  .00000000  00000-0  00000-0 0 00000
2 5855 097.6640 167.0220 0000000 000.0000 110.2500 15.01920000000000
1 5855U          19303.93541667  .00000000  00000-0  00000-0 0 00000
2 5855 097.6630 167.2790 0000000 000.0000 076.5000 15.01920000000000
1 5855U          19304.34375000  .00000000  00000-0  00000-0 0 00000
2 5855 097.6630 167.6810 0000000 000.0000 121.5000 15.01920000000000
1 5855U          19304.64930556  .00000000  00000-0  00000-0 0 00000
2 5855 097.6620 167.9820 0000000 000.0000 331.5010 15.01920000000000
1 5855U          19304.94444444  .00000000  00000-0  00000-0 0 00000
2 5855 097.6620 168.2730 0000000 000.0000 125.2510 15.01920000000000
1 5855U          19305.36944444  .00000000  00000-0  00000-0 0 00000
2 5855 097.6610 168.6920 0000000 000.0000 260.2510 15.01920000000000
1 5855U          19305.66111111  .00000000  00000-0  00000-0 0 00000
2 5855 097.6600 168.9800 0000000 000.0000 035.2510 15.01920000000000
1 5855U          19305.98819444  .00000000  00000-0  00000-0 0 00000
2 5855 097.6600 169.3020 0000000 000.0000 001.5010 15.01920000000000
1 5855U          19306.34444444  .00000000  00000-0  00000-0 0 00000
2 5855 097.6590 169.6530 0000000 000.0000 125.2510 15.01920000000000
1 5855U          19306.60902778  .00000000  00000-0  00000-0 0 00000
2 5855 097.6580 169.9140 0000000 000.0000 114.0010 15.01920000000000
1 5855U          19306.97638889  .00000000  00000-0  00000-0 0 00000
2 5855 097.6580 170.2760 0000000 000.0000 297.7510 15.01920000000000
1 5855U          19307.37916667  .00000000  00000-0  00000-0 0 00000
2 5855 097.6570 170.6730 0000000 000.0000 312.7520 15.01920000000000
1 5855U          19307.65694444  .00000000  00000-0  00000-0 0 00000
2 5855 097.6570 170.9470 0000000 000.0000 012.7520 15.01920000000000
1 5855U          19307.92569444  .00000000  00000-0  00000-0 0 00000
2 5855 097.6560 171.2120 0000000 000.0000 024.0020 15.01920000000000
1 5855U          19308.30972222  .00000000  00000-0  00000-0 0 00000
2 5855 097.6550 171.5900 0000000 000.0000 297.7520 15.01920000000000
1 5855U          19308.67083333  .00000000  00000-0  00000-0 0 00000
2 5855 097.6550 171.9460 0000000 000.0000 087.7520 15.01920000000000
1 5855U          19308.94305556  .00000000  00000-0  00000-0 0 00000
2 5855 097.6540 172.2150 0000000 000.0000 117.7520 15.01920000000000
1 5855U          19309.36319444  .00000000  00000-0  00000-0 0 00000
2 5855 097.6530 172.6290 0000000 000.0000 226.5020 15.01920000000000
1 5855U          19309.73194444  .00000000  00000-0  00000-0 0 00000
2 5855 097.6530 172.9920 0000000 000.0000 057.7520 15.01920000000000
1 5855U          19309.92638889  .00000000  00000-0  00000-0 0 00000
2 5855 097.6520 173.1840 0000000 000.0000 027.7520 15.01920000000000
1 5855U          19310.26736111  .00000000  00000-0  00000-0 0 00000
2 5855 097.6520 173.5200 0000000 000.0000 069.0020 15.01920000000000
1 5855U          19310.68125000  .00000000  00000-0  00000-0 0 00000
2 5855 097.6510 173.9280 0000000 000.0000 144.0030 15.01920000000000
1 5855U          19310.97361111  .00000000  00000-0  00000-0 0 00000
2 5855 097.6500 174.2160 0000000 000.0000 282.7530 15.01920000000000
1 5855U          19311.38750000  .00000000  00000-0  00000-0 0 00000
2 5855 097.6500 174.6240 0000000 000.0000 357.7530 15.01920000000000
1 5855U          19311.60763889  .00000000  00000-0  00000-0 0 00000
2 5855 097.6490 174.8410 0000000 000.0000 106.5030 15.01920000000000
1 5855U          19311.95972222  .00000000  00000-0  00000-0 0 00000
2 5855 097.6490 175.1880 0000000 000.0000 207.7530 15.01914300000000
1 5855U          19312.28750000  .00000000  00000-0  00000-0 0 00000
2 5855 097.6480 175.5110 0000000 000.0000 177.7530 15.01914300000000
1 5855U          19312.62638889  .00000000  00000-0  00000-0 0 00000
2 5855 097.6470 175.8450 0000000 000.0000 207.7530 15.01914300000000
1 5855U          19312.91458333  .00000000  00000-0  00000-0 0 00000
2 5855 097.6470 176.1290 0000000 000.0000 324.0030 15.01914300000000
1 5855U          19313.27847222  .00000000  00000-0  00000-0 0 00000
2 5855 097.6460 176.4880 0000000 000.0000 129.0030 15.01914300000000
1 5855U          19313.51944444  .00000000  00000-0  00000-0 0 00000
2 5855 097.6460 176.7250 0000000 000.0000 350.2530 15.01914300000000
1 5855U          19313.87083333  .00000000  00000-0  00000-0 0 00000
2 5855 097.6450 177.0720 0000000 000.0000 087.7530 15.01914300000000
1 5855U          19314.23819444  .00000000  00000-0  00000-0 0 00000
2 5855 097.6440 177.4340 0000000 000.0000 271.5030 15.01914300000000
1 5855U          19314.49513889  .00000000  00000-0  00000-0 0 00000
2 5855 097.6440 177.6870 0000000 000.0000 219.0030 15.01914300000000
1 5855U          19314.88958333  .00000000  00000-0  00000-0 0 00000
2 5855 097.6430 178.0760 0000000 000.0000 189.0030 15.01914300000000
1 5855U          19315.16319444  .00000000  00000-0  00000-0 0 00000
2 5855 097.6430 178.3450 0000000 000.0000 226.5030 15.01914300000000
1 5855U          19315.60138889  .00000000  00000-0  00000-0 0 00000
2 5855 097.6420 178.7770 0000000 000.0000 072.7530 15.01914300000000
1 5855U          19315.94236111  .00000000  00000-0  00000-0 0 00000
2 5855 097.6410 179.1130 0000000 000.0000 114.0030 15.01914300000000
1 5855U          19316.23750000  .00000000  00000-0  00000-0 0 00000
2 5855 097.6410 179.4040 0000000 000.0000 267.7530 15.01914300000000
1 5855U          19316.60763889  .00000000  00000-0  00000-0 0 00000
2 5855 097.6400 179.7690 0000000 000.0000 106.5030 15.01914300000000
1 5855U          19316.82847222  .00000000  00000-0  00000-0 0 00000
2 5855 097.6400 179.9870 0000000 000.0000 219.0030 15.01914300000000
1 5855U          19317.29791667  .00000000  00000-0  00000-0 0 00000
2 5855 097.6390 180.4490 0000000 000.0000 234.0030 15.01914300000000
1 5855U          19317.50555556  .00000000  00000-0  00000-0 0 00000
2 5855 097.6380 180.6540 0000000 000.0000 275.2530 15.01914300000000
1 5855U          19317.95416667  .00000000  00000-0  00000-0 0 00000
2 5855 097.6370 181.0960 0000000 000.0000 177.7530 15.01914300000000
1 5855U          19318.20902778  .00000000  00000-0  00000-0 0 00000
2 5855 097.6370 181.3470 0000000 000.0000 114.0030 15.01914300000000
1 5855U          19318.48888889  .00000000  00000-0  00000-0 0 00000
2 5855 097.6360 181.6230 0000000 000.0000 185.2530 15.01914300000000
1 5855U          19318.89583333  .00000000  00000-0  00000-0 0 00000
2 5855 097.6360 182.0240 0000000 000.0000 222.7530 15.01914300000000
1 5855U          19318.89583333  .00000000  00000-0  00000-0 0 00000
2 5855 097.6360 182.0240 0000000 000.0000 222.7530 15.01914300000000
1 5855U          19319.19930556  .00000000  00000-0  00000-0 0 00000
2 5855 097.6350 182.3230 0000000 000.0000 061.5030 15.01914300000000
1 5855U          19319.59791667  .00000000  00000-0  00000-0 0 00000
2 5855 097.6340 182.7160 0000000 000.0000 054.0030 15.01914300000000
1 5855U          19319.96805556  .00000000  00000-0  00000-0 0 00000
2 5855 097.6340 183.0810 0000000 000.0000 252.7530 15.01914300000000
1 5855U          19320.14930556  .00000000  00000-0  00000-0 0 00000
2 5855 097.6330 183.2600 0000000 000.0000 151.5030 15.01914300000000
1 5855U          19320.52152778  .00000000  00000-0  00000-0 0 00000
2 5855 097.6330 183.6260 0000000 000.0000 001.5030 15.01914300000000
1 5855U          19320.93472222  .00000000  00000-0  00000-0 0 00000
2 5855 097.6320 184.0340 0000000 000.0000 072.7530 15.01914300000000
1 5855U          19321.21041667  .00000000  00000-0  00000-0 0 00000
2 5855 097.6310 184.3050 0000000 000.0000 121.5030 15.01914300000000
1 5855U          19321.60138889  .00000000  00000-0  00000-0 0 00000
2 5855 097.6310 184.6910 0000000 000.0000 072.7530 15.01914300000000
1 5855U          19321.96388889  .00000000  00000-0  00000-0 0 00000
2 5855 097.6300 185.0480 0000000 000.0000 230.2530 15.01914300000000
1 5855U          19322.17708333  .00000000  00000-0  00000-0 0 00000
2 5855 097.6300 185.2580 0000000 000.0000 301.5030 15.01914300000000
1 5855U          19322.48958333  .00000000  00000-0  00000-0 0 00000
2 5855 097.6290 185.5660 0000000 000.0000 189.0030 15.01914300000000
1 5855U          19322.82708333  .00000000  00000-0  00000-0 0 00000
2 5855 097.6280 185.8990 0000000 000.0000 211.5030 15.01914300000000
1 5855U          19323.15625000  .00000000  00000-0  00000-0 0 00000
2 5855 097.6280 186.2230 0000000 000.0000 189.0030 15.01914300000000
1 5855U          19323.63263889  .00000000  00000-0  00000-0 0 00000
2 5855 097.6270 186.6930 0000000 000.0000 241.5030 15.01914300000000
1 5855U          19323.86597222  .00000000  00000-0  00000-0 0 00000
2 5855 097.6270 186.9230 0000000 000.0000 061.5030 15.01914300000000
1 5855U          19324.19375000  .00000000  00000-0  00000-0 0 00000
2 5855 097.6260 187.2460 0000000 000.0000 031.5030 15.01914300000000
1 5855U          19324.59861111  .00000000  00000-0  00000-0 0 00000
2 5855 097.6250 187.6450 0000000 000.0000 057.7530 15.01914300000000
1 5855U          19324.89375000  .00000000  00000-0  00000-0 0 00000
2 5855 097.6250 187.9360 0000000 000.0000 211.5020 15.01914300000000
1 5855U          19325.17083333  .00000000  00000-0  00000-0 0 00000
2 5855 097.6240 188.2090 0000000 000.0000 267.7520 15.01914300000000
1 5855U          19325.50555556  .00000000  00000-0  00000-0 0 00000
2 5855 097.6230 188.5390 0000000 000.0000 275.2520 15.01914300000000
1 5855U          19325.83055556  .00000000  00000-0  00000-0 0 00000
2 5855 097.6230 188.8590 0000000 000.0000 230.2520 15.01914300000000
1 5855U          19325.89583333  .00000000  00000-0  00000-0 0 00000
2 5855 097.6230 188.9230 0000000 000.0000 222.7520 15.01914300000000
1 5855U          19326.19930556  .00000000  00000-0  00000-0 0 00000
2 5855 097.6220 189.2220 0000000 000.0000 061.5020 15.01914300000000
1 5855U          19326.49444444  .00000000  00000-0  00000-0 0 00000
2 5855 097.6220 189.5130 0000000 000.0000 215.2520 15.01914300000000
1 5855U          19326.82916667  .00000000  00000-0  00000-0 0 00000
2 5855 097.6210 189.8430 0000000 000.0000 222.7520 15.01914300000000
1 5855U          19327.25625000  .00000000  00000-0  00000-0 0 00000
2 5855 097.6200 190.2640 0000000 000.0000 009.0020 15.01914300000000
1 5855U          19327.52638889  .00000000  00000-0  00000-0 0 00000
2 5855 097.6200 190.5300 0000000 000.0000 027.7520 15.01914300000000
1 5855U          19327.97847222  .00000000  00000-0  00000-0 0 00000
2 5855 097.6190 190.9760 0000000 000.0000 309.0020 15.01914300000000
1 5855U          19328.20486111  .00000000  00000-0  00000-0 0 00000
2 5855 097.6190 191.1990 0000000 000.0000 091.5020 15.01914300000000
1 5855U          19328.48263889  .00000000  00000-0  00000-0 0 00000
2 5855 097.6180 191.4730 0000000 000.0000 151.5010 15.01914300000000
1 5855U          19328.85625000  .00000000  00000-0  00000-0 0 00000
2 5855 097.6170 191.8410 0000000 000.0000 009.0010 15.01914300000000
1 5855U          19329.23819444  .00000000  00000-0  00000-0 0 00000
2 5855 097.6170 192.2170 0000000 000.0000 271.5010 15.01914300000000
1 5855U          19329.53958333  .00000000  00000-0  00000-0 0 00000
2 5855 097.6160 192.5140 0000000 000.0000 099.0010 15.01914300000000
1 5855U          19329.92916667  .00000000  00000-0  00000-0 0 00000
2 5855 097.6150 192.8980 0000000 000.0000 042.7510 15.01914300000000
1 5855U          19330.21250000  .00000000  00000-0  00000-0 0 00000
2 5855 097.6150 193.1780 0000000 000.0000 132.7510 15.01914300000000
1 5855U          19330.53055556  .00000000  00000-0  00000-0 0 00000
2 5855 097.6140 193.4910 0000000 000.0000 050.2510 15.01914300000000
1 5855U          19330.88472222  .00000000  00000-0  00000-0 0 00000
2 5855 097.6140 193.8400 0000000 000.0000 162.7510 15.01914300000000
1 5855U          19331.22986111  .00000000  00000-0  00000-0 0 00000
2 5855 097.6130 194.1800 0000000 000.0000 226.5000 15.01914300000000
1 5855U          19331.58055556  .00000000  00000-0  00000-0 0 00000
2 5855 097.6120 194.5260 0000000 000.0000 320.2500 15.01914300000000
1 5855U          19331.84305556  .00000000  00000-0  00000-0 0 00000
2 5855 097.6120 194.7850 0000000 000.0000 297.7500 15.01914300000000
1 5855U          19332.27152778  .00000000  00000-0  00000-0 0 00000
2 5855 097.6110 195.2070 0000000 000.0000 091.5000 15.01914300000000
1 5855U          19332.48750000  .00000000  00000-0  00000-0 0 00000
2 5855 097.6110 195.4200 0000000 000.0000 177.7500 15.01914300000000
1 5855U          19332.89583333  .00000000  00000-0  00000-0 0 00000
2 5855 097.6100 195.8220 0000000 000.0000 222.7500 15.01914300000000
1 5855U          19325.89583333  .00000000  00000-0  00000-0 0 00000
2 5855 097.6230 188.9230 0000000 000.0000 222.7520 15.01914300000000
1 5855U          19325.99305556  .00000000  00000-0  00000-0 0 00000
2 5855 097.6230 189.0190 0000000 000.0000 027.7520 15.01914300000000
1 5855U          19326.04305556  .00000000  00000-0  00000-0 0 00000
2 5855 097.6220 189.0680 0000000 000.0000 297.7520 15.01914300000000
1 5855U          19326.13611111  .00000000  00000-0  00000-0 0 00000
2 5855 097.6220 189.1600 0000000 000.0000 080.2520 15.01914300000000
1 5855U          19326.23888889  .00000000  00000-0  00000-0 0 00000
2 5855 097.6220 189.2610 0000000 000.0000 275.2520 15.01914300000000
1 5855U          19326.29513889  .00000000  00000-0  00000-0 0 00000
2 5855 097.6220 189.3170 0000000 000.0000 219.0020 15.01914300000000
1 5855U          19326.39166667  .00000000  00000-0  00000-0 0 00000
2 5855 097.6220 189.4120 0000000 000.0000 020.2520 15.01914300000000
1 5855U          19326.46180556  .00000000  00000-0  00000-0 0 00000
2 5855 097.6220 189.4810 0000000 000.0000 039.0020 15.01914300000000
1 5855U          19326.54236111  .00000000  00000-0  00000-0 0 00000
2 5855 097.6220 189.5600 0000000 000.0000 114.0020 15.01914300000000
1 5855U          19326.63611111  .00000000  00000-0  00000-0 0 00000
2 5855 097.6210 189.6530 0000000 000.0000 260.2520 15.01914300000000
1 5855U          19326.73611111  .00000000  00000-0  00000-0 0 00000
2 5855 097.6210 189.7510 0000000 000.0000 080.2520 15.01914300000000
1 5855U          19326.79375000  .00000000  00000-0  00000-0 0 00000
2 5855 097.6210 189.8080 0000000 000.0000 031.5020 15.01914300000000
1 5855U          19326.91527778  .00000000  00000-0  00000-0 0 00000
2 5855 097.6210 189.9280 0000000 000.0000 327.7520 15.01914300000000
1 5855U          19326.97361111  .00000000  00000-0  00000-0 0 00000
2 5855 097.6210 189.9860 0000000 000.0000 282.7520 15.01914300000000
1 5855U          19327.06875000  .00000000  00000-0  00000-0 0 00000
2 5855 097.6210 190.0790 0000000 000.0000 076.5020 15.01914300000000
1 5855U          19327.12986111  .00000000  00000-0  00000-0 0 00000
2 5855 097.6210 190.1400 0000000 000.0000 046.5020 15.01914300000000
1 5855U          19327.20972222  .00000000  00000-0  00000-0 0 00000
2 5855 097.6200 190.2180 0000000 000.0000 117.7520 15.01914300000000
1 5855U          19327.33263889  .00000000  00000-0  00000-0 0 00000
2 5855 097.6200 190.3390 0000000 000.0000 061.5020 15.01914300000000
1 5855U          19327.37777778  .00000000  00000-0  00000-0 0 00000
2 5855 097.6200 190.3840 0000000 000.0000 305.2520 15.01914300000000
1 5855U          19327.49583333  .00000000  00000-0  00000-0 0 00000
2 5855 097.6200 190.5000 0000000 000.0000 222.7520 15.01914300000000
1 5855U          19327.55972222  .00000000  00000-0  00000-0 0 00000
2 5855 097.6200 190.5630 0000000 000.0000 207.7520 15.01914300000000
1 5855U          19327.63055556  .00000000  00000-0  00000-0 0 00000
2 5855 097.6200 190.6330 0000000 000.0000 230.2520 15.01914300000000
1 5855U          19327.70972222  .00000000  00000-0  00000-0 0 00000
2 5855 097.6190 190.7110 0000000 000.0000 297.7520 15.01914300000000
1 5855U          19327.80763889  .00000000  00000-0  00000-0 0 00000
2 5855 097.6190 190.8070 0000000 000.0000 106.5020 15.01914300000000
1 5855U          19327.91250000  .00000000  00000-0  00000-0 0 00000
2 5855 097.6190 190.9110 0000000 000.0000 312.7520 15.01914300000000
1 5855U          19327.97916667  .00000000  00000-0  00000-0 0 00000
2 5855 097.6190 190.9770 0000000 000.0000 312.7520 15.01914300000000
1 5855U          19328.08125000  .00000000  00000-0  00000-0 0 00000
2 5855 097.6190 191.0770 0000000 000.0000 144.0020 15.01914300000000
1 5855U          19328.13194444  .00000000  00000-0  00000-0 0 00000
2 5855 097.6190 191.1270 0000000 000.0000 057.7520 15.01914300000000
1 5855U          19328.24097222  .00000000  00000-0  00000-0 0 00000
2 5855 097.6180 191.2350 0000000 000.0000 286.5020 15.01914300000000
1 5855U          19328.30138889  .00000000  00000-0  00000-0 0 00000
2 5855 097.6180 191.2940 0000000 000.0000 252.7520 15.01914300000000
1 5855U          19328.41041667  .00000000  00000-0  00000-0 0 00000
2 5855 097.6180 191.4020 0000000 000.0000 121.5010 15.01914300000000
1 5855U          19328.47430556  .00000000  00000-0  00000-0 0 00000
2 5855 097.6180 191.4650 0000000 000.0000 106.5010 15.01914300000000
1 5855U          19328.56111111  .00000000  00000-0  00000-0 0 00000
2 5855 097.6180 191.5500 0000000 000.0000 215.2510 15.01914300000000
1 5855U          19328.63333333  .00000000  00000-0  00000-0 0 00000
2 5855 097.6180 191.6210 0000000 000.0000 245.2510 15.01914300000000
1 5855U          19328.74722222  .00000000  00000-0  00000-0 0 00000
2 5855 097.6180 191.7340 0000000 000.0000 140.2510 15.01914300000000
1 5855U          19328.82083333  .00000000  00000-0  00000-0 0 00000
2 5855 097.6170 191.8060 0000000 000.0000 177.7510 15.01914300000000
1 5855U          19328.88263889  .00000000  00000-0  00000-0 0 00000
2 5855 097.6170 191.8670 0000000 000.0000 151.5010 15.01914300000000
1 5855U          19328.97986111  .00000000  00000-0  00000-0 0 00000
2 5855 097.6170 191.9630 0000000 000.0000 316.5010 15.01914300000000
1 5855U          19329.04236111  .00000000  00000-0  00000-0 0 00000
2 5855 097.6170 192.0240 0000000 000.0000 294.0010 15.01914300000000
1 5855U          19329.15555556  .00000000  00000-0  00000-0 0 00000
2 5855 097.6170 192.1360 0000000 000.0000 185.2510 15.01914300000000
1 5855U          19329.22569444  .00000000  00000-0  00000-0 0 00000
2 5855 097.6170 192.2050 0000000 000.0000 204.0010 15.01914300000000
1 5855U          19329.32986111  .00000000  00000-0  00000-0 0 00000
2 5855 097.6160 192.3080 0000000 000.0000 046.5010 15.01914300000000
1 5855U          19329.38750000  .00000000  00000-0  00000-0 0 00000
2 5855 097.6160 192.3650 0000000 000.0000 357.7510 15.01914300000000
1 5855U          19329.46805556  .00000000  00000-0  00000-0 0 00000
2 5855 097.6160 192.4440 0000000 000.0000 072.7510 15.01914300000000
1 5855U          19329.56944444  .00000000  00000-0  00000-0 0 00000
2 5855 097.6160 192.5440 0000000 000.0000 260.2510 15.01914300000000
1 5855U          19329.65347222  .00000000  00000-0  00000-0 0 00000
2 5855 097.6160 192.6270 0000000 000.0000 354.0010 15.01914300000000
1 5855U          19329.74305556  .00000000  00000-0  00000-0 0 00000
2 5855 097.6160 192.7150 0000000 000.0000 117.7510 15.01914300000000
1 5855U          19329.79305556  .00000000  00000-0  00000-0 0 00000
2 5855 097.6160 192.7640 0000000 000.0000 027.7510 15.01914300000000
1 5855U          19329.89930556  .00000000  00000-0  00000-0 0 00000
2 5855 097.6150 192.8690 0000000 000.0000 241.5010 15.01914300000000
1 5855U          19329.98194444  .00000000  00000-0  00000-0 0 00000
2 5855 097.6150 192.9500 0000000 000.0000 327.7510 15.01914300000000
1 5855U          19330.06250000  .00000000  00000-0  00000-0 0 00000
2 5855 097.6150 193.0300 0000000 000.0000 042.7510 15.01914300000000
1 5855U          19330.15069444  .00000000  00000-0  00000-0 0 00000
2 5855 097.6150 193.1170 0000000 000.0000 159.0010 15.01914300000000
1 5855U          19330.24027778  .00000000  00000-0  00000-0 0 00000
2 5855 097.6150 193.2050 0000000 000.0000 282.7510 15.01914300000000
1 5855U          19330.32916667  .00000000  00000-0  00000-0 0 00000
2 5855 097.6150 193.2930 0000000 000.0000 042.7510 15.01914300000000
1 5855U          19330.37916667  .00000000  00000-0  00000-0 0 00000
2 5855 097.6150 193.3420 0000000 000.0000 312.7510 15.01914300000000
1 5855U          19330.46527778  .00000000  00000-0  00000-0 0 00000
2 5855 097.6140 193.4270 0000000 000.0000 057.7510 15.01914300000000
1 5855U          19330.55000000  .00000000  00000-0  00000-0 0 00000
2 5855 097.6140 193.5100 0000000 000.0000 155.2510 15.01914300000000
1 5855U          19330.64861111  .00000000  00000-0  00000-0 0 00000
2 5855 097.6140 193.6070 0000000 000.0000 327.7510 15.01914300000000
1 5855U          19330.72638889  .00000000  00000-0  00000-0 0 00000
2 5855 097.6140 193.6840 0000000 000.0000 027.7510 15.01914300000000
1 5855U          19330.81111111  .00000000  00000-0  00000-0 0 00000
2 5855 097.6140 193.7680 0000000 000.0000 125.2510 15.01914300000000
1 5855U          19330.89791667  .00000000  00000-0  00000-0 0 00000
2 5855 097.6140 193.8530 0000000 000.0000 234.0010 15.01914300000000
1 5855U          19330.99097222  .00000000  00000-0  00000-0 0 00000
2 5855 097.6130 193.9450 0000000 000.0000 016.5000 15.01914300000000
1 5855U          19331.07569444  .00000000  00000-0  00000-0 0 00000
2 5855 097.6130 194.0280 0000000 000.0000 114.0000 15.01914300000000
1 5855U          19331.14652778  .00000000  00000-0  00000-0 0 00000
2 5855 097.6130 194.0980 0000000 000.0000 136.5000 15.01914300000000
1 5855U          19331.21250000  .00000000  00000-0  00000-0 0 00000
2 5855 097.6130 194.1630 0000000 000.0000 132.7500 15.01914300000000
1 5855U          19331.29305556  .00000000  00000-0  00000-0 0 00000
2 5855 097.6130 194.2430 0000000 000.0000 207.7500 15.01914300000000
1 5855U          19331.41527778  .00000000  00000-0  00000-0 0 00000
2 5855 097.6130 194.3630 0000000 000.0000 147.7500 15.01914300000000
1 5855U          19331.49513889  .00000000  00000-0  00000-0 0 00000
2 5855 097.6130 194.4420 0000000 000.0000 219.0000 15.01914300000000
1 5855U          19331.57500000  .00000000  00000-0  00000-0 0 00000
2 5855 097.6120 194.5200 0000000 000.0000 290.2500 15.01914300000000
1 5855U          19331.66527778  .00000000  00000-0  00000-0 0 00000
2 5855 097.6120 194.6090 0000000 000.0000 057.7500 15.01914300000000
1 5855U          19331.75000000  .00000000  00000-0  00000-0 0 00000
2 5855 097.6120 194.6930 0000000 000.0000 155.2500 15.01914300000000
1 5855U          19331.81388889  .00000000  00000-0  00000-0 0 00000
2 5855 097.6120 194.7560 0000000 000.0000 140.2500 15.01914300000000
1 5855U          19331.90763889  .00000000  00000-0  00000-0 0 00000
2 5855 097.6120 194.8480 0000000 000.0000 286.5000 15.01914300000000
1 5855U          19331.97708333  .00000000  00000-0  00000-0 0 00000
2 5855 097.6120 194.9170 0000000 000.0000 301.5000 15.01914300000000
1 5855U          19332.05069444  .00000000  00000-0  00000-0 0 00000
2 5855 097.6120 194.9890 0000000 000.0000 339.0000 15.01914300000000
1 5855U          19332.13472222  .00000000  00000-0  00000-0 0 00000
2 5855 097.6110 195.0720 0000000 000.0000 072.7500 15.01914300000000
1 5855U          19332.21875000  .00000000  00000-0  00000-0 0 00000
2 5855 097.6110 195.1550 0000000 000.0000 166.5000 15.01914300000000
1 5855U          19332.31319444  .00000000  00000-0  00000-0 0 00000
2 5855 097.6110 195.2480 0000000 000.0000 316.5000 15.01914300000000
1 5855U          19332.40416667  .00000000  00000-0  00000-0 0 00000
2 5855 097.6110 195.3380 0000000 000.0000 087.7500 15.01914300000000
1 5855U          19332.48819444  .00000000  00000-0  00000-0 0 00000
2 5855 097.6110 195.4200 0000000 000.0000 181.5000 15.01914300000000
1 5855U          19332.54930556  .00000000  00000-0  00000-0 0 00000
2 5855 097.6110 195.4810 0000000 000.0000 151.5000 15.01914300000000
1 5855U          19332.63125000  .00000000  00000-0  00000-0 0 00000
2 5855 097.6110 195.5610 0000000 000.0000 234.0000 15.01914300000000
1 5855U          19332.73819444  .00000000  00000-0  00000-0 0 00000
2 5855 097.6100 195.6670 0000000 000.0000 091.5000 15.01914300000000
1 5855U          19332.80208333  .00000000  00000-0  00000-0 0 00000
2 5855 097.6100 195.7300 0000000 000.0000 076.5000 15.01914300000000
1 5855U          19332.89583333  .00000000  00000-0  00000-0 0 00000
2 5855 097.6100 195.8220 0000000 000.0000 222.7500 15.01914300000000
