1 59114U          19281.98888889  .00000000  00000-0  00000-0 0 00000
2 59114 097.6560 171.363  0000000 000.0000 008.6790 15.01920000000000
1 59114U          19282.25069444  .00000000  00000-0  00000-0 0 00000
2 59114 097.6550 171.621  0000000 000.0000 342.4290 15.01920000000000
1 59114U          19282.74236111  .00000000  00000-0  00000-0 0 00000
2 59114 097.6540 172.105  0000000 000.0000 117.4300 15.01920000000000
1 59114U          19283.01388889  .00000000  00000-0  00000-0 0 00000
2 59114 097.6540 172.373  0000000 000.0000 143.6800 15.01920000000000
1 59114U          19283.26458333  .00000000  00000-0  00000-0 0 00000
2 59114 097.6530 172.620  0000000 000.0000 057.4300 15.01920000000000
1 59114U          19283.60277778  .00000000  00000-0  00000-0 0 00000
2 59114 097.6530 172.953  0000000 000.0000 083.6800 15.01920000000000
1 59114U          19284.06388889  .00000000  00000-0  00000-0 0 00000
2 59114 097.6520 173.408  0000000 000.0000 053.6800 15.01920000000000
1 59114U          19284.38263889  .00000000  00000-0  00000-0 0 00000
2 59114 097.6510 173.722  0000000 000.0000 334.9300 15.01920000000000
1 59114U          19284.74513889  .00000000  00000-0  00000-0 0 00000
2 59114 097.6510 174.079  0000000 000.0000 132.4300 15.01920000000000
1 59114U          19285.02083333  .00000000  00000-0  00000-0 0 00000
2 59114 097.6500 174.351  0000000 000.0000 181.1800 15.01920000000000
1 59114U          19285.29513889  .00000000  00000-0  00000-0 0 00000
2 59114 097.6500 174.621  0000000 000.0000 222.4300 15.01920000000000
1 59114U          19285.74166667  .00000000  00000-0  00000-0 0 00000
2 59114 097.6490 175.061  0000000 000.0000 113.6800 15.01920000000000
1 59114U          19285.96180556  .00000000  00000-0  00000-0 0 00000
2 59114 097.6480 175.278  0000000 000.0000 222.4300 15.01920000000000
1 59114U          19286.27638889  .00000000  00000-0  00000-0 0 00000
2 59114 097.6480 175.588  0000000 000.0000 121.1800 15.01920000000000
1 59114U          19286.72777778  .00000000  00000-0  00000-0 0 00000
2 59114 097.6470 176.033  0000000 000.0000 038.6810 15.01920000000000
1 59114U          19286.94444444  .00000000  00000-0  00000-0 0 00000
2 59114 097.6470 176.247  0000000 000.0000 128.6810 15.01920000000000
1 59114U          19287.32152778  .00000000  00000-0  00000-0 0 00000
2 59114 097.6460 176.619  0000000 000.0000 004.9310 15.01920000000000
1 59114U          19287.60902778  .00000000  00000-0  00000-0 0 00000
2 59114 097.6450 176.902  0000000 000.0000 117.4310 15.01920000000000
1 59114U          19288.08055556  .00000000  00000-0  00000-0 0 00000
2 59114 097.6440 177.367  0000000 000.0000 143.6810 15.01920000000000
1 59114U          19288.30138889  .00000000  00000-0  00000-0 0 00000
2 59114 097.6440 177.584  0000000 000.0000 256.1810 15.01920000000000
1 59114U          19288.59166667  .00000000  00000-0  00000-0 0 00000
2 59114 097.6440 177.870  0000000 000.0000 023.6810 15.01920000000000
1 59114U          19288.99861111  .00000000  00000-0  00000-0 0 00000
2 59114 097.6430 178.272  0000000 000.0000 061.1810 15.01920000000000
1 59114U          19289.28541667  .00000000  00000-0  00000-0 0 00000
2 59114 097.6420 178.554  0000000 000.0000 169.9310 15.01920000000000
1 59114U          19289.63263889  .00000000  00000-0  00000-0 0 00000
2 59114 097.6420 178.896  0000000 000.0000 244.9310 15.01920000000000
1 59114U          19290.03402778  .00000000  00000-0  00000-0 0 00000
2 59114 097.6410 179.292  0000000 000.0000 252.4310 15.01920000000000
1 59114U          19290.40208333  .00000000  00000-0  00000-0 0 00000
2 59114 097.6400 179.655  0000000 000.0000 079.9310 15.01920000000000
1 59114U          19290.60416667  .00000000  00000-0  00000-0 0 00000
2 59114 097.6400 179.854  0000000 000.0000 091.1810 15.01920000000000
1 59114U          19290.95000000  .00000000  00000-0  00000-0 0 00000
2 59114 097.6390 180.195  0000000 000.0000 158.6810 15.01920000000000
1 59114U          19291.35972222  .00000000  00000-0  00000-0 0 00000
2 59114 097.6380 180.599  0000000 000.0000 211.1810 15.01920000000000
1 59114U          19291.72708333  .00000000  00000-0  00000-0 0 00000
2 59114 097.6380 180.961  0000000 000.0000 034.9310 15.01920000000000
1 59114U          19291.92777778  .00000000  00000-0  00000-0 0 00000
2 59114 097.6370 181.159  0000000 000.0000 038.6810 15.01920000000000
1 59114U          19292.35208333  .00000000  00000-0  00000-0 0 00000
2 59114 097.6370 181.577  0000000 000.0000 169.9310 15.01920000000000
1 59114U          19292.70902778  .00000000  00000-0  00000-0 0 00000
2 59114 097.6360 181.929  0000000 000.0000 297.4310 15.01920000000000
1 59114U          19293.04444444  .00000000  00000-0  00000-0 0 00000
2 59114 097.6350 182.259  0000000 000.0000 308.6810 15.01920000000000
1 59114U          19293.33680556  .00000000  00000-0  00000-0 0 00000
2 59114 097.6350 182.547  0000000 000.0000 087.4310 15.01920000000000
1 59114U          19293.68472222  .00000000  00000-0  00000-0 0 00000
2 59114 097.6340 182.890  0000000 000.0000 166.1810 15.01920000000000
1 59114U          19293.95347222  .00000000  00000-0  00000-0 0 00000
2 59114 097.6340 183.155  0000000 000.0000 177.4310 15.01920000000000
1 59114U          19294.31944444  .00000000  00000-0  00000-0 0 00000
2 59114 097.6330 183.516  0000000 000.0000 353.6810 15.01920000000000
1 59114U          19294.68402778  .00000000  00000-0  00000-0 0 00000
2 59114 097.6320 183.875  0000000 000.0000 162.4310 15.01920000000000
1 59114U          19294.98888889  .00000000  00000-0  00000-0 0 00000
2 59114 097.6320 184.176  0000000 000.0000 008.6810 15.01920000000000
1 59114U          19295.37291667  .00000000  00000-0  00000-0 0 00000
2 59114 097.6310 184.554  0000000 000.0000 282.4310 15.01920000000000
1 59114U          19295.73125000  .00000000  00000-0  00000-0 0 00000
2 59114 097.6300 184.907  0000000 000.0000 057.4310 15.01920000000000
1 59114U          19295.95833333  .00000000  00000-0  00000-0 0 00000
2 59114 097.6300 185.131  0000000 000.0000 203.6810 15.01920000000000
1 59114U          19296.34652778  .00000000  00000-0  00000-0 0 00000
2 59114 097.6290 185.514  0000000 000.0000 139.9310 15.01920000000000
1 59114U          19296.72430556  .00000000  00000-0  00000-0 0 00000
2 59114 097.6280 185.886  0000000 000.0000 019.9300 15.01920000000000
1 59114U          19296.96527778  .00000000  00000-0  00000-0 0 00000
2 59114 097.6280 186.123  0000000 000.0000 241.1800 15.01920000000000
1 59114U          19297.28333333  .00000000  00000-0  00000-0 0 00000
2 59114 097.6270 186.437  0000000 000.0000 158.6800 15.01920000000000
1 59114U          19297.68125000  .00000000  00000-0  00000-0 0 00000
2 59114 097.6270 186.829  0000000 000.0000 147.4300 15.01920000000000
1 59114U          19298.00277778  .00000000  00000-0  00000-0 0 00000
2 59114 097.6260 187.146  0000000 000.0000 083.6800 15.01920000000000
1 59114U          19298.25416667  .00000000  00000-0  00000-0 0 00000
2 59114 097.6260 187.394  0000000 000.0000 001.1800 15.01920000000000
1 59114U          19298.72569444  .00000000  00000-0  00000-0 0 00000
2 59114 097.6250 187.858  0000000 000.0000 027.4300 15.01920000000000
1 59114U          19298.92222222  .00000000  00000-0  00000-0 0 00000
2 59114 097.6240 188.052  0000000 000.0000 008.6800 15.01920000000000
1 59114U          19299.35277778  .00000000  00000-0  00000-0 0 00000
2 59114 097.6240 188.477  0000000 000.0000 173.6800 15.01920000000000
1 59114U          19299.70416667  .00000000  00000-0  00000-0 0 00000
2 59114 097.6230 188.823  0000000 000.0000 271.1800 15.01920000000000
1 59114U          19299.97986111  .00000000  00000-0  00000-0 0 00000
2 59114 097.6220 189.095  0000000 000.0000 319.9300 15.01920000000000
1 59114U          19300.31597222  .00000000  00000-0  00000-0 0 00000
2 59114 097.6220 189.426  0000000 000.0000 334.9300 15.01920000000000
1 59114U          19300.61944444  .00000000  00000-0  00000-0 0 00000
2 59114 097.6210 189.725  0000000 000.0000 173.6800 15.01920000000000
1 59114U          19301.03750000  .00000000  00000-0  00000-0 0 00000
2 59114 097.6210 190.137  0000000 000.0000 271.1790 15.01920000000000
1 59114U          19301.30972222  .00000000  00000-0  00000-0 0 00000
2 59114 097.6200 190.405  0000000 000.0000 301.1790 15.01920000000000
1 59114U          19301.62013889  .00000000  00000-0  00000-0 0 00000
2 59114 097.6190 190.711  0000000 000.0000 177.4290 15.01920000000000
1 59114U          19302.02083333  .00000000  00000-0  00000-0 0 00000
2 59114 097.6190 191.106  0000000 000.0000 181.1790 15.01920000000000
1 59114U          19302.25902778  .00000000  00000-0  00000-0 0 00000
2 59114 097.6180 191.341  0000000 000.0000 027.4290 15.01920000000000
1 59114U          19302.66666667  .00000000  00000-0  00000-0 0 00000
2 59114 097.6180 191.743  0000000 000.0000 068.6790 15.01920000000000
1 59114U          19302.97222222  .00000000  00000-0  00000-0 0 00000
2 59114 097.6170 192.044  0000000 000.0000 278.6790 15.01920000000000
1 59114U          19303.39097222  .00000000  00000-0  00000-0 0 00000
2 59114 097.6160 192.456  0000000 000.0000 019.9290 15.01920000000000
1 59114U          19303.69791667  .00000000  00000-0  00000-0 0 00000
2 59114 097.6160 192.759  0000000 000.0000 237.4290 15.01920000000000
1 59114U          19304.06388889  .00000000  00000-0  00000-0 0 00000
2 59114 097.6150 193.120  0000000 000.0000 053.6780 15.01920000000000
1 59114U          19304.30694444  .00000000  00000-0  00000-0 0 00000
2 59114 097.6150 193.359  0000000 000.0000 286.1780 15.01920000000000
1 59114U          19304.71666667  .00000000  00000-0  00000-0 0 00000
2 59114 097.6140 193.763  0000000 000.0000 338.6780 15.01920000000000
1 59114U          19304.95486111  .00000000  00000-0  00000-0 0 00000
2 59114 097.6130 193.998  0000000 000.0000 184.9280 15.01920000000000
1 59114U          19305.32986111  .00000000  00000-0  00000-0 0 00000
2 59114 097.6130 194.367  0000000 000.0000 049.9280 15.01920000000000
1 59114U          19305.66319444  .00000000  00000-0  00000-0 0 00000
2 59114 097.6120 194.696  0000000 000.0000 049.9280 15.01920000000000
1 59114U          19306.03750000  .00000000  00000-0  00000-0 0 00000
2 59114 097.6110 195.065  0000000 000.0000 271.1780 15.01920000000000
1 59114U          19306.26319444  .00000000  00000-0  00000-0 0 00000
2 59114 097.6110 195.287  0000000 000.0000 049.9270 15.01920000000000
1 59114U          19306.61597222  .00000000  00000-0  00000-0 0 00000
2 59114 097.6100 195.635  0000000 000.0000 154.9270 15.01920000000000
1 59114U          19307.05277778  .00000000  00000-0  00000-0 0 00000
2 59114 097.6100 196.065  0000000 000.0000 353.6770 15.01920000000000
1 59114U          19307.33750000  .00000000  00000-0  00000-0 0 00000
2 59114 097.6090 196.346  0000000 000.0000 091.1770 15.01920000000000
1 59114U          19307.66180556  .00000000  00000-0  00000-0 0 00000
2 59114 097.6090 196.665  0000000 000.0000 042.4270 15.01920000000000
1 59114U          19308.06875000  .00000000  00000-0  00000-0 0 00000
2 59114 097.6080 197.067  0000000 000.0000 079.9270 15.01920000000000
1 59114U          19308.25277778  .00000000  00000-0  00000-0 0 00000
2 59114 097.6080 197.248  0000000 000.0000 353.6760 15.01920000000000
1 59114U          19308.59305556  .00000000  00000-0  00000-0 0 00000
2 59114 097.6070 197.583  0000000 000.0000 031.1760 15.01920000000000
1 59114U          19309.04513889  .00000000  00000-0  00000-0 0 00000
2 59114 097.6060 198.029  0000000 000.0000 312.4260 15.01920000000000
1 59114U          19309.26180556  .00000000  00000-0  00000-0 0 00000
2 59114 097.6060 198.242  0000000 000.0000 042.4260 15.01920000000000
1 59114U          19309.74722222  .00000000  00000-0  00000-0 0 00000
2 59114 097.6050 198.721  0000000 000.0000 143.6760 15.01920000000000
1 59114U          19309.94027778  .00000000  00000-0  00000-0 0 00000
2 59114 097.6050 198.911  0000000 000.0000 106.1760 15.01920000000000
1 59114U          19310.40555556  .00000000  00000-0  00000-0 0 00000
2 59114 097.6040 199.370  0000000 000.0000 098.6750 15.01920000000000
1 59114U          19310.60486111  .00000000  00000-0  00000-0 0 00000
2 59114 097.6030 199.566  0000000 000.0000 094.9250 15.01920000000000
1 59114U          19310.92222222  .00000000  00000-0  00000-0 0 00000
2 59114 097.6030 199.879  0000000 000.0000 008.6750 15.01920000000000
1 59114U          19311.25486111  .00000000  00000-0  00000-0 0 00000
2 59114 097.6020 200.207  0000000 000.0000 004.9250 15.01920000000000
1 59114U          19311.72847222  .00000000  00000-0  00000-0 0 00000
2 59114 097.6010 200.673  0000000 000.0000 042.4240 15.01920000000000
1 59114U          19311.89583333  .00000000  00000-0  00000-0 0 00000
2 59114 097.6010 200.838  0000000 000.0000 226.1740 15.01914300000000
1 59114U          19312.15069444  .00000000  00000-0  00000-0 0 00000
2 59114 097.6010 201.089  0000000 000.0000 162.4240 15.01914300000000
1 59114U          19312.49166667  .00000000  00000-0  00000-0 0 00000
2 59114 097.6000 201.425  0000000 000.0000 203.6740 15.01914300000000
1 59114U          19312.86180556  .00000000  00000-0  00000-0 0 00000
2 59114 097.5990 201.790  0000000 000.0000 042.4240 15.01914300000000
1 59114U          19313.23541667  .00000000  00000-0  00000-0 0 00000
2 59114 097.5990 202.158  0000000 000.0000 259.9230 15.01914300000000
1 59114U          19313.62569444  .00000000  00000-0  00000-0 0 00000
2 59114 097.5980 202.543  0000000 000.0000 207.4230 15.01914300000000
1 59114U          19313.81250000  .00000000  00000-0  00000-0 0 00000
2 59114 097.5980 202.727  0000000 000.0000 136.1730 15.01914300000000
1 59114U          19314.27777778  .00000000  00000-0  00000-0 0 00000
2 59114 097.5970 203.186  0000000 000.0000 128.6730 15.01914300000000
1 59114U          19314.56180556  .00000000  00000-0  00000-0 0 00000
2 59114 097.5970 203.466  0000000 000.0000 222.4230 15.01914300000000
1 59114U          19314.81319444  .00000000  00000-0  00000-0 0 00000
2 59114 097.5960 203.713  0000000 000.0000 139.9220 15.01914300000000
1 59114U          19315.15069444  .00000000  00000-0  00000-0 0 00000
2 59114 097.5960 204.046  0000000 000.0000 162.4220 15.01914300000000
1 59114U          19315.54305556  .00000000  00000-0  00000-0 0 00000
2 59114 097.5950 204.433  0000000 000.0000 121.1720 15.01914300000000
1 59114U          19315.83194444  .00000000  00000-0  00000-0 0 00000
2 59114 097.5940 204.717  0000000 000.0000 241.1720 15.01914300000000
1 59114U          19316.22569444  .00000000  00000-0  00000-0 0 00000
2 59114 097.5940 205.105  0000000 000.0000 207.4210 15.01914300000000
1 59114U          19316.54930556  .00000000  00000-0  00000-0 0 00000
2 59114 097.5930 205.424  0000000 000.0000 154.9210 15.01914300000000
1 59114U          19316.85555556  .00000000  00000-0  00000-0 0 00000
2 59114 097.5930 205.726  0000000 000.0000 008.6710 15.01914300000000
1 59114U          19317.23194444  .00000000  00000-0  00000-0 0 00000
2 59114 097.5920 206.097  0000000 000.0000 241.1700 15.01914300000000
1 59114U          19317.64375000  .00000000  00000-0  00000-0 0 00000
2 59114 097.5910 206.503  0000000 000.0000 304.9200 15.01914300000000
1 59114U          19317.85625000  .00000000  00000-0  00000-0 0 00000
2 59114 097.5910 206.712  0000000 000.0000 012.4200 15.01914300000000
1 59114U          19318.17083333  .00000000  00000-0  00000-0 0 00000
2 59114 097.5900 207.022  0000000 000.0000 271.1700 15.01914300000000
1 59114U          19318.48402778  .00000000  00000-0  00000-0 0 00000
2 59114 097.5900 207.331  0000000 000.0000 162.4190 15.01914300000000
1 59114U          19318.89583333  .00000000  00000-0  00000-0 0 00000
2 59114 097.5890 207.737  0000000 000.0000 226.1690 15.01914300000000
1 59114U          19318.92083333  .00000000  00000-0  00000-0 0 00000
2 59114 097.5890 207.761  0000000 000.0000 001.1690 15.01914300000000
1 59114U          19319.27222222  .00000000  00000-0  00000-0 0 00000
2 59114 097.5890 208.108  0000000 000.0000 098.6690 15.01914300000000
1 59114U          19319.63333333  .00000000  00000-0  00000-0 0 00000
2 59114 097.5880 208.464  0000000 000.0000 248.6680 15.01914300000000
1 59114U          19319.96250000  .00000000  00000-0  00000-0 0 00000
2 59114 097.5880 208.788  0000000 000.0000 226.1680 15.01914300000000
1 59114U          19320.16458333  .00000000  00000-0  00000-0 0 00000
2 59114 097.5870 208.987  0000000 000.0000 237.4180 15.01914300000000
1 59114U          19320.57430556  .00000000  00000-0  00000-0 0 00000
2 59114 097.5870 209.391  0000000 000.0000 289.9180 15.01914300000000
1 59114U          19320.83263889  .00000000  00000-0  00000-0 0 00000
2 59114 097.5860 209.645  0000000 000.0000 244.9170 15.01914300000000
1 59114U          19321.27847222  .00000000  00000-0  00000-0 0 00000
2 59114 097.5850 210.085  0000000 000.0000 132.4170 15.01914300000000
1 59114U          19321.62847222  .00000000  00000-0  00000-0 0 00000
2 59114 097.5850 210.430  0000000 000.0000 222.4170 15.01914300000000
1 59114U          19321.94583333  .00000000  00000-0  00000-0 0 00000
2 59114 097.5840 210.742  0000000 000.0000 136.1660 15.01914300000000
1 59114U          19322.30902778  .00000000  00000-0  00000-0 0 00000
2 59114 097.5840 211.100  0000000 000.0000 297.4160 15.01914300000000
1 59114U          19322.54722222  .00000000  00000-0  00000-0 0 00000
2 59114 097.5830 211.335  0000000 000.0000 143.6660 15.01914300000000
1 59114U          19322.86805556  .00000000  00000-0  00000-0 0 00000
2 59114 097.5830 211.651  0000000 000.0000 076.1660 15.01914300000000
1 59114U          19323.23888889  .00000000  00000-0  00000-0 0 00000
2 59114 097.5820 212.017  0000000 000.0000 278.6650 15.01914300000000
1 59114U          19323.49444444  .00000000  00000-0  00000-0 0 00000
2 59114 097.5820 212.269  0000000 000.0000 218.6650 15.01914300000000
1 59114U          19323.83958333  .00000000  00000-0  00000-0 0 00000
2 59114 097.5810 212.609  0000000 000.0000 282.4150 15.01914300000000
1 59114U          19324.18402778  .00000000  00000-0  00000-0 0 00000
2 59114 097.5810 212.948  0000000 000.0000 342.4140 15.01914300000000
1 59114U          19324.52777778  .00000000  00000-0  00000-0 0 00000
2 59114 097.5800 213.287  0000000 000.0000 038.6640 15.01914300000000
1 59114U          19324.94930556  .00000000  00000-0  00000-0 0 00000
2 59114 097.5800 213.702  0000000 000.0000 154.9130 15.01914300000000
1 59114U          19325.27291667  .00000000  00000-0  00000-0 0 00000
2 59114 097.5790 214.021  0000000 000.0000 102.4130 15.01914300000000
1 59114U          19325.50277778  .00000000  00000-0  00000-0 0 00000
2 59114 097.5790 214.248  0000000 000.0000 263.6630 15.01914300000000
1 59114U          19325.89583333  .00000000  00000-0  00000-0 0 00000
2 59114 097.5780 214.635  0000000 000.0000 226.1630 15.01914300000000
1 59114U          19325.89583333  .00000000  00000-0  00000-0 0 00000
2 59114 097.5780 214.635  0000000 000.0000 226.1630 15.01914300000000
1 59114U          19326.15277778  .00000000  00000-0  00000-0 0 00000
2 59114 097.5780 214.888  0000000 000.0000 173.6620 15.01914300000000
1 59114U          19326.52708333  .00000000  00000-0  00000-0 0 00000
2 59114 097.5770 215.257  0000000 000.0000 034.9120 15.01914300000000
1 59114U          19326.97777778  .00000000  00000-0  00000-0 0 00000
2 59114 097.5770 215.701  0000000 000.0000 308.6610 15.01914300000000
1 59114U          19327.29513889  .00000000  00000-0  00000-0 0 00000
2 59114 097.5760 216.014  0000000 000.0000 222.4110 15.01914300000000
1 59114U          19327.51944444  .00000000  00000-0  00000-0 0 00000
2 59114 097.5760 216.235  0000000 000.0000 353.6610 15.01914300000000
1 59114U          19327.88333333  .00000000  00000-0  00000-0 0 00000
2 59114 097.5750 216.594  0000000 000.0000 158.6600 15.01914300000000
1 59114U          19328.30902778  .00000000  00000-0  00000-0 0 00000
2 59114 097.5750 217.013  0000000 000.0000 297.4100 15.01914300000000
1 59114U          19328.59722222  .00000000  00000-0  00000-0 0 00000
2 59114 097.5740 217.297  0000000 000.0000 053.6600 15.01914300000000
1 59114U          19328.84583333  .00000000  00000-0  00000-0 0 00000
2 59114 097.5740 217.542  0000000 000.0000 316.1590 15.01914300000000
1 59114U          19329.17638889  .00000000  00000-0  00000-0 0 00000
2 59114 097.5730 217.868  0000000 000.0000 301.1590 15.01914300000000
1 59114U          19329.59861111  .00000000  00000-0  00000-0 0 00000
2 59114 097.5730 218.284  0000000 000.0000 061.1590 15.01914300000000
1 59114U          19329.87916667  .00000000  00000-0  00000-0 0 00000
2 59114 097.5720 218.561  0000000 000.0000 136.1580 15.01914300000000
1 59114U          19330.19861111  .00000000  00000-0  00000-0 0 00000
2 59114 097.5720 218.875  0000000 000.0000 061.1580 15.01914300000000
1 59114U          19330.61388889  .00000000  00000-0  00000-0 0 00000
2 59114 097.5710 219.285  0000000 000.0000 143.6570 15.01914300000000
1 59114U          19330.85555556  .00000000  00000-0  00000-0 0 00000
2 59114 097.5710 219.523  0000000 000.0000 008.6570 15.01914300000000
1 59114U          19331.18541667  .00000000  00000-0  00000-0 0 00000
2 59114 097.5700 219.848  0000000 000.0000 349.9070 15.01914300000000
1 59114U          19331.61388889  .00000000  00000-0  00000-0 0 00000
2 59114 097.5700 220.270  0000000 000.0000 143.6560 15.01914300000000
1 59114U          19331.85069444  .00000000  00000-0  00000-0 0 00000
2 59114 097.5690 220.503  0000000 000.0000 342.4060 15.01914300000000
1 59114U          19332.25277778  .00000000  00000-0  00000-0 0 00000
2 59114 097.5690 220.900  0000000 000.0000 353.6550 15.01914300000000
1 59114U          19332.52569444  .00000000  00000-0  00000-0 0 00000
2 59114 097.5690 221.169  0000000 000.0000 027.4050 15.01914300000000
1 59114U          19332.84444444  .00000000  00000-0  00000-0 0 00000
2 59114 097.5680 221.483  0000000 000.0000 308.6550 15.01914300000000
