1 60283U          19281.91666667  .00000000  00000-0  00000-0 0 00000
2 60283 097.6560 171.291  0000000 000.0000 266.6790 15.01920000000000
1 60283U          19282.35486111  .00000000  00000-0  00000-0 0 00000
2 60283 097.6550 171.723  0000000 000.0000 112.9300 15.01920000000000
1 60283U          19282.72847222  .00000000  00000-0  00000-0 0 00000
2 60283 097.6540 172.092  0000000 000.0000 330.4300 15.01920000000000
1 60283U          19282.94791667  .00000000  00000-0  00000-0 0 00000
2 60283 097.6540 172.308  0000000 000.0000 075.4300 15.01920000000000
1 60283U          19283.27708333  .00000000  00000-0  00000-0 0 00000
2 60283 097.6530 172.632  0000000 000.0000 052.9300 15.01920000000000
1 60283U          19283.74513889  .00000000  00000-0  00000-0 0 00000
2 60283 097.6530 173.094  0000000 000.0000 060.4300 15.01920000000000
1 60283U          19283.99236111  .00000000  00000-0  00000-0 0 00000
2 60283 097.6520 173.337  0000000 000.0000 315.4300 15.01920000000000
1 60283U          19284.37986111  .00000000  00000-0  00000-0 0 00000
2 60283 097.6510 173.719  0000000 000.0000 247.9300 15.01920000000000
1 60283U          19284.63472222  .00000000  00000-0  00000-0 0 00000
2 60283 097.6510 173.970  0000000 000.0000 184.1800 15.01920000000000
1 60283U          19284.94375000  .00000000  00000-0  00000-0 0 00000
2 60283 097.6500 174.275  0000000 000.0000 052.9300 15.01920000000000
1 60283U          19285.27361111  .00000000  00000-0  00000-0 0 00000
2 60283 097.6500 174.600  0000000 000.0000 034.1800 15.01920000000000
1 60283U          19285.69791667  .00000000  00000-0  00000-0 0 00000
2 60283 097.6490 175.018  0000000 000.0000 165.4300 15.01920000000000
1 60283U          19286.01597222  .00000000  00000-0  00000-0 0 00000
2 60283 097.6480 175.332  0000000 000.0000 082.9300 15.01920000000000
1 60283U          19286.28402778  .00000000  00000-0  00000-0 0 00000
2 60283 097.6480 175.596  0000000 000.0000 090.4300 15.01920000000000
1 60283U          19286.70277778  .00000000  00000-0  00000-0 0 00000
2 60283 097.6470 176.009  0000000 000.0000 191.6800 15.01920000000000
1 60283U          19287.03958333  .00000000  00000-0  00000-0 0 00000
2 60283 097.6460 176.341  0000000 000.0000 210.4310 15.01920000000000
1 60283U          19287.35208333  .00000000  00000-0  00000-0 0 00000
2 60283 097.6460 176.649  0000000 000.0000 097.9310 15.01920000000000
1 60283U          19287.64583333  .00000000  00000-0  00000-0 0 00000
2 60283 097.6450 176.938  0000000 000.0000 244.1810 15.01920000000000
1 60283U          19288.03750000  .00000000  00000-0  00000-0 0 00000
2 60283 097.6450 177.324  0000000 000.0000 199.1810 15.01920000000000
1 60283U          19288.27152778  .00000000  00000-0  00000-0 0 00000
2 60283 097.6440 177.555  0000000 000.0000 022.9310 15.01920000000000
1 60283U          19288.62361111  .00000000  00000-0  00000-0 0 00000
2 60283 097.6430 177.902  0000000 000.0000 124.1810 15.01920000000000
1 60283U          19288.94375000  .00000000  00000-0  00000-0 0 00000
2 60283 097.6430 178.217  0000000 000.0000 052.9310 15.01920000000000
1 60283U          19289.39166667  .00000000  00000-0  00000-0 0 00000
2 60283 097.6420 178.659  0000000 000.0000 311.6810 15.01920000000000
1 60283U          19289.62916667  .00000000  00000-0  00000-0 0 00000
2 60283 097.6420 178.893  0000000 000.0000 154.1810 15.01920000000000
1 60283U          19289.96944444  .00000000  00000-0  00000-0 0 00000
2 60283 097.6410 179.228  0000000 000.0000 191.6810 15.01920000000000
1 60283U          19290.29097222  .00000000  00000-0  00000-0 0 00000
2 60283 097.6400 179.545  0000000 000.0000 127.9310 15.01920000000000
1 60283U          19290.64583333  .00000000  00000-0  00000-0 0 00000
2 60283 097.6400 179.895  0000000 000.0000 244.1810 15.01920000000000
1 60283U          19290.99652778  .00000000  00000-0  00000-0 0 00000
2 60283 097.6390 180.241  0000000 000.0000 337.9310 15.01920000000000
1 60283U          19291.34027778  .00000000  00000-0  00000-0 0 00000
2 60283 097.6380 180.580  0000000 000.0000 034.1810 15.01920000000000
1 60283U          19291.69583333  .00000000  00000-0  00000-0 0 00000
2 60283 097.6380 180.930  0000000 000.0000 154.1810 15.01920000000000
1 60283U          19291.95763889  .00000000  00000-0  00000-0 0 00000
2 60283 097.6370 181.188  0000000 000.0000 127.9310 15.01920000000000
1 60283U          19292.27847222  .00000000  00000-0  00000-0 0 00000
2 60283 097.6370 181.504  0000000 000.0000 060.4310 15.01920000000000
1 60283U          19292.66944444  .00000000  00000-0  00000-0 0 00000
2 60283 097.6360 181.890  0000000 000.0000 011.6810 15.01920000000000
1 60283U          19293.01666667  .00000000  00000-0  00000-0 0 00000
2 60283 097.6350 182.232  0000000 000.0000 086.6810 15.01920000000000
1 60283U          19293.37638889  .00000000  00000-0  00000-0 0 00000
2 60283 097.6350 182.586  0000000 000.0000 229.1810 15.01920000000000
1 60283U          19293.60138889  .00000000  00000-0  00000-0 0 00000
2 60283 097.6340 182.808  0000000 000.0000 004.1810 15.01920000000000
1 60283U          19294.00138889  .00000000  00000-0  00000-0 0 00000
2 60283 097.6330 183.202  0000000 000.0000 004.1810 15.01920000000000
1 60283U          19294.37013889  .00000000  00000-0  00000-0 0 00000
2 60283 097.6330 183.566  0000000 000.0000 195.4310 15.01920000000000
1 60283U          19294.64791667  .00000000  00000-0  00000-0 0 00000
2 60283 097.6320 183.840  0000000 000.0000 255.4310 15.01920000000000
1 60283U          19294.98819444  .00000000  00000-0  00000-0 0 00000
2 60283 097.6320 184.175  0000000 000.0000 292.9310 15.01920000000000
1 60283U          19295.28680556  .00000000  00000-0  00000-0 0 00000
2 60283 097.6310 184.469  0000000 000.0000 105.4310 15.01920000000000
1 60283U          19295.59583333  .00000000  00000-0  00000-0 0 00000
2 60283 097.6310 184.774  0000000 000.0000 334.1810 15.01920000000000
1 60283U          19295.97708333  .00000000  00000-0  00000-0 0 00000
2 60283 097.6300 185.150  0000000 000.0000 232.9310 15.01920000000000
1 60283U          19296.40347222  .00000000  00000-0  00000-0 0 00000
2 60283 097.6290 185.570  0000000 000.0000 015.4310 15.01920000000000
1 60283U          19296.70555556  .00000000  00000-0  00000-0 0 00000
2 60283 097.6280 185.867  0000000 000.0000 206.6800 15.01920000000000
1 60283U          19296.97777778  .00000000  00000-0  00000-0 0 00000
2 60283 097.6280 186.136  0000000 000.0000 236.6800 15.01920000000000
1 60283U          19297.39583333  .00000000  00000-0  00000-0 0 00000
2 60283 097.6270 186.548  0000000 000.0000 334.1800 15.01920000000000
1 60283U          19297.61875000  .00000000  00000-0  00000-0 0 00000
2 60283 097.6270 186.768  0000000 000.0000 097.9300 15.01920000000000
1 60283U          19298.04305556  .00000000  00000-0  00000-0 0 00000
2 60283 097.6260 187.186  0000000 000.0000 229.1800 15.01920000000000
1 60283U          19298.32083333  .00000000  00000-0  00000-0 0 00000
2 60283 097.6250 187.459  0000000 000.0000 289.1800 15.01920000000000
1 60283U          19298.61180556  .00000000  00000-0  00000-0 0 00000
2 60283 097.6250 187.746  0000000 000.0000 060.4300 15.01920000000000
1 60283U          19298.96805556  .00000000  00000-0  00000-0 0 00000
2 60283 097.6240 188.097  0000000 000.0000 184.1800 15.01920000000000
1 60283U          19299.35208333  .00000000  00000-0  00000-0 0 00000
2 60283 097.6240 188.476  0000000 000.0000 097.9300 15.01920000000000
1 60283U          19299.74722222  .00000000  00000-0  00000-0 0 00000
2 60283 097.6230 188.865  0000000 000.0000 071.6800 15.01920000000000
1 60283U          19300.08194444  .00000000  00000-0  00000-0 0 00000
2 60283 097.6220 189.195  0000000 000.0000 079.1800 15.01920000000000
1 60283U          19300.39791667  .00000000  00000-0  00000-0 0 00000
2 60283 097.6220 189.507  0000000 000.0000 345.4300 15.01920000000000
1 60283U          19300.68611111  .00000000  00000-0  00000-0 0 00000
2 60283 097.6210 189.791  0000000 000.0000 101.6800 15.01920000000000
1 60283U          19301.03125000  .00000000  00000-0  00000-0 0 00000
2 60283 097.6210 190.131  0000000 000.0000 165.4290 15.01920000000000
1 60283U          19301.38194444  .00000000  00000-0  00000-0 0 00000
2 60283 097.6200 190.476  0000000 000.0000 259.1790 15.01920000000000
1 60283U          19301.68888889  .00000000  00000-0  00000-0 0 00000
2 60283 097.6190 190.779  0000000 000.0000 116.6790 15.01920000000000
1 60283U          19302.06805556  .00000000  00000-0  00000-0 0 00000
2 60283 097.6190 191.153  0000000 000.0000 004.1790 15.01920000000000
1 60283U          19302.26944444  .00000000  00000-0  00000-0 0 00000
2 60283 097.6180 191.351  0000000 000.0000 011.6790 15.01920000000000
1 60283U          19302.71388889  .00000000  00000-0  00000-0 0 00000
2 60283 097.6170 191.789  0000000 000.0000 251.6790 15.01920000000000
1 60283U          19302.97638889  .00000000  00000-0  00000-0 0 00000
2 60283 097.6170 192.048  0000000 000.0000 229.1790 15.01920000000000
1 60283U          19303.34305556  .00000000  00000-0  00000-0 0 00000
2 60283 097.6160 192.409  0000000 000.0000 049.1790 15.01920000000000
1 60283U          19303.74375000  .00000000  00000-0  00000-0 0 00000
2 60283 097.6160 192.804  0000000 000.0000 052.9290 15.01920000000000
1 60283U          19304.02847222  .00000000  00000-0  00000-0 0 00000
2 60283 097.6150 193.085  0000000 000.0000 150.4280 15.01920000000000
1 60283U          19304.34513889  .00000000  00000-0  00000-0 0 00000
2 60283 097.6140 193.397  0000000 000.0000 060.4280 15.01920000000000
1 60283U          19304.69375000  .00000000  00000-0  00000-0 0 00000
2 60283 097.6140 193.740  0000000 000.0000 142.9280 15.01920000000000
1 60283U          19304.97013889  .00000000  00000-0  00000-0 0 00000
2 60283 097.6130 194.013  0000000 000.0000 195.4280 15.01920000000000
1 60283U          19305.38263889  .00000000  00000-0  00000-0 0 00000
2 60283 097.6130 194.419  0000000 000.0000 262.9280 15.01920000000000
1 60283U          19305.72708333  .00000000  00000-0  00000-0 0 00000
2 60283 097.6120 194.759  0000000 000.0000 322.9280 15.01920000000000
1 60283U          19305.93125000  .00000000  00000-0  00000-0 0 00000
2 60283 097.6120 194.960  0000000 000.0000 345.4280 15.01920000000000
1 60283U          19306.35000000  .00000000  00000-0  00000-0 0 00000
2 60283 097.6110 195.373  0000000 000.0000 086.6770 15.01920000000000
1 60283U          19306.64930556  .00000000  00000-0  00000-0 0 00000
2 60283 097.6100 195.668  0000000 000.0000 262.9270 15.01920000000000
1 60283U          19306.95555556  .00000000  00000-0  00000-0 0 00000
2 60283 097.6100 195.969  0000000 000.0000 116.6770 15.01920000000000
1 60283U          19307.29444444  .00000000  00000-0  00000-0 0 00000
2 60283 097.6090 196.303  0000000 000.0000 146.6770 15.01920000000000
1 60283U          19307.63750000  .00000000  00000-0  00000-0 0 00000
2 60283 097.6090 196.642  0000000 000.0000 199.1770 15.01920000000000
1 60283U          19308.02013889  .00000000  00000-0  00000-0 0 00000
2 60283 097.6080 197.019  0000000 000.0000 105.4270 15.01920000000000
1 60283U          19308.40000000  .00000000  00000-0  00000-0 0 00000
2 60283 097.6070 197.393  0000000 000.0000 356.6760 15.01920000000000
1 60283U          19308.63541667  .00000000  00000-0  00000-0 0 00000
2 60283 097.6070 197.625  0000000 000.0000 187.9260 15.01920000000000
1 60283U          19309.03194444  .00000000  00000-0  00000-0 0 00000
2 60283 097.6060 198.016  0000000 000.0000 169.1760 15.01920000000000
1 60283U          19309.37152778  .00000000  00000-0  00000-0 0 00000
2 60283 097.6060 198.350  0000000 000.0000 202.9260 15.01920000000000
1 60283U          19309.73125000  .00000000  00000-0  00000-0 0 00000
2 60283 097.6050 198.705  0000000 000.0000 345.4260 15.01920000000000
1 60283U          19310.00763889  .00000000  00000-0  00000-0 0 00000
2 60283 097.6040 198.977  0000000 000.0000 037.9250 15.01920000000000
1 60283U          19310.28402778  .00000000  00000-0  00000-0 0 00000
2 60283 097.6040 199.250  0000000 000.0000 090.4250 15.01920000000000
1 60283U          19310.70069444  .00000000  00000-0  00000-0 0 00000
2 60283 097.6030 199.660  0000000 000.0000 180.4250 15.01920000000000
1 60283U          19311.01736111  .00000000  00000-0  00000-0 0 00000
2 60283 097.6030 199.972  0000000 000.0000 090.4250 15.01920000000000
1 60283U          19311.36180556  .00000000  00000-0  00000-0 0 00000
2 60283 097.6020 200.312  0000000 000.0000 150.4250 15.01920000000000
1 60283U          19311.60694444  .00000000  00000-0  00000-0 0 00000
2 60283 097.6020 200.554  0000000 000.0000 034.1750 15.01920000000000
1 60283U          19311.89583333  .00000000  00000-0  00000-0 0 00000
2 60283 097.6010 200.838  0000000 000.0000 154.1740 15.01914300000000
1 60283U          19312.21111111  .00000000  00000-0  00000-0 0 00000
2 60283 097.6010 201.149  0000000 000.0000 056.6740 15.01914300000000
1 60283U          19312.61597222  .00000000  00000-0  00000-0 0 00000
2 60283 097.6000 201.548  0000000 000.0000 082.9240 15.01914300000000
1 60283U          19312.90486111  .00000000  00000-0  00000-0 0 00000
2 60283 097.5990 201.833  0000000 000.0000 202.9240 15.01914300000000
1 60283U          19313.27986111  .00000000  00000-0  00000-0 0 00000
2 60283 097.5990 202.202  0000000 000.0000 067.9230 15.01914300000000
1 60283U          19313.50277778  .00000000  00000-0  00000-0 0 00000
2 60283 097.5980 202.422  0000000 000.0000 191.6730 15.01914300000000
1 60283U          19313.86944444  .00000000  00000-0  00000-0 0 00000
2 60283 097.5980 202.783  0000000 000.0000 011.6730 15.01914300000000
1 60283U          19314.22916667  .00000000  00000-0  00000-0 0 00000
2 60283 097.5970 203.138  0000000 000.0000 154.1730 15.01914300000000
1 60283U          19314.60763889  .00000000  00000-0  00000-0 0 00000
2 60283 097.5960 203.511  0000000 000.0000 037.9220 15.01914300000000
1 60283U          19314.88194444  .00000000  00000-0  00000-0 0 00000
2 60283 097.5960 203.781  0000000 000.0000 079.1720 15.01914300000000
1 60283U          19315.25277778  .00000000  00000-0  00000-0 0 00000
2 60283 097.5950 204.147  0000000 000.0000 281.6720 15.01914300000000
1 60283U          19315.55208333  .00000000  00000-0  00000-0 0 00000
2 60283 097.5950 204.442  0000000 000.0000 097.9220 15.01914300000000
1 60283U          19315.94930556  .00000000  00000-0  00000-0 0 00000
2 60283 097.5940 204.833  0000000 000.0000 082.9210 15.01914300000000
1 60283U          19316.29513889  .00000000  00000-0  00000-0 0 00000
2 60283 097.5940 205.174  0000000 000.0000 150.4210 15.01914300000000
1 60283U          19316.54583333  .00000000  00000-0  00000-0 0 00000
2 60283 097.5930 205.421  0000000 000.0000 064.1710 15.01914300000000
1 60283U          19316.97013889  .00000000  00000-0  00000-0 0 00000
2 60283 097.5920 205.839  0000000 000.0000 195.4210 15.01914300000000
1 60283U          19317.24722222  .00000000  00000-0  00000-0 0 00000
2 60283 097.5920 206.112  0000000 000.0000 251.6700 15.01914300000000
1 60283U          19317.63333333  .00000000  00000-0  00000-0 0 00000
2 60283 097.5910 206.493  0000000 000.0000 176.6700 15.01914300000000
1 60283U          19317.81944444  .00000000  00000-0  00000-0 0 00000
2 60283 097.5910 206.676  0000000 000.0000 101.6700 15.01914300000000
1 60283U          19318.25416667  .00000000  00000-0  00000-0 0 00000
2 60283 097.5900 207.104  0000000 000.0000 289.1700 15.01914300000000
1 60283U          19318.63055556  .00000000  00000-0  00000-0 0 00000
2 60283 097.5900 207.475  0000000 000.0000 161.6690 15.01914300000000
1 60283U          19318.89583333  .00000000  00000-0  00000-0 0 00000
2 60283 097.5890 207.737  0000000 000.0000 154.1690 15.01914300000000
1 60283U          19318.90486111  .00000000  00000-0  00000-0 0 00000
2 60283 097.5890 207.746  0000000 000.0000 202.9190 15.01914300000000
1 60283U          19319.14791667  .00000000  00000-0  00000-0 0 00000
2 60283 097.5890 207.985  0000000 000.0000 075.4190 15.01914300000000
1 60283U          19319.52847222  .00000000  00000-0  00000-0 0 00000
2 60283 097.5880 208.360  0000000 000.0000 330.4190 15.01914300000000
1 60283U          19319.85833333  .00000000  00000-0  00000-0 0 00000
2 60283 097.5880 208.685  0000000 000.0000 311.6680 15.01914300000000
1 60283U          19320.14861111  .00000000  00000-0  00000-0 0 00000
2 60283 097.5870 208.971  0000000 000.0000 079.1680 15.01914300000000
1 60283U          19320.53819444  .00000000  00000-0  00000-0 0 00000
2 60283 097.5870 209.355  0000000 000.0000 022.9180 15.01914300000000
1 60283U          19320.95694444  .00000000  00000-0  00000-0 0 00000
2 60283 097.5860 209.768  0000000 000.0000 124.1670 15.01914300000000
1 60283U          19321.28611111  .00000000  00000-0  00000-0 0 00000
2 60283 097.5850 210.092  0000000 000.0000 101.6670 15.01914300000000
1 60283U          19321.63680556  .00000000  00000-0  00000-0 0 00000
2 60283 097.5850 210.438  0000000 000.0000 195.4170 15.01914300000000
1 60283U          19321.89791667  .00000000  00000-0  00000-0 0 00000
2 60283 097.5840 210.695  0000000 000.0000 165.4160 15.01914300000000
1 60283U          19322.27777778  .00000000  00000-0  00000-0 0 00000
2 60283 097.5840 211.070  0000000 000.0000 056.6660 15.01914300000000
1 60283U          19322.58888889  .00000000  00000-0  00000-0 0 00000
2 60283 097.5830 211.376  0000000 000.0000 296.6660 15.01914300000000
1 60283U          19322.87083333  .00000000  00000-0  00000-0 0 00000
2 60283 097.5830 211.654  0000000 000.0000 019.1660 15.01914300000000
1 60283U          19323.30486111  .00000000  00000-0  00000-0 0 00000
2 60283 097.5820 212.082  0000000 000.0000 202.9150 15.01914300000000
1 60283U          19323.53680556  .00000000  00000-0  00000-0 0 00000
2 60283 097.5820 212.310  0000000 000.0000 015.4150 15.01914300000000
1 60283U          19323.86805556  .00000000  00000-0  00000-0 0 00000
2 60283 097.5810 212.637  0000000 000.0000 004.1650 15.01914300000000
1 60283U          19324.20000000  .00000000  00000-0  00000-0 0 00000
2 60283 097.5810 212.964  0000000 000.0000 356.6640 15.01914300000000
1 60283U          19324.49652778  .00000000  00000-0  00000-0 0 00000
2 60283 097.5800 213.256  0000000 000.0000 157.9140 15.01914300000000
1 60283U          19324.94097222  .00000000  00000-0  00000-0 0 00000
2 60283 097.5800 213.694  0000000 000.0000 037.9140 15.01914300000000
1 60283U          19325.18194444  .00000000  00000-0  00000-0 0 00000
2 60283 097.5790 213.932  0000000 000.0000 259.1630 15.01914300000000
1 60283U          19325.50902778  .00000000  00000-0  00000-0 0 00000
2 60283 097.5790 214.254  0000000 000.0000 225.4130 15.01914300000000
1 60283U          19325.89583333  .00000000  00000-0  00000-0 0 00000
2 60283 097.5780 214.635  0000000 000.0000 154.1630 15.01914300000000
1 60283U          19325.92500000  .00000000  00000-0  00000-0 0 00000
2 60283 097.5780 214.664  0000000 000.0000 311.6620 15.01914300000000
1 60283U          19326.17916667  .00000000  00000-0  00000-0 0 00000
2 60283 097.5780 214.914  0000000 000.0000 244.1620 15.01914300000000
1 60283U          19326.48611111  .00000000  00000-0  00000-0 0 00000
2 60283 097.5770 215.217  0000000 000.0000 101.6620 15.01914300000000
1 60283U          19326.94791667  .00000000  00000-0  00000-0 0 00000
2 60283 097.5770 215.672  0000000 000.0000 075.4110 15.01914300000000
1 60283U          19327.19236111  .00000000  00000-0  00000-0 0 00000
2 60283 097.5760 215.913  0000000 000.0000 315.4110 15.01914300000000
1 60283U          19327.60694444  .00000000  00000-0  00000-0 0 00000
2 60283 097.5760 216.321  0000000 000.0000 034.1610 15.01914300000000
1 60283U          19327.88541667  .00000000  00000-0  00000-0 0 00000
2 60283 097.5750 216.596  0000000 000.0000 097.9100 15.01914300000000
1 60283U          19328.21180556  .00000000  00000-0  00000-0 0 00000
2 60283 097.5750 216.917  0000000 000.0000 060.4100 15.01914300000000
1 60283U          19328.64097222  .00000000  00000-0  00000-0 0 00000
2 60283 097.5740 217.340  0000000 000.0000 217.9100 15.01914300000000
1 60283U          19328.89236111  .00000000  00000-0  00000-0 0 00000
2 60283 097.5740 217.588  0000000 000.0000 135.4090 15.01914300000000
1 60283U          19329.26250000  .00000000  00000-0  00000-0 0 00000
2 60283 097.5730 217.953  0000000 000.0000 334.1590 15.01914300000000
1 60283U          19329.50833333  .00000000  00000-0  00000-0 0 00000
2 60283 097.5730 218.195  0000000 000.0000 221.6590 15.01914300000000
1 60283U          19329.92916667  .00000000  00000-0  00000-0 0 00000
2 60283 097.5720 218.610  0000000 000.0000 334.1580 15.01914300000000
1 60283U          19330.21041667  .00000000  00000-0  00000-0 0 00000
2 60283 097.5720 218.887  0000000 000.0000 052.9080 15.01914300000000
1 60283U          19330.55555556  .00000000  00000-0  00000-0 0 00000
2 60283 097.5710 219.227  0000000 000.0000 116.6570 15.01914300000000
1 60283U          19330.83333333  .00000000  00000-0  00000-0 0 00000
2 60283 097.5710 219.501  0000000 000.0000 176.6570 15.01914300000000
1 60283U          19331.14583333  .00000000  00000-0  00000-0 0 00000
2 60283 097.5700 219.809  0000000 000.0000 064.1570 15.01914300000000
1 60283U          19331.52638889  .00000000  00000-0  00000-0 0 00000
2 60283 097.5700 220.184  0000000 000.0000 319.1560 15.01914300000000
1 60283U          19331.81250000  .00000000  00000-0  00000-0 0 00000
2 60283 097.5700 220.466  0000000 000.0000 064.1560 15.01914300000000
1 60283U          19332.22291667  .00000000  00000-0  00000-0 0 00000
2 60283 097.5690 220.870  0000000 000.0000 120.4050 15.01914300000000
1 60283U          19332.61111111  .00000000  00000-0  00000-0 0 00000
2 60283 097.5680 221.253  0000000 000.0000 056.6550 15.01914300000000
1 60283U          19332.88402778  .00000000  00000-0  00000-0 0 00000
2 60283 097.5680 221.522  0000000 000.0000 090.4050 15.01914300000000
