1 63646U          19281.94236111  .00000000  00000-0  00000-0 0 00000
2 63646 097.7340 119.881  0000000 000.0000 014.5190 15.01920000000000
1 63646U          19282.40347222  .00000000  00000-0  00000-0 0 00000
2 63646 097.7330 120.336  0000000 000.0000 344.5200 15.01920000000000
1 63646U          19282.67083333  .00000000  00000-0  00000-0 0 00000
2 63646 097.7330 120.599  0000000 000.0000 348.2700 15.01920000000000
1 63646U          19282.98333333  .00000000  00000-0  00000-0 0 00000
2 63646 097.7330 120.907  0000000 000.0000 235.7710 15.01920000000000
1 63646U          19283.27430556  .00000000  00000-0  00000-0 0 00000
2 63646 097.7320 121.194  0000000 000.0000 007.0210 15.01920000000000
1 63646U          19283.66944444  .00000000  00000-0  00000-0 0 00000
2 63646 097.7320 121.584  0000000 000.0000 340.7720 15.01920000000000
1 63646U          19284.01666667  .00000000  00000-0  00000-0 0 00000
2 63646 097.7320 121.926  0000000 000.0000 055.7730 15.01920000000000
1 63646U          19284.35347222  .00000000  00000-0  00000-0 0 00000
2 63646 097.7310 122.258  0000000 000.0000 074.5230 15.01920000000000
1 63646U          19284.65694444  .00000000  00000-0  00000-0 0 00000
2 63646 097.7310 122.557  0000000 000.0000 273.2740 15.01920000000000
1 63646U          19285.00833333  .00000000  00000-0  00000-0 0 00000
2 63646 097.7310 122.904  0000000 000.0000 010.7740 15.01920000000000
1 63646U          19285.30972222  .00000000  00000-0  00000-0 0 00000
2 63646 097.7300 123.201  0000000 000.0000 198.2750 15.01920000000000
1 63646U          19285.73194444  .00000000  00000-0  00000-0 0 00000
2 63646 097.7300 123.617  0000000 000.0000 318.2750 15.01920000000000
1 63646U          19285.96111111  .00000000  00000-0  00000-0 0 00000
2 63646 097.7300 123.843  0000000 000.0000 115.7760 15.01920000000000
1 63646U          19286.27638889  .00000000  00000-0  00000-0 0 00000
2 63646 097.7290 124.154  0000000 000.0000 018.2760 15.01920000000000
1 63646U          19286.74861111  .00000000  00000-0  00000-0 0 00000
2 63646 097.7290 124.619  0000000 000.0000 048.2770 15.01920000000000
1 63646U          19287.02638889  .00000000  00000-0  00000-0 0 00000
2 63646 097.7280 124.893  0000000 000.0000 108.2770 15.01920000000000
1 63646U          19287.31527778  .00000000  00000-0  00000-0 0 00000
2 63646 097.7280 125.178  0000000 000.0000 228.2780 15.01920000000000
1 63646U          19287.70555556  .00000000  00000-0  00000-0 0 00000
2 63646 097.7280 125.563  0000000 000.0000 175.7790 15.01920000000000
1 63646U          19288.02152778  .00000000  00000-0  00000-0 0 00000
2 63646 097.7270 125.874  0000000 000.0000 082.0290 15.01920000000000
1 63646U          19288.29861111  .00000000  00000-0  00000-0 0 00000
2 63646 097.7270 126.147  0000000 000.0000 138.2790 15.01920000000000
1 63646U          19288.59027778  .00000000  00000-0  00000-0 0 00000
2 63646 097.7270 126.435  0000000 000.0000 273.2800 15.01920000000000
1 63646U          19288.99444444  .00000000  00000-0  00000-0 0 00000
2 63646 097.7260 126.833  0000000 000.0000 295.7810 15.01920000000000
1 63646U          19289.26319444  .00000000  00000-0  00000-0 0 00000
2 63646 097.7260 127.098  0000000 000.0000 307.0310 15.01920000000000
1 63646U          19289.60208333  .00000000  00000-0  00000-0 0 00000
2 63646 097.7260 127.432  0000000 000.0000 337.0310 15.01920000000000
1 63646U          19290.04722222  .00000000  00000-0  00000-0 0 00000
2 63646 097.7250 127.871  0000000 000.0000 220.7820 15.01920000000000
1 63646U          19290.40416667  .00000000  00000-0  00000-0 0 00000
2 63646 097.7250 128.223  0000000 000.0000 348.2830 15.01920000000000
1 63646U          19290.58888889  .00000000  00000-0  00000-0 0 00000
2 63646 097.7240 128.405  0000000 000.0000 265.7830 15.01920000000000
1 63646U          19290.99722222  .00000000  00000-0  00000-0 0 00000
2 63646 097.7240 128.808  0000000 000.0000 310.7840 15.01920000000000
1 63646U          19291.41041667  .00000000  00000-0  00000-0 0 00000
2 63646 097.7240 129.215  0000000 000.0000 022.0340 15.01920000000000
1 63646U          19291.66041667  .00000000  00000-0  00000-0 0 00000
2 63646 097.7230 129.461  0000000 000.0000 292.0350 15.01920000000000
1 63646U          19292.03958333  .00000000  00000-0  00000-0 0 00000
2 63646 097.7230 129.835  0000000 000.0000 179.5350 15.01920000000000
1 63646U          19292.40347222  .00000000  00000-0  00000-0 0 00000
2 63646 097.7220 130.194  0000000 000.0000 344.5360 15.01920000000000
1 63646U          19292.59722222  .00000000  00000-0  00000-0 0 00000
2 63646 097.7220 130.385  0000000 000.0000 310.7860 15.01920000000000
1 63646U          19292.99583333  .00000000  00000-0  00000-0 0 00000
2 63646 097.7220 130.778  0000000 000.0000 303.2860 15.01920000000000
1 63646U          19293.27708333  .00000000  00000-0  00000-0 0 00000
2 63646 097.7210 131.055  0000000 000.0000 022.0370 15.01920000000000
1 63646U          19293.65625000  .00000000  00000-0  00000-0 0 00000
2 63646 097.7210 131.429  0000000 000.0000 269.5370 15.01920000000000
1 63646U          19293.95138889  .00000000  00000-0  00000-0 0 00000
2 63646 097.7200 131.720  0000000 000.0000 063.2880 15.01920000000000
1 63646U          19294.32916667  .00000000  00000-0  00000-0 0 00000
2 63646 097.7200 132.092  0000000 000.0000 303.2880 15.01920000000000
1 63646U          19294.69444444  .00000000  00000-0  00000-0 0 00000
2 63646 097.7190 132.452  0000000 000.0000 115.7890 15.01920000000000
1 63646U          19295.05347222  .00000000  00000-0  00000-0 0 00000
2 63646 097.7190 132.806  0000000 000.0000 254.5390 15.01920000000000
1 63646U          19295.31388889  .00000000  00000-0  00000-0 0 00000
2 63646 097.7190 133.063  0000000 000.0000 220.7900 15.01920000000000
1 63646U          19295.59652778  .00000000  00000-0  00000-0 0 00000
2 63646 097.7180 133.342  0000000 000.0000 307.0400 15.01920000000000
1 63646U          19295.99583333  .00000000  00000-0  00000-0 0 00000
2 63646 097.7180 133.735  0000000 000.0000 303.2910 15.01920000000000
1 63646U          19296.37361111  .00000000  00000-0  00000-0 0 00000
2 63646 097.7170 134.108  0000000 000.0000 183.2910 15.01920000000000
1 63646U          19296.72152778  .00000000  00000-0  00000-0 0 00000
2 63646 097.7170 134.451  0000000 000.0000 262.0420 15.01920000000000
1 63646U          19296.99722222  .00000000  00000-0  00000-0 0 00000
2 63646 097.7170 134.722  0000000 000.0000 310.7920 15.01920000000000
1 63646U          19297.25625000  .00000000  00000-0  00000-0 0 00000
2 63646 097.7160 134.978  0000000 000.0000 269.5420 15.01920000000000
1 63646U          19297.66805556  .00000000  00000-0  00000-0 0 00000
2 63646 097.7160 135.384  0000000 000.0000 333.2930 15.01920000000000
1 63646U          19297.98819444  .00000000  00000-0  00000-0 0 00000
2 63646 097.7150 135.699  0000000 000.0000 262.0430 15.01920000000000
1 63646U          19298.29444444  .00000000  00000-0  00000-0 0 00000
2 63646 097.7150 136.001  0000000 000.0000 115.7940 15.01920000000000
1 63646U          19298.67569444  .00000000  00000-0  00000-0 0 00000
2 63646 097.7140 136.377  0000000 000.0000 014.5440 15.01920000000000
1 63646U          19299.00138889  .00000000  00000-0  00000-0 0 00000
2 63646 097.7140 136.698  0000000 000.0000 333.2950 15.01920000000000
1 63646U          19299.40277778  .00000000  00000-0  00000-0 0 00000
2 63646 097.7130 137.094  0000000 000.0000 340.7950 15.01920000000000
1 63646U          19299.67083333  .00000000  00000-0  00000-0 0 00000
2 63646 097.7130 137.358  0000000 000.0000 348.2960 15.01920000000000
1 63646U          19300.05277778  .00000000  00000-0  00000-0 0 00000
2 63646 097.7120 137.734  0000000 000.0000 250.7960 15.01920000000000
1 63646U          19300.35555556  .00000000  00000-0  00000-0 0 00000
2 63646 097.7120 138.033  0000000 000.0000 085.7970 15.01920000000000
1 63646U          19300.59375000  .00000000  00000-0  00000-0 0 00000
2 63646 097.7120 138.268  0000000 000.0000 292.0470 15.01920000000000
1 63646U          19300.92500000  .00000000  00000-0  00000-0 0 00000
2 63646 097.7110 138.594  0000000 000.0000 280.7970 15.01920000000000
1 63646U          19301.38055556  .00000000  00000-0  00000-0 0 00000
2 63646 097.7110 139.043  0000000 000.0000 220.7980 15.01920000000000
1 63646U          19301.60138889  .00000000  00000-0  00000-0 0 00000
2 63646 097.7100 139.261  0000000 000.0000 333.2980 15.01920000000000
1 63646U          19301.95000000  .00000000  00000-0  00000-0 0 00000
2 63646 097.7100 139.605  0000000 000.0000 055.7990 15.01920000000000
1 63646U          19302.37638889  .00000000  00000-0  00000-0 0 00000
2 63646 097.7090 140.025  0000000 000.0000 198.2990 15.01920000000000
1 63646U          19302.68125000  .00000000  00000-0  00000-0 0 00000
2 63646 097.7090 140.325  0000000 000.0000 044.5490 15.01920000000000
1 63646U          19302.92638889  .00000000  00000-0  00000-0 0 00000
2 63646 097.7080 140.567  0000000 000.0000 288.3000 15.01920000000000
1 63646U          19303.25347222  .00000000  00000-0  00000-0 0 00000
2 63646 097.7080 140.890  0000000 000.0000 254.5500 15.01920000000000
1 63646U          19303.70208333  .00000000  00000-0  00000-0 0 00000
2 63646 097.7070 141.332  0000000 000.0000 157.0510 15.01920000000000
1 63646U          19304.05902778  .00000000  00000-0  00000-0 0 00000
2 63646 097.7070 141.684  0000000 000.0000 284.5510 15.01920000000000
1 63646U          19304.37500000  .00000000  00000-0  00000-0 0 00000
2 63646 097.7060 141.995  0000000 000.0000 190.8020 15.01920000000000
1 63646U          19304.68472222  .00000000  00000-0  00000-0 0 00000
2 63646 097.7060 142.300  0000000 000.0000 063.3020 15.01920000000000
1 63646U          19304.95208333  .00000000  00000-0  00000-0 0 00000
2 63646 097.7050 142.564  0000000 000.0000 067.0520 15.01920000000000
1 63646U          19305.33472222  .00000000  00000-0  00000-0 0 00000
2 63646 097.7050 142.941  0000000 000.0000 333.3030 15.01920000000000
1 63646U          19305.72847222  .00000000  00000-0  00000-0 0 00000
2 63646 097.7040 143.329  0000000 000.0000 299.5530 15.01920000000000
1 63646U          19306.07847222  .00000000  00000-0  00000-0 0 00000
2 63646 097.7040 143.674  0000000 000.0000 029.5540 15.01920000000000
1 63646U          19306.37638889  .00000000  00000-0  00000-0 0 00000
2 63646 097.7030 143.968  0000000 000.0000 198.3040 15.01920000000000
1 63646U          19306.64097222  .00000000  00000-0  00000-0 0 00000
2 63646 097.7030 144.229  0000000 000.0000 187.0540 15.01920000000000
1 63646U          19306.92500000  .00000000  00000-0  00000-0 0 00000
2 63646 097.7020 144.509  0000000 000.0000 280.8040 15.01920000000000
1 63646U          19307.32083333  .00000000  00000-0  00000-0 0 00000
2 63646 097.7020 144.899  0000000 000.0000 258.3050 15.01920000000000
1 63646U          19307.60000000  .00000000  00000-0  00000-0 0 00000
2 63646 097.7010 145.174  0000000 000.0000 325.8050 15.01920000000000
1 63646U          19307.94583333  .00000000  00000-0  00000-0 0 00000
2 63646 097.7010 145.515  0000000 000.0000 033.3060 15.01920000000000
1 63646U          19308.28750000  .00000000  00000-0  00000-0 0 00000
2 63646 097.7000 145.852  0000000 000.0000 078.3060 15.01920000000000
1 63646U          19308.70972222  .00000000  00000-0  00000-0 0 00000
2 63646 097.7000 146.268  0000000 000.0000 198.3060 15.01920000000000
1 63646U          19309.01597222  .00000000  00000-0  00000-0 0 00000
2 63646 097.6990 146.570  0000000 000.0000 052.0570 15.01920000000000
1 63646U          19309.34930556  .00000000  00000-0  00000-0 0 00000
2 63646 097.6990 146.899  0000000 000.0000 052.0570 15.01920000000000
1 63646U          19309.74583333  .00000000  00000-0  00000-0 0 00000
2 63646 097.6980 147.289  0000000 000.0000 033.3080 15.01920000000000
1 63646U          19309.96805556  .00000000  00000-0  00000-0 0 00000
2 63646 097.6980 147.508  0000000 000.0000 153.3080 15.01920000000000
1 63646U          19310.26111111  .00000000  00000-0  00000-0 0 00000
2 63646 097.6970 147.797  0000000 000.0000 295.8080 15.01920000000000
1 63646U          19310.62569444  .00000000  00000-0  00000-0 0 00000
2 63646 097.6970 148.157  0000000 000.0000 104.5580 15.01920000000000
1 63646U          19310.96319444  .00000000  00000-0  00000-0 0 00000
2 63646 097.6960 148.489  0000000 000.0000 127.0590 15.01920000000000
1 63646U          19311.36180556  .00000000  00000-0  00000-0 0 00000
2 63646 097.6950 148.882  0000000 000.0000 119.5590 15.01920000000000
1 63646U          19311.66805556  .00000000  00000-0  00000-0 0 00000
2 63646 097.6950 149.184  0000000 000.0000 333.3090 15.01920000000000
1 63646U          19311.94791667  .00000000  00000-0  00000-0 0 00000
2 63646 097.6950 149.460  0000000 000.0000 044.5600 15.01914300000000
1 63646U          19312.30208333  .00000000  00000-0  00000-0 0 00000
2 63646 097.6940 149.809  0000000 000.0000 157.0600 15.01914300000000
1 63646U          19312.51250000  .00000000  00000-0  00000-0 0 00000
2 63646 097.6940 150.017  0000000 000.0000 213.3100 15.01914300000000
1 63646U          19312.86319444  .00000000  00000-0  00000-0 0 00000
2 63646 097.6930 150.362  0000000 000.0000 307.0610 15.01914300000000
1 63646U          19313.18333333  .00000000  00000-0  00000-0 0 00000
2 63646 097.6930 150.678  0000000 000.0000 235.8110 15.01914300000000
1 63646U          19313.61319444  .00000000  00000-0  00000-0 0 00000
2 63646 097.6920 151.102  0000000 000.0000 037.0610 15.01914300000000
1 63646U          19313.97847222  .00000000  00000-0  00000-0 0 00000
2 63646 097.6910 151.462  0000000 000.0000 209.5620 15.01914300000000
1 63646U          19314.28055556  .00000000  00000-0  00000-0 0 00000
2 63646 097.6910 151.759  0000000 000.0000 040.8120 15.01914300000000
1 63646U          19314.49791667  .00000000  00000-0  00000-0 0 00000
2 63646 097.6900 151.974  0000000 000.0000 134.5620 15.01914300000000
1 63646U          19314.90138889  .00000000  00000-0  00000-0 0 00000
2 63646 097.6900 152.371  0000000 000.0000 153.3130 15.01914300000000
1 63646U          19315.30694444  .00000000  00000-0  00000-0 0 00000
2 63646 097.6890 152.771  0000000 000.0000 183.3130 15.01914300000000
1 63646U          19315.54583333  .00000000  00000-0  00000-0 0 00000
2 63646 097.6890 153.007  0000000 000.0000 033.3130 15.01914300000000
1 63646U          19315.97500000  .00000000  00000-0  00000-0 0 00000
2 63646 097.6880 153.430  0000000 000.0000 190.8130 15.01914300000000
1 63646U          19316.16944444  .00000000  00000-0  00000-0 0 00000
2 63646 097.6880 153.621  0000000 000.0000 160.8140 15.01914300000000
1 63646U          19316.61875000  .00000000  00000-0  00000-0 0 00000
2 63646 097.6870 154.064  0000000 000.0000 067.0640 15.01914300000000
1 63646U          19316.81736111  .00000000  00000-0  00000-0 0 00000
2 63646 097.6870 154.260  0000000 000.0000 059.5640 15.01914300000000
1 63646U          19317.27222222  .00000000  00000-0  00000-0 0 00000
2 63646 097.6860 154.708  0000000 000.0000 355.8150 15.01914300000000
1 63646U          19317.50138889  .00000000  00000-0  00000-0 0 00000
2 63646 097.6850 154.934  0000000 000.0000 153.3150 15.01914300000000
1 63646U          19317.87569444  .00000000  00000-0  00000-0 0 00000
2 63646 097.6850 155.303  0000000 000.0000 014.5650 15.01914300000000
1 63646U          19318.16319444  .00000000  00000-0  00000-0 0 00000
2 63646 097.6840 155.587  0000000 000.0000 127.0650 15.01914300000000
1 63646U          19318.53472222  .00000000  00000-0  00000-0 0 00000
2 63646 097.6840 155.953  0000000 000.0000 333.3160 15.01914300000000
1 63646U          19318.89583333  .00000000  00000-0  00000-0 0 00000
2 63646 097.6830 156.309  0000000 000.0000 123.3160 15.01914300000000
1 63646U          19318.94097222  .00000000  00000-0  00000-0 0 00000
2 63646 097.6830 156.353  0000000 000.0000 007.0660 15.01914300000000
1 63646U          19319.30138889  .00000000  00000-0  00000-0 0 00000
2 63646 097.6820 156.709  0000000 000.0000 153.3160 15.01914300000000
1 63646U          19319.62013889  .00000000  00000-0  00000-0 0 00000
2 63646 097.6820 157.023  0000000 000.0000 074.5660 15.01914300000000
1 63646U          19319.93819444  .00000000  00000-0  00000-0 0 00000
2 63646 097.6810 157.336  0000000 000.0000 352.0670 15.01914300000000
1 63646U          19320.30416667  .00000000  00000-0  00000-0 0 00000
2 63646 097.6810 157.697  0000000 000.0000 168.3170 15.01914300000000
1 63646U          19320.56250000  .00000000  00000-0  00000-0 0 00000
2 63646 097.6800 157.952  0000000 000.0000 123.3170 15.01914300000000
1 63646U          19320.82638889  .00000000  00000-0  00000-0 0 00000
2 63646 097.6800 158.212  0000000 000.0000 108.3170 15.01914300000000
1 63646U          19321.23263889  .00000000  00000-0  00000-0 0 00000
2 63646 097.6790 158.612  0000000 000.0000 142.0680 15.01914300000000
1 63646U          19321.62361111  .00000000  00000-0  00000-0 0 00000
2 63646 097.6780 158.998  0000000 000.0000 093.3180 15.01914300000000
1 63646U          19321.95000000  .00000000  00000-0  00000-0 0 00000
2 63646 097.6780 159.319  0000000 000.0000 055.8180 15.01914300000000
1 63646U          19322.30833333  .00000000  00000-0  00000-0 0 00000
2 63646 097.6770 159.672  0000000 000.0000 190.8180 15.01914300000000
1 63646U          19322.51666667  .00000000  00000-0  00000-0 0 00000
2 63646 097.6770 159.878  0000000 000.0000 235.8190 15.01914300000000
1 63646U          19322.95833333  .00000000  00000-0  00000-0 0 00000
2 63646 097.6760 160.313  0000000 000.0000 100.8190 15.01914300000000
1 63646U          19323.19791667  .00000000  00000-0  00000-0 0 00000
2 63646 097.6760 160.549  0000000 000.0000 314.5690 15.01914300000000
1 63646U          19323.51319444  .00000000  00000-0  00000-0 0 00000
2 63646 097.6750 160.860  0000000 000.0000 217.0690 15.01914300000000
1 63646U          19323.90277778  .00000000  00000-0  00000-0 0 00000
2 63646 097.6740 161.244  0000000 000.0000 160.8190 15.01914300000000
1 63646U          19324.30625000  .00000000  00000-0  00000-0 0 00000
2 63646 097.6740 161.642  0000000 000.0000 179.5700 15.01914300000000
1 63646U          19324.61805556  .00000000  00000-0  00000-0 0 00000
2 63646 097.6730 161.949  0000000 000.0000 063.3200 15.01914300000000
1 63646U          19324.96527778  .00000000  00000-0  00000-0 0 00000
2 63646 097.6720 162.291  0000000 000.0000 138.3200 15.01914300000000
1 63646U          19325.24166667  .00000000  00000-0  00000-0 0 00000
2 63646 097.6720 162.564  0000000 000.0000 190.8200 15.01914300000000
1 63646U          19325.58888889  .00000000  00000-0  00000-0 0 00000
2 63646 097.6710 162.906  0000000 000.0000 265.8200 15.01914300000000
1 63646U          19325.89097222  .00000000  00000-0  00000-0 0 00000
2 63646 097.6710 163.204  0000000 000.0000 097.0710 15.01914300000000
1 63646U          19325.94097222  .00000000  00000-0  00000-0 0 00000
2 63646 097.6710 163.253  0000000 000.0000 007.0710 15.01914300000000
1 63646U          19326.22847222  .00000000  00000-0  00000-0 0 00000
2 63646 097.6700 163.537  0000000 000.0000 119.5710 15.01914300000000
1 63646U          19326.52777778  .00000000  00000-0  00000-0 0 00000
2 63646 097.6700 163.832  0000000 000.0000 295.8210 15.01914300000000
1 63646U          19326.93541667  .00000000  00000-0  00000-0 0 00000
2 63646 097.6690 164.233  0000000 000.0000 337.0710 15.01914300000000
1 63646U          19327.19166667  .00000000  00000-0  00000-0 0 00000
2 63646 097.6680 164.486  0000000 000.0000 280.8210 15.01914300000000
1 63646U          19327.59791667  .00000000  00000-0  00000-0 0 00000
2 63646 097.6680 164.886  0000000 000.0000 314.5720 15.01914300000000
1 63646U          19327.96666667  .00000000  00000-0  00000-0 0 00000
2 63646 097.6670 165.250  0000000 000.0000 145.8220 15.01914300000000
1 63646U          19328.20833333  .00000000  00000-0  00000-0 0 00000
2 63646 097.6670 165.488  0000000 000.0000 010.8220 15.01914300000000
1 63646U          19328.54444444  .00000000  00000-0  00000-0 0 00000
2 63646 097.6660 165.819  0000000 000.0000 025.8220 15.01914300000000
1 63646U          19328.89444444  .00000000  00000-0  00000-0 0 00000
2 63646 097.6650 166.164  0000000 000.0000 115.8220 15.01914300000000
1 63646U          19329.25069444  .00000000  00000-0  00000-0 0 00000
2 63646 097.6650 166.515  0000000 000.0000 239.5720 15.01914300000000
1 63646U          19329.49513889  .00000000  00000-0  00000-0 0 00000
2 63646 097.6640 166.756  0000000 000.0000 119.5720 15.01914300000000
1 63646U          19329.92708333  .00000000  00000-0  00000-0 0 00000
2 63646 097.6640 167.182  0000000 000.0000 292.0730 15.01914300000000
1 63646U          19330.26180556  .00000000  00000-0  00000-0 0 00000
2 63646 097.6630 167.512  0000000 000.0000 299.5730 15.01914300000000
1 63646U          19330.59583333  .00000000  00000-0  00000-0 0 00000
2 63646 097.6620 167.841  0000000 000.0000 303.3230 15.01914300000000
1 63646U          19330.96944444  .00000000  00000-0  00000-0 0 00000
2 63646 097.6620 168.210  0000000 000.0000 160.8230 15.01914300000000
1 63646U          19331.20625000  .00000000  00000-0  00000-0 0 00000
2 63646 097.6610 168.443  0000000 000.0000 359.5730 15.01914300000000
1 63646U          19331.50902778  .00000000  00000-0  00000-0 0 00000
2 63646 097.6610 168.741  0000000 000.0000 194.5730 15.01914300000000
1 63646U          19331.84861111  .00000000  00000-0  00000-0 0 00000
2 63646 097.6600 169.076  0000000 000.0000 228.3230 15.01914300000000
1 63646U          19332.27361111  .00000000  00000-0  00000-0 0 00000
2 63646 097.6590 169.495  0000000 000.0000 003.3240 15.01914300000000
1 63646U          19332.50277778  .00000000  00000-0  00000-0 0 00000
2 63646 097.6590 169.721  0000000 000.0000 160.8240 15.01914300000000
1 63646U          19332.81944444  .00000000  00000-0  00000-0 0 00000
2 63646 097.6580 170.033  0000000 000.0000 070.8240 15.01914300000000
