1 65215U          19282.04305556  .00000000  00000-0  00000-0 0 00000
2 65215 097.7140 042.820  0000000 000.0000 091.8490 15.01920000000000
1 65215U          19282.39305556  .00000000  00000-0  00000-0 0 00000
2 65215 097.7150 043.165  0000000 000.0000 181.8500 15.01920000000000
1 65215U          19282.67708333  .00000000  00000-0  00000-0 0 00000
2 65215 097.7150 043.445  0000000 000.0000 275.6000 15.01920000000000
1 65215U          19283.07152778  .00000000  00000-0  00000-0 0 00000
2 65215 097.7160 043.833  0000000 000.0000 245.6000 15.01920000000000
1 65215U          19283.25486111  .00000000  00000-0  00000-0 0 00000
2 65215 097.7160 044.014  0000000 000.0000 155.6010 15.01920000000000
1 65215U          19283.67013889  .00000000  00000-0  00000-0 0 00000
2 65215 097.7160 044.423  0000000 000.0000 238.1010 15.01920000000000
1 65215U          19284.04166667  .00000000  00000-0  00000-0 0 00000
2 65215 097.7170 044.790  0000000 000.0000 084.3520 15.01920000000000
1 65215U          19284.37986111  .00000000  00000-0  00000-0 0 00000
2 65215 097.7170 045.123  0000000 000.0000 110.6020 15.01920000000000
1 65215U          19284.66527778  .00000000  00000-0  00000-0 0 00000
2 65215 097.7180 045.404  0000000 000.0000 211.8530 15.01920000000000
1 65215U          19284.93194444  .00000000  00000-0  00000-0 0 00000
2 65215 097.7180 045.667  0000000 000.0000 211.8530 15.01920000000000
1 65215U          19285.33750000  .00000000  00000-0  00000-0 0 00000
2 65215 097.7180 046.067  0000000 000.0000 241.8540 15.01920000000000
1 65215U          19285.59236111  .00000000  00000-0  00000-0 0 00000
2 65215 097.7190 046.318  0000000 000.0000 178.1040 15.01920000000000
1 65215U          19285.95625000  .00000000  00000-0  00000-0 0 00000
2 65215 097.7190 046.677  0000000 000.0000 343.1040 15.01920000000000
1 65215U          19286.30694444  .00000000  00000-0  00000-0 0 00000
2 65215 097.7200 047.023  0000000 000.0000 076.8550 15.01920000000000
1 65215U          19286.65486111  .00000000  00000-0  00000-0 0 00000
2 65215 097.7200 047.366  0000000 000.0000 155.6050 15.01920000000000
1 65215U          19287.02083333  .00000000  00000-0  00000-0 0 00000
2 65215 097.7210 047.727  0000000 000.0000 331.8560 15.01920000000000
1 65215U          19287.33194444  .00000000  00000-0  00000-0 0 00000
2 65215 097.7210 048.033  0000000 000.0000 211.8560 15.01920000000000
1 65215U          19287.64166667  .00000000  00000-0  00000-0 0 00000
2 65215 097.7210 048.339  0000000 000.0000 084.3570 15.01920000000000
1 65215U          19288.02361111  .00000000  00000-0  00000-0 0 00000
2 65215 097.7220 048.715  0000000 000.0000 346.8570 15.01920000000000
1 65215U          19288.37152778  .00000000  00000-0  00000-0 0 00000
2 65215 097.7220 049.058  0000000 000.0000 065.6080 15.01920000000000
1 65215U          19288.66736111  .00000000  00000-0  00000-0 0 00000
2 65215 097.7230 049.350  0000000 000.0000 223.1080 15.01920000000000
1 65215U          19289.07291667  .00000000  00000-0  00000-0 0 00000
2 65215 097.7230 049.750  0000000 000.0000 253.1090 15.01920000000000
1 65215U          19289.35625000  .00000000  00000-0  00000-0 0 00000
2 65215 097.7230 050.029  0000000 000.0000 343.1090 15.01920000000000
1 65215U          19289.66041667  .00000000  00000-0  00000-0 0 00000
2 65215 097.7240 050.329  0000000 000.0000 185.6100 15.01920000000000
1 65215U          19289.96666667  .00000000  00000-0  00000-0 0 00000
2 65215 097.7240 050.631  0000000 000.0000 039.3600 15.01920000000000
1 65215U          19290.35069444  .00000000  00000-0  00000-0 0 00000
2 65215 097.7250 051.009  0000000 000.0000 313.1110 15.01920000000000
1 65215U          19290.72708333  .00000000  00000-0  00000-0 0 00000
2 65215 097.7250 051.380  0000000 000.0000 185.6110 15.01920000000000
1 65215U          19290.94375000  .00000000  00000-0  00000-0 0 00000
2 65215 097.7250 051.594  0000000 000.0000 275.6120 15.01920000000000
1 65215U          19291.38680556  .00000000  00000-0  00000-0 0 00000
2 65215 097.7260 052.031  0000000 000.0000 148.1120 15.01920000000000
1 65215U          19291.68888889  .00000000  00000-0  00000-0 0 00000
2 65215 097.7260 052.328  0000000 000.0000 339.3630 15.01920000000000
1 65215U          19292.07500000  .00000000  00000-0  00000-0 0 00000
2 65215 097.7270 052.709  0000000 000.0000 264.3630 15.01920000000000
1 65215U          19292.33125000  .00000000  00000-0  00000-0 0 00000
2 65215 097.7270 052.962  0000000 000.0000 208.1140 15.01920000000000
1 65215U          19292.71527778  .00000000  00000-0  00000-0 0 00000
2 65215 097.7270 053.340  0000000 000.0000 121.8640 15.01920000000000
1 65215U          19292.94166667  .00000000  00000-0  00000-0 0 00000
2 65215 097.7280 053.563  0000000 000.0000 264.3650 15.01920000000000
1 65215U          19293.28611111  .00000000  00000-0  00000-0 0 00000
2 65215 097.7280 053.903  0000000 000.0000 324.3650 15.01920000000000
1 65215U          19293.60416667  .00000000  00000-0  00000-0 0 00000
2 65215 097.7280 054.216  0000000 000.0000 241.8660 15.01920000000000
1 65215U          19294.04305556  .00000000  00000-0  00000-0 0 00000
2 65215 097.7290 054.649  0000000 000.0000 091.8660 15.01920000000000
1 65215U          19294.28611111  .00000000  00000-0  00000-0 0 00000
2 65215 097.7290 054.889  0000000 000.0000 324.3670 15.01920000000000
1 65215U          19294.68055556  .00000000  00000-0  00000-0 0 00000
2 65215 097.7290 055.278  0000000 000.0000 294.3680 15.01920000000000
1 65215U          19295.07083333  .00000000  00000-0  00000-0 0 00000
2 65215 097.7300 055.662  0000000 000.0000 241.8680 15.01920000000000
1 65215U          19295.25277778  .00000000  00000-0  00000-0 0 00000
2 65215 097.7300 055.842  0000000 000.0000 144.3680 15.01920000000000
1 65215U          19295.59930556  .00000000  00000-0  00000-0 0 00000
2 65215 097.7300 056.183  0000000 000.0000 215.6190 15.01920000000000
1 65215U          19296.03055556  .00000000  00000-0  00000-0 0 00000
2 65215 097.7310 056.608  0000000 000.0000 024.3700 15.01920000000000
1 65215U          19296.41388889  .00000000  00000-0  00000-0 0 00000
2 65215 097.7310 056.986  0000000 000.0000 294.3700 15.01920000000000
1 65215U          19296.70000000  .00000000  00000-0  00000-0 0 00000
2 65215 097.7310 057.268  0000000 000.0000 039.3710 15.01920000000000
1 65215U          19297.05763889  .00000000  00000-0  00000-0 0 00000
2 65215 097.7320 057.621  0000000 000.0000 170.6210 15.01920000000000
1 65215U          19297.39375000  .00000000  00000-0  00000-0 0 00000
2 65215 097.7320 057.952  0000000 000.0000 185.6220 15.01920000000000
1 65215U          19297.60486111  .00000000  00000-0  00000-0 0 00000
2 65215 097.7320 058.160  0000000 000.0000 245.6220 15.01920000000000
1 65215U          19298.00625000  .00000000  00000-0  00000-0 0 00000
2 65215 097.7330 058.556  0000000 000.0000 253.1230 15.01920000000000
1 65215U          19298.31319444  .00000000  00000-0  00000-0 0 00000
2 65215 097.7330 058.859  0000000 000.0000 110.6230 15.01920000000000
1 65215U          19298.62500000  .00000000  00000-0  00000-0 0 00000
2 65215 097.7330 059.166  0000000 000.0000 354.3740 15.01920000000000
1 65215U          19298.92569444  .00000000  00000-0  00000-0 0 00000
2 65215 097.7340 059.463  0000000 000.0000 178.1240 15.01920000000000
1 65215U          19299.25763889  .00000000  00000-0  00000-0 0 00000
2 65215 097.7340 059.790  0000000 000.0000 170.6250 15.01920000000000
1 65215U          19299.71944444  .00000000  00000-0  00000-0 0 00000
2 65215 097.7340 060.245  0000000 000.0000 144.3760 15.01920000000000
1 65215U          19300.07777778  .00000000  00000-0  00000-0 0 00000
2 65215 097.7350 060.598  0000000 000.0000 279.3760 15.01920000000000
1 65215U          19300.32152778  .00000000  00000-0  00000-0 0 00000
2 65215 097.7350 060.839  0000000 000.0000 155.6270 15.01920000000000
1 65215U          19300.70069444  .00000000  00000-0  00000-0 0 00000
2 65215 097.7350 061.212  0000000 000.0000 043.1270 15.01920000000000
1 65215U          19301.04930556  .00000000  00000-0  00000-0 0 00000
2 65215 097.7360 061.556  0000000 000.0000 125.6280 15.01920000000000
1 65215U          19301.31319444  .00000000  00000-0  00000-0 0 00000
2 65215 097.7360 061.816  0000000 000.0000 110.6280 15.01920000000000
1 65215U          19301.74166667  .00000000  00000-0  00000-0 0 00000
2 65215 097.7360 062.239  0000000 000.0000 264.3790 15.01920000000000
1 65215U          19302.02152778  .00000000  00000-0  00000-0 0 00000
2 65215 097.7360 062.514  0000000 000.0000 335.6300 15.01920000000000
1 65215U          19302.41111111  .00000000  00000-0  00000-0 0 00000
2 65215 097.7370 062.899  0000000 000.0000 279.3800 15.01920000000000
1 65215U          19302.69791667  .00000000  00000-0  00000-0 0 00000
2 65215 097.7370 063.181  0000000 000.0000 028.1310 15.01920000000000
1 65215U          19303.05694444  .00000000  00000-0  00000-0 0 00000
2 65215 097.7370 063.535  0000000 000.0000 166.8810 15.01920000000000
1 65215U          19303.40833333  .00000000  00000-0  00000-0 0 00000
2 65215 097.7380 063.882  0000000 000.0000 264.3820 15.01920000000000
1 65215U          19303.63541667  .00000000  00000-0  00000-0 0 00000
2 65215 097.7380 064.105  0000000 000.0000 050.6320 15.01920000000000
1 65215U          19304.07500000  .00000000  00000-0  00000-0 0 00000
2 65215 097.7380 064.539  0000000 000.0000 264.3830 15.01920000000000
1 65215U          19304.28888889  .00000000  00000-0  00000-0 0 00000
2 65215 097.7380 064.750  0000000 000.0000 339.3840 15.01920000000000
1 65215U          19304.72638889  .00000000  00000-0  00000-0 0 00000
2 65215 097.7390 065.181  0000000 000.0000 181.8840 15.01920000000000
1 65215U          19305.07708333  .00000000  00000-0  00000-0 0 00000
2 65215 097.7390 065.527  0000000 000.0000 275.6350 15.01920000000000
1 65215U          19305.31111111  .00000000  00000-0  00000-0 0 00000
2 65215 097.7390 065.757  0000000 000.0000 099.3850 15.01920000000000
1 65215U          19305.69097222  .00000000  00000-0  00000-0 0 00000
2 65215 097.7390 066.132  0000000 000.0000 350.6360 15.01920000000000
1 65215U          19305.97361111  .00000000  00000-0  00000-0 0 00000
2 65215 097.7390 066.411  0000000 000.0000 076.8860 15.01920000000000
1 65215U          19306.37013889  .00000000  00000-0  00000-0 0 00000
2 65215 097.7400 066.801  0000000 000.0000 058.1370 15.01920000000000
1 65215U          19306.64444444  .00000000  00000-0  00000-0 0 00000
2 65215 097.7400 067.072  0000000 000.0000 099.3880 15.01920000000000
1 65215U          19306.92083333  .00000000  00000-0  00000-0 0 00000
2 65215 097.7400 067.344  0000000 000.0000 151.8880 15.01920000000000
1 65215U          19307.26736111  .00000000  00000-0  00000-0 0 00000
2 65215 097.7400 067.686  0000000 000.0000 223.1390 15.01920000000000
1 65215U          19307.69861111  .00000000  00000-0  00000-0 0 00000
2 65215 097.7410 068.111  0000000 000.0000 031.8900 15.01920000000000
1 65215U          19307.97222222  .00000000  00000-0  00000-0 0 00000
2 65215 097.7410 068.381  0000000 000.0000 069.3900 15.01920000000000
1 65215U          19308.27013889  .00000000  00000-0  00000-0 0 00000
2 65215 097.7410 068.675  0000000 000.0000 238.1410 15.01920000000000
1 65215U          19308.65555556  .00000000  00000-0  00000-0 0 00000
2 65215 097.7410 069.055  0000000 000.0000 159.3910 15.01920000000000
1 65215U          19309.03333333  .00000000  00000-0  00000-0 0 00000
2 65215 097.7420 069.427  0000000 000.0000 039.3920 15.01920000000000
1 65215U          19309.34027778  .00000000  00000-0  00000-0 0 00000
2 65215 097.7420 069.730  0000000 000.0000 256.8920 15.01920000000000
1 65215U          19309.67500000  .00000000  00000-0  00000-0 0 00000
2 65215 097.7420 070.060  0000000 000.0000 264.3930 15.01920000000000
1 65215U          19309.99305556  .00000000  00000-0  00000-0 0 00000
2 65215 097.7420 070.373  0000000 000.0000 181.8940 15.01920000000000
1 65215U          19310.25763889  .00000000  00000-0  00000-0 0 00000
2 65215 097.7420 070.634  0000000 000.0000 170.6440 15.01920000000000
1 65215U          19310.60972222  .00000000  00000-0  00000-0 0 00000
2 65215 097.7430 070.981  0000000 000.0000 271.8950 15.01920000000000
1 65215U          19310.97291667  .00000000  00000-0  00000-0 0 00000
2 65215 097.7430 071.339  0000000 000.0000 073.1450 15.01920000000000
1 65215U          19311.34444444  .00000000  00000-0  00000-0 0 00000
2 65215 097.7430 071.705  0000000 000.0000 279.3960 15.01920000000000
1 65215U          19311.59097222  .00000000  00000-0  00000-0 0 00000
2 65215 097.7430 071.948  0000000 000.0000 170.6470 15.01920000000000
1 65215U          19311.89583333  .00000000  00000-0  00000-0 0 00000
2 65215 097.7430 072.249  0000000 000.0000 016.8970 15.01914300000000
1 65215U          19312.29166667  .00000000  00000-0  00000-0 0 00000
2 65215 097.7440 072.639  0000000 000.0000 354.3980 15.01914300000000
1 65215U          19312.48541667  .00000000  00000-0  00000-0 0 00000
2 65215 097.7440 072.830  0000000 000.0000 320.6480 15.01914300000000
1 65215U          19312.82777778  .00000000  00000-0  00000-0 0 00000
2 65215 097.7440 073.168  0000000 000.0000 009.3990 15.01914300000000
1 65215U          19313.19513889  .00000000  00000-0  00000-0 0 00000
2 65215 097.7440 073.530  0000000 000.0000 193.1500 15.01914300000000
1 65215U          19313.52291667  .00000000  00000-0  00000-0 0 00000
2 65215 097.7440 073.853  0000000 000.0000 163.1500 15.01914300000000
1 65215U          19313.91666667  .00000000  00000-0  00000-0 0 00000
2 65215 097.7440 074.241  0000000 000.0000 129.4010 15.01914300000000
1 65215U          19314.21041667  .00000000  00000-0  00000-0 0 00000
2 65215 097.7450 074.531  0000000 000.0000 275.6510 15.01914300000000
1 65215U          19314.48541667  .00000000  00000-0  00000-0 0 00000
2 65215 097.7450 074.802  0000000 000.0000 320.6520 15.01914300000000
1 65215U          19314.82083333  .00000000  00000-0  00000-0 0 00000
2 65215 097.7450 075.133  0000000 000.0000 331.9030 15.01914300000000
1 65215U          19315.23055556  .00000000  00000-0  00000-0 0 00000
2 65215 097.7450 075.536  0000000 000.0000 024.4030 15.01914300000000
1 65215U          19315.51666667  .00000000  00000-0  00000-0 0 00000
2 65215 097.7450 075.819  0000000 000.0000 129.4040 15.01914300000000
1 65215U          19315.81527778  .00000000  00000-0  00000-0 0 00000
2 65215 097.7450 076.113  0000000 000.0000 301.9040 15.01914300000000
1 65215U          19316.21250000  .00000000  00000-0  00000-0 0 00000
2 65215 097.7450 076.505  0000000 000.0000 286.9050 15.01914300000000
1 65215U          19316.61597222  .00000000  00000-0  00000-0 0 00000
2 65215 097.7460 076.902  0000000 000.0000 305.6560 15.01914300000000
1 65215U          19316.94930556  .00000000  00000-0  00000-0 0 00000
2 65215 097.7460 077.231  0000000 000.0000 305.6560 15.01914300000000
1 65215U          19317.18125000  .00000000  00000-0  00000-0 0 00000
2 65215 097.7460 077.460  0000000 000.0000 118.1570 15.01914300000000
1 65215U          19317.52847222  .00000000  00000-0  00000-0 0 00000
2 65215 097.7460 077.802  0000000 000.0000 193.1580 15.01914300000000
1 65215U          19317.93333333  .00000000  00000-0  00000-0 0 00000
2 65215 097.7460 078.201  0000000 000.0000 219.4080 15.01914300000000
1 65215U          19318.18055556  .00000000  00000-0  00000-0 0 00000
2 65215 097.7460 078.445  0000000 000.0000 114.4090 15.01914300000000
1 65215U          19318.48958333  .00000000  00000-0  00000-0 0 00000
2 65215 097.7460 078.749  0000000 000.0000 343.1590 15.01914300000000
1 65215U          19318.89583333  .00000000  00000-0  00000-0 0 00000
2 65215 097.7460 079.150  0000000 000.0000 016.9100 15.01914300000000
1 65215U          19318.89583333  .00000000  00000-0  00000-0 0 00000
2 65215 097.7460 079.150  0000000 000.0000 016.9100 15.01914300000000
1 65215U          19319.20694444  .00000000  00000-0  00000-0 0 00000
2 65215 097.7470 079.457  0000000 000.0000 256.9110 15.01914300000000
1 65215U          19319.51527778  .00000000  00000-0  00000-0 0 00000
2 65215 097.7470 079.761  0000000 000.0000 121.9110 15.01914300000000
1 65215U          19319.93402778  .00000000  00000-0  00000-0 0 00000
2 65215 097.7470 080.173  0000000 000.0000 223.1620 15.01914300000000
1 65215U          19320.20694444  .00000000  00000-0  00000-0 0 00000
2 65215 097.7470 080.442  0000000 000.0000 256.9130 15.01914300000000
1 65215U          19320.54513889  .00000000  00000-0  00000-0 0 00000
2 65215 097.7470 080.776  0000000 000.0000 283.1630 15.01914300000000
1 65215U          19320.97847222  .00000000  00000-0  00000-0 0 00000
2 65215 097.7470 081.203  0000000 000.0000 103.1640 15.01914300000000
1 65215U          19321.20347222  .00000000  00000-0  00000-0 0 00000
2 65215 097.7470 081.425  0000000 000.0000 238.1640 15.01914300000000
1 65215U          19321.55000000  .00000000  00000-0  00000-0 0 00000
2 65215 097.7470 081.767  0000000 000.0000 309.4150 15.01914300000000
1 65215U          19321.87569444  .00000000  00000-0  00000-0 0 00000
2 65215 097.7470 082.088  0000000 000.0000 268.1660 15.01914300000000
1 65215U          19322.27083333  .00000000  00000-0  00000-0 0 00000
2 65215 097.7470 082.477  0000000 000.0000 241.9170 15.01914300000000
1 65215U          19322.51527778  .00000000  00000-0  00000-0 0 00000
2 65215 097.7470 082.718  0000000 000.0000 121.9170 15.01914300000000
1 65215U          19322.95277778  .00000000  00000-0  00000-0 0 00000
2 65215 097.7480 083.149  0000000 000.0000 324.4180 15.01914300000000
1 65215U          19323.30486111  .00000000  00000-0  00000-0 0 00000
2 65215 097.7480 083.497  0000000 000.0000 065.6680 15.01914300000000
1 65215U          19323.47986111  .00000000  00000-0  00000-0 0 00000
2 65215 097.7480 083.669  0000000 000.0000 290.6690 15.01914300000000
1 65215U          19323.95069444  .00000000  00000-0  00000-0 0 00000
2 65215 097.7480 084.133  0000000 000.0000 313.1700 15.01914300000000
1 65215U          19324.28194444  .00000000  00000-0  00000-0 0 00000
2 65215 097.7480 084.460  0000000 000.0000 301.9200 15.01914300000000
1 65215U          19324.62569444  .00000000  00000-0  00000-0 0 00000
2 65215 097.7480 084.799  0000000 000.0000 358.1710 15.01914300000000
1 65215U          19324.85347222  .00000000  00000-0  00000-0 0 00000
2 65215 097.7480 085.023  0000000 000.0000 148.1710 15.01914300000000
1 65215U          19325.16875000  .00000000  00000-0  00000-0 0 00000
2 65215 097.7480 085.334  0000000 000.0000 050.6720 15.01914300000000
1 65215U          19325.63472222  .00000000  00000-0  00000-0 0 00000
2 65215 097.7480 085.794  0000000 000.0000 046.9230 15.01914300000000
1 65215U          19325.89583333  .00000000  00000-0  00000-0 0 00000
2 65215 097.7480 086.051  0000000 000.0000 016.9230 15.01914300000000
1 65215U          19325.89583333  .00000000  00000-0  00000-0 0 00000
2 65215 097.7480 086.051  0000000 000.0000 016.9230 15.01914300000000
1 65215U          19326.21875000  .00000000  00000-0  00000-0 0 00000
2 65215 097.7480 086.369  0000000 000.0000 320.6740 15.01914300000000
1 65215U          19326.56875000  .00000000  00000-0  00000-0 0 00000
2 65215 097.7480 086.714  0000000 000.0000 050.6750 15.01914300000000
1 65215U          19326.85416667  .00000000  00000-0  00000-0 0 00000
2 65215 097.7480 086.996  0000000 000.0000 151.9250 15.01914300000000
1 65215U          19327.15486111  .00000000  00000-0  00000-0 0 00000
2 65215 097.7480 087.292  0000000 000.0000 335.6760 15.01914300000000
1 65215U          19327.62222222  .00000000  00000-0  00000-0 0 00000
2 65215 097.7480 087.753  0000000 000.0000 339.4270 15.01914300000000
1 65215U          19327.83958333  .00000000  00000-0  00000-0 0 00000
2 65215 097.7480 087.967  0000000 000.0000 073.1770 15.01914300000000
1 65215U          19328.25625000  .00000000  00000-0  00000-0 0 00000
2 65215 097.7480 088.378  0000000 000.0000 163.1780 15.01914300000000
1 65215U          19328.55347222  .00000000  00000-0  00000-0 0 00000
2 65215 097.7480 088.671  0000000 000.0000 328.1790 15.01914300000000
1 65215U          19328.84652778  .00000000  00000-0  00000-0 0 00000
2 65215 097.7480 088.960  0000000 000.0000 110.6790 15.01914300000000
1 65215U          19329.15208333  .00000000  00000-0  00000-0 0 00000
2 65215 097.7480 089.261  0000000 000.0000 320.6800 15.01914300000000
1 65215U          19329.57847222  .00000000  00000-0  00000-0 0 00000
2 65215 097.7480 089.681  0000000 000.0000 103.1800 15.01914300000000
1 65215U          19329.86319444  .00000000  00000-0  00000-0 0 00000
2 65215 097.7480 089.962  0000000 000.0000 200.6810 15.01914300000000
1 65215U          19330.29583333  .00000000  00000-0  00000-0 0 00000
2 65215 097.7480 090.389  0000000 000.0000 016.9320 15.01914300000000
1 65215U          19330.51180556  .00000000  00000-0  00000-0 0 00000
2 65215 097.7480 090.602  0000000 000.0000 103.1820 15.01914300000000
1 65215U          19330.90763889  .00000000  00000-0  00000-0 0 00000
2 65215 097.7480 090.992  0000000 000.0000 080.6830 15.01914300000000
1 65215U          19331.19861111  .00000000  00000-0  00000-0 0 00000
2 65215 097.7480 091.279  0000000 000.0000 211.9340 15.01914300000000
1 65215U          19331.64236111  .00000000  00000-0  00000-0 0 00000
2 65215 097.7480 091.716  0000000 000.0000 088.1840 15.01914300000000
1 65215U          19331.97708333  .00000000  00000-0  00000-0 0 00000
2 65215 097.7480 092.046  0000000 000.0000 095.6850 15.01914300000000
1 65215U          19332.22361111  .00000000  00000-0  00000-0 0 00000
2 65215 097.7480 092.289  0000000 000.0000 346.9360 15.01914300000000
1 65215U          19332.49444444  .00000000  00000-0  00000-0 0 00000
2 65215 097.7480 092.556  0000000 000.0000 009.4360 15.01914300000000
1 65215U          19332.89583333  .00000000  00000-0  00000-0 0 00000
2 65215 097.7480 092.952  0000000 000.0000 016.9370 15.01914300000000
