1 65817U          19281.95138889  .00000000  00000-0  00000-0 0 00000
2 65817 097.7140 042.729  0000000 000.0000 340.8490 15.01920000000000
1 65817U          19282.29375000  .00000000  00000-0  00000-0 0 00000
2 65817 097.7140 043.067  0000000 000.0000 029.5990 15.01920000000000
1 65817U          19282.67986111  .00000000  00000-0  00000-0 0 00000
2 65817 097.7150 043.447  0000000 000.0000 314.6000 15.01920000000000
1 65817U          19283.07569444  .00000000  00000-0  00000-0 0 00000
2 65817 097.7160 043.837  0000000 000.0000 292.1000 15.01920000000000
1 65817U          19283.33194444  .00000000  00000-0  00000-0 0 00000
2 65817 097.7160 044.090  0000000 000.0000 235.8510 15.01920000000000
1 65817U          19283.74166667  .00000000  00000-0  00000-0 0 00000
2 65817 097.7160 044.494  0000000 000.0000 288.3510 15.01920000000000
1 65817U          19284.00000000  .00000000  00000-0  00000-0 0 00000
2 65817 097.7170 044.749  0000000 000.0000 243.3520 15.01920000000000
1 65817U          19284.27013889  .00000000  00000-0  00000-0 0 00000
2 65817 097.7170 045.015  0000000 000.0000 262.1020 15.01920000000000
1 65817U          19284.59513889  .00000000  00000-0  00000-0 0 00000
2 65817 097.7180 045.335  0000000 000.0000 217.1030 15.01920000000000
1 65817U          19285.00833333  .00000000  00000-0  00000-0 0 00000
2 65817 097.7180 045.743  0000000 000.0000 288.3530 15.01920000000000
1 65817U          19285.33125000  .00000000  00000-0  00000-0 0 00000
2 65817 097.7180 046.061  0000000 000.0000 232.1040 15.01920000000000
1 65817U          19285.73888889  .00000000  00000-0  00000-0 0 00000
2 65817 097.7190 046.463  0000000 000.0000 273.3540 15.01920000000000
1 65817U          19286.05833333  .00000000  00000-0  00000-0 0 00000
2 65817 097.7190 046.778  0000000 000.0000 198.3550 15.01920000000000
1 65817U          19286.36875000  .00000000  00000-0  00000-0 0 00000
2 65817 097.7200 047.084  0000000 000.0000 074.6050 15.01920000000000
1 65817U          19286.68680556  .00000000  00000-0  00000-0 0 00000
2 65817 097.7200 047.397  0000000 000.0000 352.1050 15.01920000000000
1 65817U          19286.95694444  .00000000  00000-0  00000-0 0 00000
2 65817 097.7210 047.664  0000000 000.0000 010.8560 15.01920000000000
1 65817U          19287.41388889  .00000000  00000-0  00000-0 0 00000
2 65817 097.7210 048.114  0000000 000.0000 318.3560 15.01920000000000
1 65817U          19287.69097222  .00000000  00000-0  00000-0 0 00000
2 65817 097.7210 048.387  0000000 000.0000 014.6070 15.01920000000000
1 65817U          19288.07361111  .00000000  00000-0  00000-0 0 00000
2 65817 097.7220 048.764  0000000 000.0000 280.8570 15.01920000000000
1 65817U          19288.27083333  .00000000  00000-0  00000-0 0 00000
2 65817 097.7220 048.959  0000000 000.0000 265.8580 15.01920000000000
1 65817U          19288.72013889  .00000000  00000-0  00000-0 0 00000
2 65817 097.7230 049.402  0000000 000.0000 172.1080 15.01920000000000
1 65817U          19288.94791667  .00000000  00000-0  00000-0 0 00000
2 65817 097.7230 049.626  0000000 000.0000 322.1090 15.01920000000000
1 65817U          19289.25138889  .00000000  00000-0  00000-0 0 00000
2 65817 097.7230 049.925  0000000 000.0000 160.8590 15.01920000000000
1 65817U          19289.69166667  .00000000  00000-0  00000-0 0 00000
2 65817 097.7240 050.359  0000000 000.0000 018.3600 15.01920000000000
1 65817U          19289.99305556  .00000000  00000-0  00000-0 0 00000
2 65817 097.7240 050.657  0000000 000.0000 205.8600 15.01920000000000
1 65817U          19290.37361111  .00000000  00000-0  00000-0 0 00000
2 65817 097.7250 051.032  0000000 000.0000 100.8610 15.01920000000000
1 65817U          19290.64652778  .00000000  00000-0  00000-0 0 00000
2 65817 097.7250 051.301  0000000 000.0000 134.6110 15.01920000000000
1 65817U          19291.07430556  .00000000  00000-0  00000-0 0 00000
2 65817 097.7250 051.722  0000000 000.0000 284.6120 15.01920000000000
1 65817U          19291.37847222  .00000000  00000-0  00000-0 0 00000
2 65817 097.7260 052.022  0000000 000.0000 127.1120 15.01920000000000
1 65817U          19291.66527778  .00000000  00000-0  00000-0 0 00000
2 65817 097.7260 052.305  0000000 000.0000 235.8630 15.01920000000000
1 65817U          19291.95069444  .00000000  00000-0  00000-0 0 00000
2 65817 097.7260 052.586  0000000 000.0000 337.1130 15.01920000000000
1 65817U          19292.30833333  .00000000  00000-0  00000-0 0 00000
2 65817 097.7270 052.939  0000000 000.0000 108.3640 15.01920000000000
1 65817U          19292.63611111  .00000000  00000-0  00000-0 0 00000
2 65817 097.7270 053.262  0000000 000.0000 078.3640 15.01920000000000
1 65817U          19293.05625000  .00000000  00000-0  00000-0 0 00000
2 65817 097.7280 053.676  0000000 000.0000 187.1150 15.01920000000000
1 65817U          19293.32916667  .00000000  00000-0  00000-0 0 00000
2 65817 097.7280 053.945  0000000 000.0000 220.8650 15.01920000000000
1 65817U          19293.62152778  .00000000  00000-0  00000-0 0 00000
2 65817 097.7280 054.234  0000000 000.0000 359.6160 15.01920000000000
1 65817U          19293.94027778  .00000000  00000-0  00000-0 0 00000
2 65817 097.7290 054.548  0000000 000.0000 280.8660 15.01920000000000
1 65817U          19294.41250000  .00000000  00000-0  00000-0 0 00000
2 65817 097.7290 055.013  0000000 000.0000 310.8670 15.01920000000000
1 65817U          19294.70138889  .00000000  00000-0  00000-0 0 00000
2 65817 097.7290 055.298  0000000 000.0000 070.8680 15.01920000000000
1 65817U          19295.02013889  .00000000  00000-0  00000-0 0 00000
2 65817 097.7300 055.612  0000000 000.0000 352.1180 15.01920000000000
1 65817U          19295.34791667  .00000000  00000-0  00000-0 0 00000
2 65817 097.7300 055.935  0000000 000.0000 322.1190 15.01920000000000
1 65817U          19295.61180556  .00000000  00000-0  00000-0 0 00000
2 65817 097.7300 056.196  0000000 000.0000 307.1190 15.01920000000000
1 65817U          19295.95833333  .00000000  00000-0  00000-0 0 00000
2 65817 097.7310 056.537  0000000 000.0000 018.3700 15.01920000000000
1 65817U          19296.30000000  .00000000  00000-0  00000-0 0 00000
2 65817 097.7310 056.874  0000000 000.0000 063.3700 15.01920000000000
1 65817U          19296.59513889  .00000000  00000-0  00000-0 0 00000
2 65817 097.7310 057.165  0000000 000.0000 217.1210 15.01920000000000
1 65817U          19297.05902778  .00000000  00000-0  00000-0 0 00000
2 65817 097.7320 057.622  0000000 000.0000 202.1210 15.01920000000000
1 65817U          19297.27152778  .00000000  00000-0  00000-0 0 00000
2 65817 097.7320 057.832  0000000 000.0000 269.6220 15.01920000000000
1 65817U          19297.60763889  .00000000  00000-0  00000-0 0 00000
2 65817 097.7320 058.163  0000000 000.0000 284.6220 15.01920000000000
1 65817U          19297.95000000  .00000000  00000-0  00000-0 0 00000
2 65817 097.7330 058.501  0000000 000.0000 333.3730 15.01920000000000
1 65817U          19298.40902778  .00000000  00000-0  00000-0 0 00000
2 65817 097.7330 058.953  0000000 000.0000 292.1240 15.01920000000000
1 65817U          19298.59444444  .00000000  00000-0  00000-0 0 00000
2 65817 097.7330 059.136  0000000 000.0000 213.3740 15.01920000000000
1 65817U          19299.04722222  .00000000  00000-0  00000-0 0 00000
2 65817 097.7340 059.582  0000000 000.0000 138.3750 15.01920000000000
1 65817U          19299.38125000  .00000000  00000-0  00000-0 0 00000
2 65817 097.7340 059.912  0000000 000.0000 142.1250 15.01920000000000
1 65817U          19299.74861111  .00000000  00000-0  00000-0 0 00000
2 65817 097.7340 060.274  0000000 000.0000 325.8760 15.01920000000000
1 65817U          19300.00625000  .00000000  00000-0  00000-0 0 00000
2 65817 097.7350 060.528  0000000 000.0000 277.1260 15.01920000000000
1 65817U          19300.40902778  .00000000  00000-0  00000-0 0 00000
2 65817 097.7350 060.925  0000000 000.0000 292.1270 15.01920000000000
1 65817U          19300.68888889  .00000000  00000-0  00000-0 0 00000
2 65817 097.7350 061.201  0000000 000.0000 003.3770 15.01920000000000
1 65817U          19300.97638889  .00000000  00000-0  00000-0 0 00000
2 65817 097.7350 061.484  0000000 000.0000 115.8780 15.01920000000000
1 65817U          19301.41527778  .00000000  00000-0  00000-0 0 00000
2 65817 097.7360 061.917  0000000 000.0000 325.8790 15.01920000000000
1 65817U          19301.60208333  .00000000  00000-0  00000-0 0 00000
2 65817 097.7360 062.101  0000000 000.0000 254.6290 15.01920000000000
1 65817U          19301.99791667  .00000000  00000-0  00000-0 0 00000
2 65817 097.7360 062.491  0000000 000.0000 232.1300 15.01920000000000
1 65817U          19302.41111111  .00000000  00000-0  00000-0 0 00000
2 65817 097.7370 062.899  0000000 000.0000 303.3800 15.01920000000000
1 65817U          19302.69027778  .00000000  00000-0  00000-0 0 00000
2 65817 097.7370 063.174  0000000 000.0000 010.8810 15.01920000000000
1 65817U          19303.04861111  .00000000  00000-0  00000-0 0 00000
2 65817 097.7370 063.527  0000000 000.0000 145.8810 15.01920000000000
1 65817U          19303.36527778  .00000000  00000-0  00000-0 0 00000
2 65817 097.7370 063.839  0000000 000.0000 055.8820 15.01920000000000
1 65817U          19303.63611111  .00000000  00000-0  00000-0 0 00000
2 65817 097.7380 064.106  0000000 000.0000 078.3820 15.01920000000000
1 65817U          19303.96041667  .00000000  00000-0  00000-0 0 00000
2 65817 097.7380 064.426  0000000 000.0000 029.6330 15.01920000000000
1 65817U          19304.25625000  .00000000  00000-0  00000-0 0 00000
2 65817 097.7380 064.718  0000000 000.0000 187.1330 15.01920000000000
1 65817U          19304.73333333  .00000000  00000-0  00000-0 0 00000
2 65817 097.7390 065.188  0000000 000.0000 243.3840 15.01920000000000
1 65817U          19304.97430556  .00000000  00000-0  00000-0 0 00000
2 65817 097.7390 065.425  0000000 000.0000 104.6350 15.01920000000000
1 65817U          19305.37291667  .00000000  00000-0  00000-0 0 00000
2 65817 097.7390 065.818  0000000 000.0000 097.1350 15.01920000000000
1 65817U          19305.62638889  .00000000  00000-0  00000-0 0 00000
2 65817 097.7390 066.068  0000000 000.0000 025.8860 15.01920000000000
1 65817U          19306.06250000  .00000000  00000-0  00000-0 0 00000
2 65817 097.7400 066.498  0000000 000.0000 220.8870 15.01920000000000
1 65817U          19306.37916667  .00000000  00000-0  00000-0 0 00000
2 65817 097.7400 066.810  0000000 000.0000 130.8870 15.01920000000000
1 65817U          19306.64791667  .00000000  00000-0  00000-0 0 00000
2 65817 097.7400 067.075  0000000 000.0000 142.1380 15.01920000000000
1 65817U          19306.98541667  .00000000  00000-0  00000-0 0 00000
2 65817 097.7400 067.408  0000000 000.0000 164.6380 15.01920000000000
1 65817U          19307.29722222  .00000000  00000-0  00000-0 0 00000
2 65817 097.7400 067.715  0000000 000.0000 048.3890 15.01920000000000
1 65817U          19307.67083333  .00000000  00000-0  00000-0 0 00000
2 65817 097.7410 068.084  0000000 000.0000 265.8890 15.01920000000000
1 65817U          19308.06805556  .00000000  00000-0  00000-0 0 00000
2 65817 097.7410 068.475  0000000 000.0000 250.8900 15.01920000000000
1 65817U          19308.35486111  .00000000  00000-0  00000-0 0 00000
2 65817 097.7410 068.758  0000000 000.0000 359.6410 15.01920000000000
1 65817U          19308.70902778  .00000000  00000-0  00000-0 0 00000
2 65817 097.7410 069.107  0000000 000.0000 112.1410 15.01920000000000
1 65817U          19308.91805556  .00000000  00000-0  00000-0 0 00000
2 65817 097.7420 069.313  0000000 000.0000 160.8920 15.01920000000000
1 65817U          19309.28611111  .00000000  00000-0  00000-0 0 00000
2 65817 097.7420 069.676  0000000 000.0000 348.3920 15.01920000000000
1 65817U          19309.61319444  .00000000  00000-0  00000-0 0 00000
2 65817 097.7420 069.999  0000000 000.0000 314.6430 15.01920000000000
1 65817U          19310.04097222  .00000000  00000-0  00000-0 0 00000
2 65817 097.7420 070.420  0000000 000.0000 104.6440 15.01920000000000
1 65817U          19310.26805556  .00000000  00000-0  00000-0 0 00000
2 65817 097.7420 070.644  0000000 000.0000 250.8940 15.01920000000000
1 65817U          19310.59513889  .00000000  00000-0  00000-0 0 00000
2 65817 097.7430 070.967  0000000 000.0000 217.1450 15.01920000000000
1 65817U          19310.93680556  .00000000  00000-0  00000-0 0 00000
2 65817 097.7430 071.304  0000000 000.0000 262.1450 15.01920000000000
1 65817U          19311.28333333  .00000000  00000-0  00000-0 0 00000
2 65817 097.7430 071.645  0000000 000.0000 333.3960 15.01920000000000
1 65817U          19311.58680556  .00000000  00000-0  00000-0 0 00000
2 65817 097.7430 071.944  0000000 000.0000 172.1470 15.01920000000000
1 65817U          19311.90069444  .00000000  00000-0  00000-0 0 00000
2 65817 097.7430 072.254  0000000 000.0000 067.1470 15.01914300000000
1 65817U          19312.26180556  .00000000  00000-0  00000-0 0 00000
2 65817 097.7440 072.610  0000000 000.0000 217.1480 15.01914300000000
1 65817U          19312.53125000  .00000000  00000-0  00000-0 0 00000
2 65817 097.7440 072.875  0000000 000.0000 232.1480 15.01914300000000
1 65817U          19312.95416667  .00000000  00000-0  00000-0 0 00000
2 65817 097.7440 073.292  0000000 000.0000 355.8990 15.01914300000000
1 65817U          19313.14861111  .00000000  00000-0  00000-0 0 00000
2 65817 097.7440 073.484  0000000 000.0000 325.8990 15.01914300000000
1 65817U          19313.51875000  .00000000  00000-0  00000-0 0 00000
2 65817 097.7440 073.849  0000000 000.0000 164.6500 15.01914300000000
1 65817U          19313.87083333  .00000000  00000-0  00000-0 0 00000
2 65817 097.7440 074.196  0000000 000.0000 265.9010 15.01914300000000
1 65817U          19314.22569444  .00000000  00000-0  00000-0 0 00000
2 65817 097.7450 074.546  0000000 000.0000 022.1510 15.01914300000000
1 65817U          19314.61875000  .00000000  00000-0  00000-0 0 00000
2 65817 097.7450 074.933  0000000 000.0000 344.6520 15.01914300000000
1 65817U          19314.82777778  .00000000  00000-0  00000-0 0 00000
2 65817 097.7450 075.139  0000000 000.0000 033.4030 15.01914300000000
1 65817U          19315.17916667  .00000000  00000-0  00000-0 0 00000
2 65817 097.7450 075.486  0000000 000.0000 130.9030 15.01914300000000
1 65817U          19315.60000000  .00000000  00000-0  00000-0 0 00000
2 65817 097.7450 075.901  0000000 000.0000 243.4040 15.01914300000000
1 65817U          19315.84305556  .00000000  00000-0  00000-0 0 00000
2 65817 097.7450 076.140  0000000 000.0000 115.9040 15.01914300000000
1 65817U          19316.22500000  .00000000  00000-0  00000-0 0 00000
2 65817 097.7450 076.517  0000000 000.0000 018.4050 15.01914300000000
1 65817U          19316.62916667  .00000000  00000-0  00000-0 0 00000
2 65817 097.7460 076.915  0000000 000.0000 040.9060 15.01914300000000
1 65817U          19316.85000000  .00000000  00000-0  00000-0 0 00000
2 65817 097.7460 077.133  0000000 000.0000 153.4060 15.01914300000000
1 65817U          19317.31111111  .00000000  00000-0  00000-0 0 00000
2 65817 097.7460 077.588  0000000 000.0000 123.4070 15.01914300000000
1 65817U          19317.55208333  .00000000  00000-0  00000-0 0 00000
2 65817 097.7460 077.825  0000000 000.0000 344.6580 15.01914300000000
1 65817U          19317.97569444  .00000000  00000-0  00000-0 0 00000
2 65817 097.7460 078.243  0000000 000.0000 112.1580 15.01914300000000
1 65817U          19318.23611111  .00000000  00000-0  00000-0 0 00000
2 65817 097.7460 078.500  0000000 000.0000 078.4090 15.01914300000000
1 65817U          19318.48750000  .00000000  00000-0  00000-0 0 00000
2 65817 097.7460 078.747  0000000 000.0000 355.9090 15.01914300000000
1 65817U          19318.89583333  .00000000  00000-0  00000-0 0 00000
2 65817 097.7460 079.150  0000000 000.0000 040.9100 15.01914300000000
1 65817U          19318.97291667  .00000000  00000-0  00000-0 0 00000
2 65817 097.7460 079.226  0000000 000.0000 097.1600 15.01914300000000
1 65817U          19319.30000000  .00000000  00000-0  00000-0 0 00000
2 65817 097.7470 079.548  0000000 000.0000 063.4110 15.01914300000000
1 65817U          19319.51875000  .00000000  00000-0  00000-0 0 00000
2 65817 097.7470 079.764  0000000 000.0000 164.6610 15.01914300000000
1 65817U          19319.83819444  .00000000  00000-0  00000-0 0 00000
2 65817 097.7470 080.079  0000000 000.0000 089.6620 15.01914300000000
1 65817U          19320.25902778  .00000000  00000-0  00000-0 0 00000
2 65817 097.7470 080.494  0000000 000.0000 202.1630 15.01914300000000
1 65817U          19320.58263889  .00000000  00000-0  00000-0 0 00000
2 65817 097.7470 080.813  0000000 000.0000 149.6630 15.01914300000000
1 65817U          19320.97152778  .00000000  00000-0  00000-0 0 00000
2 65817 097.7470 081.196  0000000 000.0000 089.6640 15.01914300000000
1 65817U          19321.27152778  .00000000  00000-0  00000-0 0 00000
2 65817 097.7470 081.492  0000000 000.0000 269.6650 15.01914300000000
1 65817U          19321.63125000  .00000000  00000-0  00000-0 0 00000
2 65817 097.7470 081.847  0000000 000.0000 052.1650 15.01914300000000
1 65817U          19321.93472222  .00000000  00000-0  00000-0 0 00000
2 65817 097.7470 082.146  0000000 000.0000 250.9160 15.01914300000000
1 65817U          19322.20694444  .00000000  00000-0  00000-0 0 00000
2 65817 097.7470 082.414  0000000 000.0000 280.9160 15.01914300000000
1 65817U          19322.55833333  .00000000  00000-0  00000-0 0 00000
2 65817 097.7470 082.761  0000000 000.0000 018.4170 15.01914300000000
1 65817U          19322.84166667  .00000000  00000-0  00000-0 0 00000
2 65817 097.7480 083.040  0000000 000.0000 108.4180 15.01914300000000
1 65817U          19323.20763889  .00000000  00000-0  00000-0 0 00000
2 65817 097.7480 083.401  0000000 000.0000 284.6680 15.01914300000000
1 65817U          19323.55555556  .00000000  00000-0  00000-0 0 00000
2 65817 097.7480 083.744  0000000 000.0000 003.4190 15.01914300000000
1 65817U          19323.88125000  .00000000  00000-0  00000-0 0 00000
2 65817 097.7480 084.065  0000000 000.0000 322.1700 15.01914300000000
1 65817U          19324.27916667  .00000000  00000-0  00000-0 0 00000
2 65817 097.7480 084.457  0000000 000.0000 310.9200 15.01914300000000
1 65817U          19324.63958333  .00000000  00000-0  00000-0 0 00000
2 65817 097.7480 084.812  0000000 000.0000 097.1710 15.01914300000000
1 65817U          19324.82847222  .00000000  00000-0  00000-0 0 00000
2 65817 097.7480 084.999  0000000 000.0000 037.1710 15.01914300000000
1 65817U          19325.30069444  .00000000  00000-0  00000-0 0 00000
2 65817 097.7480 085.464  0000000 000.0000 067.1720 15.01914300000000
1 65817U          19325.52222222  .00000000  00000-0  00000-0 0 00000
2 65817 097.7480 085.683  0000000 000.0000 183.4230 15.01914300000000
1 65817U          19325.89583333  .00000000  00000-0  00000-0 0 00000
2 65817 097.7480 086.051  0000000 000.0000 040.9230 15.01914300000000
1 65817U          19325.89583333  .00000000  00000-0  00000-0 0 00000
2 65817 097.7480 086.051  0000000 000.0000 040.9230 15.01914300000000
1 65817U          19326.19722222  .00000000  00000-0  00000-0 0 00000
2 65817 097.7480 086.348  0000000 000.0000 228.4240 15.01914300000000
1 65817U          19326.50833333  .00000000  00000-0  00000-0 0 00000
2 65817 097.7480 086.655  0000000 000.0000 108.4250 15.01914300000000
1 65817U          19326.91111111  .00000000  00000-0  00000-0 0 00000
2 65817 097.7480 087.052  0000000 000.0000 123.4250 15.01914300000000
1 65817U          19327.22152778  .00000000  00000-0  00000-0 0 00000
2 65817 097.7480 087.358  0000000 000.0000 359.6760 15.01914300000000
1 65817U          19327.58958333  .00000000  00000-0  00000-0 0 00000
2 65817 097.7480 087.721  0000000 000.0000 187.1770 15.01914300000000
1 65817U          19327.82152778  .00000000  00000-0  00000-0 0 00000
2 65817 097.7480 087.949  0000000 000.0000 359.6770 15.01914300000000
1 65817U          19328.26805556  .00000000  00000-0  00000-0 0 00000
2 65817 097.7480 088.390  0000000 000.0000 250.9280 15.01914300000000
1 65817U          19328.57361111  .00000000  00000-0  00000-0 0 00000
2 65817 097.7480 088.691  0000000 000.0000 100.9290 15.01914300000000
1 65817U          19328.81597222  .00000000  00000-0  00000-0 0 00000
2 65817 097.7480 088.930  0000000 000.0000 329.6790 15.01914300000000
1 65817U          19329.26666667  .00000000  00000-0  00000-0 0 00000
2 65817 097.7480 089.374  0000000 000.0000 243.4300 15.01914300000000
1 65817U          19329.55833333  .00000000  00000-0  00000-0 0 00000
2 65817 097.7480 089.662  0000000 000.0000 018.4300 15.01914300000000
1 65817U          19329.92013889  .00000000  00000-0  00000-0 0 00000
2 65817 097.7480 090.018  0000000 000.0000 172.1810 15.01914300000000
1 65817U          19330.27708333  .00000000  00000-0  00000-0 0 00000
2 65817 097.7480 090.370  0000000 000.0000 299.6820 15.01914300000000
1 65817U          19330.59722222  .00000000  00000-0  00000-0 0 00000
2 65817 097.7480 090.686  0000000 000.0000 228.4320 15.01914300000000
1 65817U          19330.90694444  .00000000  00000-0  00000-0 0 00000
2 65817 097.7480 090.991  0000000 000.0000 100.9330 15.01914300000000
1 65817U          19331.29166667  .00000000  00000-0  00000-0 0 00000
2 65817 097.7480 091.370  0000000 000.0000 018.4340 15.01914300000000
1 65817U          19331.48125000  .00000000  00000-0  00000-0 0 00000
2 65817 097.7480 091.557  0000000 000.0000 322.1840 15.01914300000000
1 65817U          19331.89652778  .00000000  00000-0  00000-0 0 00000
2 65817 097.7480 091.967  0000000 000.0000 044.6850 15.01914300000000
1 65817U          19332.15763889  .00000000  00000-0  00000-0 0 00000
2 65817 097.7480 092.224  0000000 000.0000 014.6850 15.01914300000000
1 65817U          19332.50555556  .00000000  00000-0  00000-0 0 00000
2 65817 097.7480 092.567  0000000 000.0000 093.4360 15.01914300000000
1 65817U          19332.89583333  .00000000  00000-0  00000-0 0 00000
2 65817 097.7480 092.952  0000000 000.0000 040.9370 15.01914300000000
