1 68U          19281.98333333  .00000000  00000-0  00000-0 0 00000
2 68 097.7010 145.6410 0000000 000.0000 359.2330 15.01920000000000
1 68U          19282.28402778  .00000000  00000-0  00000-0 0 00000
2 68 097.7000 145.9370 0000000 000.0000 182.9840 15.01920000000000
1 68U          19282.74375000  .00000000  00000-0  00000-0 0 00000
2 68 097.6990 146.3900 0000000 000.0000 145.4840 15.01920000000000
1 68U          19283.06666667  .00000000  00000-0  00000-0 0 00000
2 68 097.6990 146.7080 0000000 000.0000 089.2340 15.01920000000000
1 68U          19283.32638889  .00000000  00000-0  00000-0 0 00000
2 68 097.6990 146.9640 0000000 000.0000 051.7350 15.01920000000000
1 68U          19283.70416667  .00000000  00000-0  00000-0 0 00000
2 68 097.6980 147.3370 0000000 000.0000 291.7350 15.01920000000000
1 68U          19284.07222222  .00000000  00000-0  00000-0 0 00000
2 68 097.6970 147.7000 0000000 000.0000 119.2360 15.01920000000000
1 68U          19284.25069444  .00000000  00000-0  00000-0 0 00000
2 68 097.6970 147.8760 0000000 000.0000 002.9860 15.01920000000000
1 68U          19284.66111111  .00000000  00000-0  00000-0 0 00000
2 68 097.6960 148.2800 0000000 000.0000 059.2360 15.01920000000000
1 68U          19284.92500000  .00000000  00000-0  00000-0 0 00000
2 68 097.6960 148.5400 0000000 000.0000 044.2360 15.01920000000000
1 68U          19285.40069444  .00000000  00000-0  00000-0 0 00000
2 68 097.6950 149.0090 0000000 000.0000 092.9870 15.01920000000000
1 68U          19285.62986111  .00000000  00000-0  00000-0 0 00000
2 68 097.6950 149.2350 0000000 000.0000 250.4870 15.01920000000000
1 68U          19286.04027778  .00000000  00000-0  00000-0 0 00000
2 68 097.6940 149.6400 0000000 000.0000 306.7370 15.01920000000000
1 68U          19286.41458333  .00000000  00000-0  00000-0 0 00000
2 68 097.6940 150.0090 0000000 000.0000 167.9880 15.01920000000000
1 68U          19286.63680556  .00000000  00000-0  00000-0 0 00000
2 68 097.6930 150.2280 0000000 000.0000 287.9880 15.01920000000000
1 68U          19287.03194444  .00000000  00000-0  00000-0 0 00000
2 68 097.6930 150.6170 0000000 000.0000 261.7380 15.01920000000000
1 68U          19287.36805556  .00000000  00000-0  00000-0 0 00000
2 68 097.6920 150.9480 0000000 000.0000 276.7390 15.01920000000000
1 68U          19287.66736111  .00000000  00000-0  00000-0 0 00000
2 68 097.6920 151.2430 0000000 000.0000 092.9890 15.01920000000000
1 68U          19288.03055556  .00000000  00000-0  00000-0 0 00000
2 68 097.6910 151.6010 0000000 000.0000 254.2390 15.01920000000000
1 68U          19288.29930556  .00000000  00000-0  00000-0 0 00000
2 68 097.6910 151.8660 0000000 000.0000 265.4900 15.01920000000000
1 68U          19288.64791667  .00000000  00000-0  00000-0 0 00000
2 68 097.6900 152.2100 0000000 000.0000 347.9900 15.01920000000000
1 68U          19289.04444444  .00000000  00000-0  00000-0 0 00000
2 68 097.6890 152.6010 0000000 000.0000 329.2400 15.01920000000000
1 68U          19289.30902778  .00000000  00000-0  00000-0 0 00000
2 68 097.6890 152.8620 0000000 000.0000 317.9910 15.01920000000000
1 68U          19289.68750000  .00000000  00000-0  00000-0 0 00000
2 68 097.6880 153.2350 0000000 000.0000 201.7410 15.01920000000000
1 68U          19289.95000000  .00000000  00000-0  00000-0 0 00000
2 68 097.6880 153.4940 0000000 000.0000 179.2410 15.01920000000000
1 68U          19290.26944444  .00000000  00000-0  00000-0 0 00000
2 68 097.6870 153.8080 0000000 000.0000 104.2410 15.01920000000000
1 68U          19290.73611111  .00000000  00000-0  00000-0 0 00000
2 68 097.6870 154.2680 0000000 000.0000 104.2420 15.01920000000000
1 68U          19291.02013889  .00000000  00000-0  00000-0 0 00000
2 68 097.6860 154.5480 0000000 000.0000 197.9920 15.01920000000000
1 68U          19291.41111111  .00000000  00000-0  00000-0 0 00000
2 68 097.6850 154.9340 0000000 000.0000 149.2420 15.01920000000000
1 68U          19291.65833333  .00000000  00000-0  00000-0 0 00000
2 68 097.6850 155.1770 0000000 000.0000 044.2430 15.01920000000000
1 68U          19292.04652778  .00000000  00000-0  00000-0 0 00000
2 68 097.6840 155.5600 0000000 000.0000 340.4930 15.01920000000000
1 68U          19292.30763889  .00000000  00000-0  00000-0 0 00000
2 68 097.6840 155.8170 0000000 000.0000 310.4930 15.01920000000000
1 68U          19292.74652778  .00000000  00000-0  00000-0 0 00000
2 68 097.6830 156.2500 0000000 000.0000 160.4930 15.01920000000000
1 68U          19292.96805556  .00000000  00000-0  00000-0 0 00000
2 68 097.6830 156.4680 0000000 000.0000 276.7440 15.01920000000000
1 68U          19293.35208333  .00000000  00000-0  00000-0 0 00000
2 68 097.6820 156.8470 0000000 000.0000 190.4940 15.01920000000000
1 68U          19293.60069444  .00000000  00000-0  00000-0 0 00000
2 68 097.6820 157.0920 0000000 000.0000 092.9940 15.01920000000000
1 68U          19294.03263889  .00000000  00000-0  00000-0 0 00000
2 68 097.6810 157.5180 0000000 000.0000 265.4940 15.01920000000000
1 68U          19294.27361111  .00000000  00000-0  00000-0 0 00000
2 68 097.6800 157.7550 0000000 000.0000 126.7450 15.01920000000000
1 68U          19294.70486111  .00000000  00000-0  00000-0 0 00000
2 68 097.6800 158.1800 0000000 000.0000 295.4950 15.01920000000000
1 68U          19295.05416667  .00000000  00000-0  00000-0 0 00000
2 68 097.6790 158.5250 0000000 000.0000 021.7450 15.01920000000000
1 68U          19295.36944444  .00000000  00000-0  00000-0 0 00000
2 68 097.6790 158.8360 0000000 000.0000 284.2450 15.01920000000000
1 68U          19295.60000000  .00000000  00000-0  00000-0 0 00000
2 68 097.6780 159.0630 0000000 000.0000 089.2460 15.01920000000000
1 68U          19295.99444444  .00000000  00000-0  00000-0 0 00000
2 68 097.6780 159.4520 0000000 000.0000 059.2460 15.01920000000000
1 68U          19296.36111111  .00000000  00000-0  00000-0 0 00000
2 68 097.6770 159.8130 0000000 000.0000 239.2460 15.01920000000000
1 68U          19296.68263889  .00000000  00000-0  00000-0 0 00000
2 68 097.6760 160.1300 0000000 000.0000 175.4960 15.01920000000000
1 68U          19296.92013889  .00000000  00000-0  00000-0 0 00000
2 68 097.6760 160.3640 0000000 000.0000 017.9960 15.01920000000000
1 68U          19297.29236111  .00000000  00000-0  00000-0 0 00000
2 68 097.6750 160.7310 0000000 000.0000 227.9970 15.01920000000000
1 68U          19297.72361111  .00000000  00000-0  00000-0 0 00000
2 68 097.6740 161.1560 0000000 000.0000 036.7470 15.01920000000000
1 68U          19297.99236111  .00000000  00000-0  00000-0 0 00000
2 68 097.6740 161.4210 0000000 000.0000 047.9970 15.01920000000000
1 68U          19298.37222222  .00000000  00000-0  00000-0 0 00000
2 68 097.6730 161.7950 0000000 000.0000 299.2470 15.01920000000000
1 68U          19298.67430556  .00000000  00000-0  00000-0 0 00000
2 68 097.6730 162.0930 0000000 000.0000 130.4980 15.01920000000000
1 68U          19299.05555556  .00000000  00000-0  00000-0 0 00000
2 68 097.6720 162.4690 0000000 000.0000 029.2480 15.01920000000000
1 68U          19299.35555556  .00000000  00000-0  00000-0 0 00000
2 68 097.6720 162.7650 0000000 000.0000 209.2480 15.01920000000000
1 68U          19299.63263889  .00000000  00000-0  00000-0 0 00000
2 68 097.6710 163.0380 0000000 000.0000 265.4980 15.01920000000000
1 68U          19299.93263889  .00000000  00000-0  00000-0 0 00000
2 68 097.6710 163.3330 0000000 000.0000 085.4980 15.01920000000000
1 68U          19300.29444444  .00000000  00000-0  00000-0 0 00000
2 68 097.6700 163.6900 0000000 000.0000 239.2480 15.01920000000000
1 68U          19300.71736111  .00000000  00000-0  00000-0 0 00000
2 68 097.6690 164.1070 0000000 000.0000 002.9990 15.01920000000000
1 68U          19300.98750000  .00000000  00000-0  00000-0 0 00000
2 68 097.6690 164.3730 0000000 000.0000 021.7490 15.01920000000000
1 68U          19301.37291667  .00000000  00000-0  00000-0 0 00000
2 68 097.6680 164.7530 0000000 000.0000 302.9990 15.01920000000000
1 68U          19301.60833333  .00000000  00000-0  00000-0 0 00000
2 68 097.6680 164.9850 0000000 000.0000 134.2490 15.01920000000000
1 68U          19301.96458333  .00000000  00000-0  00000-0 0 00000
2 68 097.6670 165.3360 0000000 000.0000 257.9990 15.01920000000000
1 68U          19302.39652778  .00000000  00000-0  00000-0 0 00000
2 68 097.6660 165.7620 0000000 000.0000 070.5000 15.01920000000000
1 68U          19302.71527778  .00000000  00000-0  00000-0 0 00000
2 68 097.6660 166.0760 0000000 000.0000 351.7500 15.01920000000000
1 68U          19303.02152778  .00000000  00000-0  00000-0 0 00000
2 68 097.6650 166.3780 0000000 000.0000 205.5000 15.01920000000000
1 68U          19303.27083333  .00000000  00000-0  00000-0 0 00000
2 68 097.6650 166.6240 0000000 000.0000 111.7500 15.01920000000000
1 68U          19303.60208333  .00000000  00000-0  00000-0 0 00000
2 68 097.6640 166.9500 0000000 000.0000 100.5000 15.01920000000000
1 68U          19303.99513889  .00000000  00000-0  00000-0 0 00000
2 68 097.6630 167.3380 0000000 000.0000 063.0000 15.01920000000000
1 68U          19304.26666667  .00000000  00000-0  00000-0 0 00000
2 68 097.6630 167.6050 0000000 000.0000 089.2500 15.01920000000000
1 68U          19304.74861111  .00000000  00000-0  00000-0 0 00000
2 68 097.6620 168.0800 0000000 000.0000 171.7510 15.01920000000000
1 68U          19305.00347222  .00000000  00000-0  00000-0 0 00000
2 68 097.6610 168.3320 0000000 000.0000 108.0010 15.01920000000000
1 68U          19305.36041667  .00000000  00000-0  00000-0 0 00000
2 68 097.6610 168.6830 0000000 000.0000 235.5010 15.01920000000000
1 68U          19305.61388889  .00000000  00000-0  00000-0 0 00000
2 68 097.6600 168.9330 0000000 000.0000 164.2510 15.01920000000000
1 68U          19305.96388889  .00000000  00000-0  00000-0 0 00000
2 68 097.6600 169.2780 0000000 000.0000 254.2510 15.01920000000000
1 68U          19306.38750000  .00000000  00000-0  00000-0 0 00000
2 68 097.6590 169.6960 0000000 000.0000 021.7510 15.01920000000000
1 68U          19306.70555556  .00000000  00000-0  00000-0 0 00000
2 68 097.6580 170.0090 0000000 000.0000 299.2510 15.01920000000000
1 68U          19307.01250000  .00000000  00000-0  00000-0 0 00000
2 68 097.6580 170.3120 0000000 000.0000 156.7510 15.01920000000000
1 68U          19307.36111111  .00000000  00000-0  00000-0 0 00000
2 68 097.6570 170.6550 0000000 000.0000 239.2520 15.01920000000000
1 68U          19307.72013889  .00000000  00000-0  00000-0 0 00000
2 68 097.6560 171.0090 0000000 000.0000 018.0020 15.01920000000000
1 68U          19307.92986111  .00000000  00000-0  00000-0 0 00000
2 68 097.6560 171.2160 0000000 000.0000 070.5020 15.01920000000000
1 68U          19308.27777778  .00000000  00000-0  00000-0 0 00000
2 68 097.6550 171.5590 0000000 000.0000 149.2520 15.01920000000000
1 68U          19308.67430556  .00000000  00000-0  00000-0 0 00000
2 68 097.6550 171.9500 0000000 000.0000 130.5020 15.01920000000000
1 68U          19309.07500000  .00000000  00000-0  00000-0 0 00000
2 68 097.6540 172.3450 0000000 000.0000 134.2520 15.01920000000000
1 68U          19309.25486111  .00000000  00000-0  00000-0 0 00000
2 68 097.6540 172.5220 0000000 000.0000 025.5020 15.01920000000000
1 68U          19309.71666667  .00000000  00000-0  00000-0 0 00000
2 68 097.6530 172.9770 0000000 000.0000 359.2520 15.01920000000000
1 68U          19309.97777778  .00000000  00000-0  00000-0 0 00000
2 68 097.6520 173.2340 0000000 000.0000 329.2520 15.01920000000000
1 68U          19310.29791667  .00000000  00000-0  00000-0 0 00000
2 68 097.6520 173.5500 0000000 000.0000 258.0020 15.01920000000000
1 68U          19310.70416667  .00000000  00000-0  00000-0 0 00000
2 68 097.6510 173.9500 0000000 000.0000 291.7530 15.01920000000000
1 68U          19310.96875000  .00000000  00000-0  00000-0 0 00000
2 68 097.6500 174.2110 0000000 000.0000 280.5030 15.01920000000000
1 68U          19311.32083333  .00000000  00000-0  00000-0 0 00000
2 68 097.6500 174.5580 0000000 000.0000 021.7530 15.01920000000000
1 68U          19311.67222222  .00000000  00000-0  00000-0 0 00000
2 68 097.6490 174.9050 0000000 000.0000 119.2530 15.01920000000000
1 68U          19311.91875000  .00000000  00000-0  00000-0 0 00000
2 68 097.6490 175.1480 0000000 000.0000 010.5030 15.01914300000000
1 68U          19312.19791667  .00000000  00000-0  00000-0 0 00000
2 68 097.6480 175.4230 0000000 000.0000 078.0030 15.01914300000000
1 68U          19312.54444444  .00000000  00000-0  00000-0 0 00000
2 68 097.6480 175.7640 0000000 000.0000 149.2530 15.01914300000000
1 68U          19312.91111111  .00000000  00000-0  00000-0 0 00000
2 68 097.6470 176.1260 0000000 000.0000 329.2530 15.01914300000000
1 68U          19313.25902778  .00000000  00000-0  00000-0 0 00000
2 68 097.6460 176.4690 0000000 000.0000 048.0030 15.01914300000000
1 68U          19313.62013889  .00000000  00000-0  00000-0 0 00000
2 68 097.6460 176.8240 0000000 000.0000 198.0030 15.01914300000000
1 68U          19313.95763889  .00000000  00000-0  00000-0 0 00000
2 68 097.6450 177.1570 0000000 000.0000 220.5030 15.01914300000000
1 68U          19314.30208333  .00000000  00000-0  00000-0 0 00000
2 68 097.6440 177.4970 0000000 000.0000 280.5030 15.01914300000000
1 68U          19314.48402778  .00000000  00000-0  00000-0 0 00000
2 68 097.6440 177.6760 0000000 000.0000 183.0030 15.01914300000000
1 68U          19314.87222222  .00000000  00000-0  00000-0 0 00000
2 68 097.6430 178.0590 0000000 000.0000 119.2530 15.01914300000000
1 68U          19315.27569444  .00000000  00000-0  00000-0 0 00000
2 68 097.6420 178.4560 0000000 000.0000 138.0030 15.01914300000000
1 68U          19315.56666667  .00000000  00000-0  00000-0 0 00000
2 68 097.6420 178.7430 0000000 000.0000 269.2530 15.01914300000000
1 68U          19315.91111111  .00000000  00000-0  00000-0 0 00000
2 68 097.6410 179.0820 0000000 000.0000 329.2530 15.01914300000000
1 68U          19316.21944444  .00000000  00000-0  00000-0 0 00000
2 68 097.6410 179.3860 0000000 000.0000 194.2530 15.01914300000000
1 68U          19316.54375000  .00000000  00000-0  00000-0 0 00000
2 68 097.6400 179.7060 0000000 000.0000 145.5030 15.01914300000000
1 68U          19316.96875000  .00000000  00000-0  00000-0 0 00000
2 68 097.6390 180.1250 0000000 000.0000 280.5030 15.01914300000000
1 68U          19317.18055556  .00000000  00000-0  00000-0 0 00000
2 68 097.6390 180.3340 0000000 000.0000 344.2530 15.01914300000000
1 68U          19317.62916667  .00000000  00000-0  00000-0 0 00000
2 68 097.6380 180.7760 0000000 000.0000 246.7530 15.01914300000000
1 68U          19317.83333333  .00000000  00000-0  00000-0 0 00000
2 68 097.6380 180.9770 0000000 000.0000 269.2530 15.01914300000000
1 68U          19318.29166667  .00000000  00000-0  00000-0 0 00000
2 68 097.6370 181.4290 0000000 000.0000 224.2530 15.01914300000000
1 68U          19318.55902778  .00000000  00000-0  00000-0 0 00000
2 68 097.6360 181.6920 0000000 000.0000 228.0030 15.01914300000000
1 68U          19318.85138889  .00000000  00000-0  00000-0 0 00000
2 68 097.6360 181.9800 0000000 000.0000 006.7530 15.01914300000000
1 68U          19318.89583333  .00000000  00000-0  00000-0 0 00000
2 68 097.6360 182.0240 0000000 000.0000 246.7530 15.01914300000000
1 68U          19319.25486111  .00000000  00000-0  00000-0 0 00000
2 68 097.6350 182.3780 0000000 000.0000 025.5030 15.01914300000000
1 68U          19319.62708333  .00000000  00000-0  00000-0 0 00000
2 68 097.6340 182.7450 0000000 000.0000 235.5030 15.01914300000000
1 68U          19319.87916667  .00000000  00000-0  00000-0 0 00000
2 68 097.6340 182.9930 0000000 000.0000 156.7530 15.01914300000000
1 68U          19320.24375000  .00000000  00000-0  00000-0 0 00000
2 68 097.6330 183.3530 0000000 000.0000 325.5030 15.01914300000000
1 68U          19320.49305556  .00000000  00000-0  00000-0 0 00000
2 68 097.6330 183.5980 0000000 000.0000 231.7530 15.01914300000000
1 68U          19320.87013889  .00000000  00000-0  00000-0 0 00000
2 68 097.6320 183.9700 0000000 000.0000 108.0030 15.01914300000000
1 68U          19321.21666667  .00000000  00000-0  00000-0 0 00000
2 68 097.6310 184.3120 0000000 000.0000 179.2530 15.01914300000000
1 68U          19321.55000000  .00000000  00000-0  00000-0 0 00000
2 68 097.6310 184.6400 0000000 000.0000 179.2530 15.01914300000000
1 68U          19321.87986111  .00000000  00000-0  00000-0 0 00000
2 68 097.6300 184.9650 0000000 000.0000 160.5030 15.01914300000000
1 68U          19322.30555556  .00000000  00000-0  00000-0 0 00000
2 68 097.6290 185.3850 0000000 000.0000 299.2530 15.01914300000000
1 68U          19322.56111111  .00000000  00000-0  00000-0 0 00000
2 68 097.6290 185.6370 0000000 000.0000 239.2530 15.01914300000000
1 68U          19322.90069444  .00000000  00000-0  00000-0 0 00000
2 68 097.6280 185.9710 0000000 000.0000 273.0030 15.01914300000000
1 68U          19323.24861111  .00000000  00000-0  00000-0 0 00000
2 68 097.6280 186.3140 0000000 000.0000 351.7530 15.01914300000000
1 68U          19323.49583333  .00000000  00000-0  00000-0 0 00000
2 68 097.6270 186.5580 0000000 000.0000 246.7530 15.01914300000000
1 68U          19323.94444444  .00000000  00000-0  00000-0 0 00000
2 68 097.6260 187.0000 0000000 000.0000 149.2530 15.01914300000000
1 68U          19324.25208333  .00000000  00000-0  00000-0 0 00000
2 68 097.6260 187.3030 0000000 000.0000 010.5030 15.01914300000000
1 68U          19324.63541667  .00000000  00000-0  00000-0 0 00000
2 68 097.6250 187.6810 0000000 000.0000 280.5030 15.01914300000000
1 68U          19324.91597222  .00000000  00000-0  00000-0 0 00000
2 68 097.6250 187.9580 0000000 000.0000 355.5020 15.01914300000000
1 68U          19325.22847222  .00000000  00000-0  00000-0 0 00000
2 68 097.6240 188.2660 0000000 000.0000 243.0020 15.01914300000000
1 68U          19325.58402778  .00000000  00000-0  00000-0 0 00000
2 68 097.6230 188.6160 0000000 000.0000 003.0020 15.01914300000000
1 68U          19325.89583333  .00000000  00000-0  00000-0 0 00000
2 68 097.6230 188.9230 0000000 000.0000 246.7520 15.01914300000000
1 68U          19325.91944444  .00000000  00000-0  00000-0 0 00000
2 68 097.6230 188.9470 0000000 000.0000 014.2520 15.01914300000000
1 68U          19326.23541667  .00000000  00000-0  00000-0 0 00000
2 68 097.6220 189.2580 0000000 000.0000 280.5020 15.01914300000000
1 68U          19326.60138889  .00000000  00000-0  00000-0 0 00000
2 68 097.6210 189.6190 0000000 000.0000 096.7520 15.01914300000000
1 68U          19326.84861111  .00000000  00000-0  00000-0 0 00000
2 68 097.6210 189.8620 0000000 000.0000 351.7520 15.01914300000000
1 68U          19327.27500000  .00000000  00000-0  00000-0 0 00000
2 68 097.6200 190.2830 0000000 000.0000 134.2520 15.01914300000000
1 68U          19327.64375000  .00000000  00000-0  00000-0 0 00000
2 68 097.6200 190.6460 0000000 000.0000 325.5020 15.01914300000000
1 68U          19327.87638889  .00000000  00000-0  00000-0 0 00000
2 68 097.6190 190.8750 0000000 000.0000 141.7520 15.01914300000000
1 68U          19328.18263889  .00000000  00000-0  00000-0 0 00000
2 68 097.6190 191.1770 0000000 000.0000 355.5020 15.01914300000000
1 68U          19328.56527778  .00000000  00000-0  00000-0 0 00000
2 68 097.6180 191.5540 0000000 000.0000 261.7510 15.01914300000000
1 68U          19328.97291667  .00000000  00000-0  00000-0 0 00000
2 68 097.6170 191.9560 0000000 000.0000 303.0010 15.01914300000000
1 68U          19329.31041667  .00000000  00000-0  00000-0 0 00000
2 68 097.6170 192.2890 0000000 000.0000 325.5010 15.01914300000000
1 68U          19329.49236111  .00000000  00000-0  00000-0 0 00000
2 68 097.6160 192.4680 0000000 000.0000 228.0010 15.01914300000000
1 68U          19329.94305556  .00000000  00000-0  00000-0 0 00000
2 68 097.6150 192.9120 0000000 000.0000 141.7510 15.01914300000000
1 68U          19330.15416667  .00000000  00000-0  00000-0 0 00000
2 68 097.6150 193.1200 0000000 000.0000 201.7510 15.01914300000000
1 68U          19330.52083333  .00000000  00000-0  00000-0 0 00000
2 68 097.6140 193.4810 0000000 000.0000 021.7510 15.01914300000000
1 68U          19330.86666667  .00000000  00000-0  00000-0 0 00000
2 68 097.6140 193.8220 0000000 000.0000 089.2510 15.01914300000000
1 68U          19331.30486111  .00000000  00000-0  00000-0 0 00000
2 68 097.6130 194.2540 0000000 000.0000 295.5000 15.01914300000000
1 68U          19331.62638889  .00000000  00000-0  00000-0 0 00000
2 68 097.6120 194.5710 0000000 000.0000 231.7500 15.01914300000000
1 68U          19331.84722222  .00000000  00000-0  00000-0 0 00000
2 68 097.6120 194.7890 0000000 000.0000 344.2500 15.01914300000000
1 68U          19332.25416667  .00000000  00000-0  00000-0 0 00000
2 68 097.6110 195.1900 0000000 000.0000 021.7500 15.01914300000000
1 68U          19332.51805556  .00000000  00000-0  00000-0 0 00000
2 68 097.6110 195.4500 0000000 000.0000 006.7500 15.01914300000000
1 68U          19332.88888889  .00000000  00000-0  00000-0 0 00000
2 68 097.6100 195.8150 0000000 000.0000 209.2500 15.01914300000000
1 68U          19325.91319444  .00000000  00000-0  00000-0 0 00000
2 68 097.6230 188.9400 0000000 000.0000 340.5020 15.01914300000000
1 68U          19325.98611111  .00000000  00000-0  00000-0 0 00000
2 68 097.6230 189.0120 0000000 000.0000 014.2520 15.01914300000000
1 68U          19326.05555556  .00000000  00000-0  00000-0 0 00000
2 68 097.6220 189.0810 0000000 000.0000 029.2520 15.01914300000000
1 68U          19326.12708333  .00000000  00000-0  00000-0 0 00000
2 68 097.6220 189.1510 0000000 000.0000 055.5020 15.01914300000000
1 68U          19326.24861111  .00000000  00000-0  00000-0 0 00000
2 68 097.6220 189.2710 0000000 000.0000 351.7520 15.01914300000000
1 68U          19326.29305556  .00000000  00000-0  00000-0 0 00000
2 68 097.6220 189.3150 0000000 000.0000 231.7520 15.01914300000000
1 68U          19326.38055556  .00000000  00000-0  00000-0 0 00000
2 68 097.6220 189.4010 0000000 000.0000 344.2520 15.01914300000000
1 68U          19326.49930556  .00000000  00000-0  00000-0 0 00000
2 68 097.6220 189.5180 0000000 000.0000 265.5020 15.01914300000000
1 68U          19326.56527778  .00000000  00000-0  00000-0 0 00000
2 68 097.6220 189.5830 0000000 000.0000 261.7520 15.01914300000000
1 68U          19326.64583333  .00000000  00000-0  00000-0 0 00000
2 68 097.6210 189.6620 0000000 000.0000 336.7520 15.01914300000000
1 68U          19326.72708333  .00000000  00000-0  00000-0 0 00000
2 68 097.6210 189.7430 0000000 000.0000 055.5020 15.01914300000000
1 68U          19326.79652778  .00000000  00000-0  00000-0 0 00000
2 68 097.6210 189.8110 0000000 000.0000 070.5020 15.01914300000000
1 68U          19326.88888889  .00000000  00000-0  00000-0 0 00000
2 68 097.6210 189.9020 0000000 000.0000 209.2520 15.01914300000000
1 68U          19326.99305556  .00000000  00000-0  00000-0 0 00000
2 68 097.6210 190.0050 0000000 000.0000 051.7520 15.01914300000000
1 68U          19327.05277778  .00000000  00000-0  00000-0 0 00000
2 68 097.6210 190.0640 0000000 000.0000 014.2520 15.01914300000000
1 68U          19327.15138889  .00000000  00000-0  00000-0 0 00000
2 68 097.6200 190.1610 0000000 000.0000 186.7520 15.01914300000000
1 68U          19327.23680556  .00000000  00000-0  00000-0 0 00000
2 68 097.6200 190.2450 0000000 000.0000 288.0020 15.01914300000000
1 68U          19327.29652778  .00000000  00000-0  00000-0 0 00000
2 68 097.6200 190.3040 0000000 000.0000 250.5020 15.01914300000000
1 68U          19327.37638889  .00000000  00000-0  00000-0 0 00000
2 68 097.6200 190.3820 0000000 000.0000 321.7520 15.01914300000000
1 68U          19327.46250000  .00000000  00000-0  00000-0 0 00000
2 68 097.6200 190.4670 0000000 000.0000 066.7520 15.01914300000000
1 68U          19327.56458333  .00000000  00000-0  00000-0 0 00000
2 68 097.6200 190.5680 0000000 000.0000 258.0020 15.01914300000000
1 68U          19327.65138889  .00000000  00000-0  00000-0 0 00000
2 68 097.6200 190.6540 0000000 000.0000 006.7520 15.01914300000000
1 68U          19327.71458333  .00000000  00000-0  00000-0 0 00000
2 68 097.6190 190.7160 0000000 000.0000 348.0020 15.01914300000000
1 68U          19327.80972222  .00000000  00000-0  00000-0 0 00000
2 68 097.6190 190.8100 0000000 000.0000 141.7520 15.01914300000000
1 68U          19327.89305556  .00000000  00000-0  00000-0 0 00000
2 68 097.6190 190.8920 0000000 000.0000 231.7520 15.01914300000000
1 68U          19327.96597222  .00000000  00000-0  00000-0 0 00000
2 68 097.6190 190.9640 0000000 000.0000 265.5020 15.01914300000000
1 68U          19328.07500000  .00000000  00000-0  00000-0 0 00000
2 68 097.6190 191.0710 0000000 000.0000 134.2520 15.01914300000000
1 68U          19328.13611111  .00000000  00000-0  00000-0 0 00000
2 68 097.6190 191.1310 0000000 000.0000 104.2520 15.01914300000000
1 68U          19328.23680556  .00000000  00000-0  00000-0 0 00000
2 68 097.6180 191.2300 0000000 000.0000 288.0020 15.01914300000000
1 68U          19328.31388889  .00000000  00000-0  00000-0 0 00000
2 68 097.6180 191.3060 0000000 000.0000 344.2520 15.01914300000000
1 68U          19328.40486111  .00000000  00000-0  00000-0 0 00000
2 68 097.6180 191.3960 0000000 000.0000 115.5010 15.01914300000000
1 68U          19328.48680556  .00000000  00000-0  00000-0 0 00000
2 68 097.6180 191.4770 0000000 000.0000 198.0010 15.01914300000000
1 68U          19328.56666667  .00000000  00000-0  00000-0 0 00000
2 68 097.6180 191.5560 0000000 000.0000 269.2510 15.01914300000000
1 68U          19328.66388889  .00000000  00000-0  00000-0 0 00000
2 68 097.6180 191.6510 0000000 000.0000 074.2510 15.01914300000000
1 68U          19328.73819444  .00000000  00000-0  00000-0 0 00000
2 68 097.6180 191.7250 0000000 000.0000 115.5010 15.01914300000000
1 68U          19328.83263889  .00000000  00000-0  00000-0 0 00000
2 68 097.6170 191.8180 0000000 000.0000 265.5010 15.01914300000000
1 68U          19328.90138889  .00000000  00000-0  00000-0 0 00000
2 68 097.6170 191.8850 0000000 000.0000 276.7510 15.01914300000000
1 68U          19328.99097222  .00000000  00000-0  00000-0 0 00000
2 68 097.6170 191.9740 0000000 000.0000 040.5010 15.01914300000000
1 68U          19329.04861111  .00000000  00000-0  00000-0 0 00000
2 68 097.6170 192.0310 0000000 000.0000 351.7510 15.01914300000000
1 68U          19329.13333333  .00000000  00000-0  00000-0 0 00000
2 68 097.6170 192.1140 0000000 000.0000 089.2510 15.01914300000000
1 68U          19329.23541667  .00000000  00000-0  00000-0 0 00000
2 68 097.6170 192.2150 0000000 000.0000 280.5010 15.01914300000000
1 68U          19329.29236111  .00000000  00000-0  00000-0 0 00000
2 68 097.6170 192.2710 0000000 000.0000 228.0010 15.01914300000000
1 68U          19329.40277778  .00000000  00000-0  00000-0 0 00000
2 68 097.6160 192.3800 0000000 000.0000 104.2510 15.01914300000000
1 68U          19329.47569444  .00000000  00000-0  00000-0 0 00000
2 68 097.6160 192.4510 0000000 000.0000 138.0010 15.01914300000000
1 68U          19329.58055556  .00000000  00000-0  00000-0 0 00000
2 68 097.6160 192.5550 0000000 000.0000 344.2510 15.01914300000000
1 68U          19329.65625000  .00000000  00000-0  00000-0 0 00000
2 68 097.6160 192.6290 0000000 000.0000 033.0010 15.01914300000000
1 68U          19329.73888889  .00000000  00000-0  00000-0 0 00000
2 68 097.6160 192.7110 0000000 000.0000 119.2510 15.01914300000000
1 68U          19329.82430556  .00000000  00000-0  00000-0 0 00000
2 68 097.6160 192.7950 0000000 000.0000 220.5010 15.01914300000000
1 68U          19329.88750000  .00000000  00000-0  00000-0 0 00000
2 68 097.6150 192.8570 0000000 000.0000 201.7510 15.01914300000000
1 68U          19329.96597222  .00000000  00000-0  00000-0 0 00000
2 68 097.6150 192.9350 0000000 000.0000 265.5010 15.01914300000000
1 68U          19330.07361111  .00000000  00000-0  00000-0 0 00000
2 68 097.6150 193.0410 0000000 000.0000 126.7510 15.01914300000000
1 68U          19330.15763889  .00000000  00000-0  00000-0 0 00000
2 68 097.6150 193.1240 0000000 000.0000 220.5010 15.01914300000000
1 68U          19330.22152778  .00000000  00000-0  00000-0 0 00000
2 68 097.6150 193.1870 0000000 000.0000 205.5010 15.01914300000000
1 68U          19330.31527778  .00000000  00000-0  00000-0 0 00000
2 68 097.6150 193.2790 0000000 000.0000 351.7510 15.01914300000000
1 68U          19330.39166667  .00000000  00000-0  00000-0 0 00000
2 68 097.6150 193.3540 0000000 000.0000 044.2510 15.01914300000000
1 68U          19330.47777778  .00000000  00000-0  00000-0 0 00000
2 68 097.6140 193.4390 0000000 000.0000 149.2510 15.01914300000000
1 68U          19330.57847222  .00000000  00000-0  00000-0 0 00000
2 68 097.6140 193.5380 0000000 000.0000 333.0010 15.01914300000000
1 68U          19330.65486111  .00000000  00000-0  00000-0 0 00000
2 68 097.6140 193.6140 0000000 000.0000 025.5010 15.01914300000000
1 68U          19330.71666667  .00000000  00000-0  00000-0 0 00000
2 68 097.6140 193.6740 0000000 000.0000 359.2510 15.01914300000000
1 68U          19330.82638889  .00000000  00000-0  00000-0 0 00000
2 68 097.6140 193.7830 0000000 000.0000 231.7510 15.01914300000000
1 68U          19330.88611111  .00000000  00000-0  00000-0 0 00000
2 68 097.6140 193.8410 0000000 000.0000 194.2510 15.01914300000000
1 68U          19330.98402778  .00000000  00000-0  00000-0 0 00000
2 68 097.6140 193.9380 0000000 000.0000 003.0000 15.01914300000000
1 68U          19331.07013889  .00000000  00000-0  00000-0 0 00000
2 68 097.6130 194.0230 0000000 000.0000 108.0000 15.01914300000000
1 68U          19331.16597222  .00000000  00000-0  00000-0 0 00000
2 68 097.6130 194.1170 0000000 000.0000 265.5000 15.01914300000000
1 68U          19331.22500000  .00000000  00000-0  00000-0 0 00000
2 68 097.6130 194.1750 0000000 000.0000 224.2500 15.01914300000000
1 68U          19331.33194444  .00000000  00000-0  00000-0 0 00000
2 68 097.6130 194.2810 0000000 000.0000 081.7500 15.01914300000000
1 68U          19331.40972222  .00000000  00000-0  00000-0 0 00000
2 68 097.6130 194.3580 0000000 000.0000 141.7500 15.01914300000000
1 68U          19331.49097222  .00000000  00000-0  00000-0 0 00000
2 68 097.6130 194.4380 0000000 000.0000 220.5000 15.01914300000000
1 68U          19331.58125000  .00000000  00000-0  00000-0 0 00000
2 68 097.6120 194.5270 0000000 000.0000 348.0000 15.01914300000000
1 68U          19331.65694444  .00000000  00000-0  00000-0 0 00000
2 68 097.6120 194.6010 0000000 000.0000 036.7500 15.01914300000000
1 68U          19331.72777778  .00000000  00000-0  00000-0 0 00000
2 68 097.6120 194.6710 0000000 000.0000 059.2500 15.01914300000000
1 68U          19331.79652778  .00000000  00000-0  00000-0 0 00000
2 68 097.6120 194.7390 0000000 000.0000 070.5000 15.01914300000000
1 68U          19331.91111111  .00000000  00000-0  00000-0 0 00000
2 68 097.6120 194.8520 0000000 000.0000 329.2500 15.01914300000000
1 68U          19331.96875000  .00000000  00000-0  00000-0 0 00000
2 68 097.6120 194.9080 0000000 000.0000 280.5000 15.01914300000000
1 68U          19332.06944444  .00000000  00000-0  00000-0 0 00000
2 68 097.6120 195.0080 0000000 000.0000 104.2500 15.01914300000000
1 68U          19332.16458333  .00000000  00000-0  00000-0 0 00000
2 68 097.6110 195.1010 0000000 000.0000 258.0000 15.01914300000000
1 68U          19332.22013889  .00000000  00000-0  00000-0 0 00000
2 68 097.6110 195.1560 0000000 000.0000 198.0000 15.01914300000000
1 68U          19332.30555556  .00000000  00000-0  00000-0 0 00000
2 68 097.6110 195.2400 0000000 000.0000 299.2500 15.01914300000000
1 68U          19332.41458333  .00000000  00000-0  00000-0 0 00000
2 68 097.6110 195.3480 0000000 000.0000 168.0000 15.01914300000000
1 68U          19332.46527778  .00000000  00000-0  00000-0 0 00000
2 68 097.6110 195.3980 0000000 000.0000 081.7500 15.01914300000000
1 68U          19332.55763889  .00000000  00000-0  00000-0 0 00000
2 68 097.6110 195.4890 0000000 000.0000 220.5000 15.01914300000000
1 68U          19332.63541667  .00000000  00000-0  00000-0 0 00000
2 68 097.6110 195.5660 0000000 000.0000 280.5000 15.01914300000000
1 68U          19332.72569444  .00000000  00000-0  00000-0 0 00000
2 68 097.6100 195.6540 0000000 000.0000 048.0000 15.01914300000000
1 68U          19332.80555556  .00000000  00000-0  00000-0 0 00000
2 68 097.6100 195.7330 0000000 000.0000 119.2500 15.01914300000000
1 68U          19332.89583333  .00000000  00000-0  00000-0 0 00000
2 68 097.6100 195.8220 0000000 000.0000 246.7500 15.01914300000000
