1 68564U          19281.96319444  .00000000  00000-0  00000-0 0 00000
2 68564 097.6560 171.3370 0000000 000.0000 277.9290 15.01920000000000
1 68564U          19282.25902778  .00000000  00000-0  00000-0 0 00000
2 68564 097.6550 171.6290 0000000 000.0000 075.4290 15.01920000000000
1 68564U          19282.69444444  .00000000  00000-0  00000-0 0 00000
2 68564 097.6540 172.0580 0000000 000.0000 266.6800 15.01920000000000
1 68564U          19283.01111111  .00000000  00000-0  00000-0 0 00000
2 68564 097.6540 172.3700 0000000 000.0000 176.6800 15.01920000000000
1 68564U          19283.26250000  .00000000  00000-0  00000-0 0 00000
2 68564 097.6530 172.6180 0000000 000.0000 094.1800 15.01920000000000
1 68564U          19283.59097222  .00000000  00000-0  00000-0 0 00000
2 68564 097.6530 172.9420 0000000 000.0000 067.9300 15.01920000000000
1 68564U          19283.97222222  .00000000  00000-0  00000-0 0 00000
2 68564 097.6520 173.3170 0000000 000.0000 326.6800 15.01920000000000
1 68564U          19284.32569444  .00000000  00000-0  00000-0 0 00000
2 68564 097.6510 173.6660 0000000 000.0000 075.4300 15.01920000000000
1 68564U          19284.70138889  .00000000  00000-0  00000-0 0 00000
2 68564 097.6510 174.0360 0000000 000.0000 304.1800 15.01920000000000
1 68564U          19284.98263889  .00000000  00000-0  00000-0 0 00000
2 68564 097.6500 174.3130 0000000 000.0000 022.9300 15.01920000000000
1 68564U          19285.37986111  .00000000  00000-0  00000-0 0 00000
2 68564 097.6500 174.7050 0000000 000.0000 007.9300 15.01920000000000
1 68564U          19285.69236111  .00000000  00000-0  00000-0 0 00000
2 68564 097.6490 175.0130 0000000 000.0000 255.4300 15.01920000000000
1 68564U          19285.96666667  .00000000  00000-0  00000-0 0 00000
2 68564 097.6480 175.2830 0000000 000.0000 296.6800 15.01920000000000
1 68564U          19286.26527778  .00000000  00000-0  00000-0 0 00000
2 68564 097.6480 175.5780 0000000 000.0000 109.1800 15.01920000000000
1 68564U          19286.70833333  .00000000  00000-0  00000-0 0 00000
2 68564 097.6470 176.0140 0000000 000.0000 341.6810 15.01920000000000
1 68564U          19286.93333333  .00000000  00000-0  00000-0 0 00000
2 68564 097.6470 176.2360 0000000 000.0000 116.6810 15.01920000000000
1 68564U          19287.39513889  .00000000  00000-0  00000-0 0 00000
2 68564 097.6460 176.6910 0000000 000.0000 090.4310 15.01920000000000
1 68564U          19287.71805556  .00000000  00000-0  00000-0 0 00000
2 68564 097.6450 177.0090 0000000 000.0000 034.1810 15.01920000000000
1 68564U          19287.99791667  .00000000  00000-0  00000-0 0 00000
2 68564 097.6450 177.2850 0000000 000.0000 105.4310 15.01920000000000
1 68564U          19288.30555556  .00000000  00000-0  00000-0 0 00000
2 68564 097.6440 177.5880 0000000 000.0000 326.6810 15.01920000000000
1 68564U          19288.60833333  .00000000  00000-0  00000-0 0 00000
2 68564 097.6440 177.8870 0000000 000.0000 161.6810 15.01920000000000
1 68564U          19289.07916667  .00000000  00000-0  00000-0 0 00000
2 68564 097.6430 178.3510 0000000 000.0000 184.1810 15.01920000000000
1 68564U          19289.31597222  .00000000  00000-0  00000-0 0 00000
2 68564 097.6420 178.5840 0000000 000.0000 022.9310 15.01920000000000
1 68564U          19289.64583333  .00000000  00000-0  00000-0 0 00000
2 68564 097.6420 178.9090 0000000 000.0000 004.1810 15.01920000000000
1 68564U          19289.93819444  .00000000  00000-0  00000-0 0 00000
2 68564 097.6410 179.1980 0000000 000.0000 142.9310 15.01920000000000
1 68564U          19290.41250000  .00000000  00000-0  00000-0 0 00000
2 68564 097.6400 179.6650 0000000 000.0000 184.1810 15.01920000000000
1 68564U          19290.71875000  .00000000  00000-0  00000-0 0 00000
2 68564 097.6400 179.9670 0000000 000.0000 037.9310 15.01920000000000
1 68564U          19291.03541667  .00000000  00000-0  00000-0 0 00000
2 68564 097.6390 180.2790 0000000 000.0000 307.9310 15.01920000000000
1 68564U          19291.29027778  .00000000  00000-0  00000-0 0 00000
2 68564 097.6390 180.5300 0000000 000.0000 244.1810 15.01920000000000
1 68564U          19291.71944444  .00000000  00000-0  00000-0 0 00000
2 68564 097.6380 180.9530 0000000 000.0000 041.6810 15.01920000000000
1 68564U          19291.92500000  .00000000  00000-0  00000-0 0 00000
2 68564 097.6370 181.1560 0000000 000.0000 071.6810 15.01920000000000
1 68564U          19292.29375000  .00000000  00000-0  00000-0 0 00000
2 68564 097.6370 181.5190 0000000 000.0000 262.9310 15.01920000000000
1 68564U          19292.59305556  .00000000  00000-0  00000-0 0 00000
2 68564 097.6360 181.8140 0000000 000.0000 079.1810 15.01920000000000
1 68564U          19293.05625000  .00000000  00000-0  00000-0 0 00000
2 68564 097.6350 182.2710 0000000 000.0000 060.4310 15.01920000000000
1 68564U          19293.29236111  .00000000  00000-0  00000-0 0 00000
2 68564 097.6350 182.5030 0000000 000.0000 255.4310 15.01920000000000
1 68564U          19293.66319444  .00000000  00000-0  00000-0 0 00000
2 68564 097.6340 182.8690 0000000 000.0000 097.9310 15.01920000000000
1 68564U          19294.01527778  .00000000  00000-0  00000-0 0 00000
2 68564 097.6330 183.2160 0000000 000.0000 199.1810 15.01920000000000
1 68564U          19294.32500000  .00000000  00000-0  00000-0 0 00000
2 68564 097.6330 183.5210 0000000 000.0000 071.6810 15.01920000000000
1 68564U          19294.58958333  .00000000  00000-0  00000-0 0 00000
2 68564 097.6320 183.7820 0000000 000.0000 060.4310 15.01920000000000
1 68564U          19294.95000000  .00000000  00000-0  00000-0 0 00000
2 68564 097.6320 184.1370 0000000 000.0000 206.6810 15.01920000000000
1 68564U          19295.33402778  .00000000  00000-0  00000-0 0 00000
2 68564 097.6310 184.5160 0000000 000.0000 120.4310 15.01920000000000
1 68564U          19295.61319444  .00000000  00000-0  00000-0 0 00000
2 68564 097.6310 184.7910 0000000 000.0000 187.9310 15.01920000000000
1 68564U          19296.01111111  .00000000  00000-0  00000-0 0 00000
2 68564 097.6300 185.1830 0000000 000.0000 176.6810 15.01920000000000
1 68564U          19296.35000000  .00000000  00000-0  00000-0 0 00000
2 68564 097.6290 185.5170 0000000 000.0000 206.6810 15.01920000000000
1 68564U          19296.74305556  .00000000  00000-0  00000-0 0 00000
2 68564 097.6280 185.9040 0000000 000.0000 169.1800 15.01920000000000
1 68564U          19296.98541667  .00000000  00000-0  00000-0 0 00000
2 68564 097.6280 186.1430 0000000 000.0000 037.9300 15.01920000000000
1 68564U          19297.40625000  .00000000  00000-0  00000-0 0 00000
2 68564 097.6270 186.5580 0000000 000.0000 150.4300 15.01920000000000
1 68564U          19297.73125000  .00000000  00000-0  00000-0 0 00000
2 68564 097.6270 186.8780 0000000 000.0000 105.4300 15.01920000000000
1 68564U          19297.95000000  .00000000  00000-0  00000-0 0 00000
2 68564 097.6260 187.0940 0000000 000.0000 206.6800 15.01920000000000
1 68564U          19298.39861111  .00000000  00000-0  00000-0 0 00000
2 68564 097.6250 187.5360 0000000 000.0000 109.1800 15.01920000000000
1 68564U          19298.71875000  .00000000  00000-0  00000-0 0 00000
2 68564 097.6250 187.8520 0000000 000.0000 037.9300 15.01920000000000
1 68564U          19299.05972222  .00000000  00000-0  00000-0 0 00000
2 68564 097.6240 188.1880 0000000 000.0000 079.1800 15.01920000000000
1 68564U          19299.26458333  .00000000  00000-0  00000-0 0 00000
2 68564 097.6240 188.3900 0000000 000.0000 105.4300 15.01920000000000
1 68564U          19299.59513889  .00000000  00000-0  00000-0 0 00000
2 68564 097.6230 188.7150 0000000 000.0000 090.4300 15.01920000000000
1 68564U          19299.92083333  .00000000  00000-0  00000-0 0 00000
2 68564 097.6230 189.0360 0000000 000.0000 049.1800 15.01920000000000
1 68564U          19300.25347222  .00000000  00000-0  00000-0 0 00000
2 68564 097.6220 189.3640 0000000 000.0000 045.4300 15.01920000000000
1 68564U          19300.72569444  .00000000  00000-0  00000-0 0 00000
2 68564 097.6210 189.8300 0000000 000.0000 075.4300 15.01920000000000
1 68564U          19301.05486111  .00000000  00000-0  00000-0 0 00000
2 68564 097.6200 190.1540 0000000 000.0000 052.9290 15.01920000000000
1 68564U          19301.34583333  .00000000  00000-0  00000-0 0 00000
2 68564 097.6200 190.4410 0000000 000.0000 184.1790 15.01920000000000
1 68564U          19301.73611111  .00000000  00000-0  00000-0 0 00000
2 68564 097.6190 190.8250 0000000 000.0000 131.6790 15.01920000000000
1 68564U          19301.94375000  .00000000  00000-0  00000-0 0 00000
2 68564 097.6190 191.0300 0000000 000.0000 172.9290 15.01920000000000
1 68564U          19302.28333333  .00000000  00000-0  00000-0 0 00000
2 68564 097.6180 191.3650 0000000 000.0000 206.6790 15.01920000000000
1 68564U          19302.71597222  .00000000  00000-0  00000-0 0 00000
2 68564 097.6170 191.7910 0000000 000.0000 022.9290 15.01920000000000
1 68564U          19303.04027778  .00000000  00000-0  00000-0 0 00000
2 68564 097.6170 192.1110 0000000 000.0000 334.1790 15.01920000000000
1 68564U          19303.38819444  .00000000  00000-0  00000-0 0 00000
2 68564 097.6160 192.4540 0000000 000.0000 052.9290 15.01920000000000
1 68564U          19303.70138889  .00000000  00000-0  00000-0 0 00000
2 68564 097.6160 192.7620 0000000 000.0000 304.1790 15.01920000000000
1 68564U          19303.97500000  .00000000  00000-0  00000-0 0 00000
2 68564 097.6150 193.0320 0000000 000.0000 341.6780 15.01920000000000
1 68564U          19304.26736111  .00000000  00000-0  00000-0 0 00000
2 68564 097.6150 193.3200 0000000 000.0000 120.4280 15.01920000000000
1 68564U          19304.64930556  .00000000  00000-0  00000-0 0 00000
2 68564 097.6140 193.6970 0000000 000.0000 022.9280 15.01920000000000
1 68564U          19304.99513889  .00000000  00000-0  00000-0 0 00000
2 68564 097.6130 194.0370 0000000 000.0000 090.4280 15.01920000000000
1 68564U          19305.30625000  .00000000  00000-0  00000-0 0 00000
2 68564 097.6130 194.3440 0000000 000.0000 330.4280 15.01920000000000
1 68564U          19305.70069444  .00000000  00000-0  00000-0 0 00000
2 68564 097.6120 194.7330 0000000 000.0000 300.4280 15.01920000000000
1 68564U          19305.98263889  .00000000  00000-0  00000-0 0 00000
2 68564 097.6120 195.0110 0000000 000.0000 022.9280 15.01920000000000
1 68564U          19306.40208333  .00000000  00000-0  00000-0 0 00000
2 68564 097.6110 195.4240 0000000 000.0000 127.9270 15.01920000000000
1 68564U          19306.66666667  .00000000  00000-0  00000-0 0 00000
2 68564 097.6100 195.6850 0000000 000.0000 116.6770 15.01920000000000
1 68564U          19307.05555556  .00000000  00000-0  00000-0 0 00000
2 68564 097.6100 196.0680 0000000 000.0000 056.6770 15.01920000000000
1 68564U          19307.37430556  .00000000  00000-0  00000-0 0 00000
2 68564 097.6090 196.3820 0000000 000.0000 337.9270 15.01920000000000
1 68564U          19307.69236111  .00000000  00000-0  00000-0 0 00000
2 68564 097.6080 196.6960 0000000 000.0000 255.4270 15.01920000000000
1 68564U          19308.07152778  .00000000  00000-0  00000-0 0 00000
2 68564 097.6080 197.0690 0000000 000.0000 142.9270 15.01920000000000
1 68564U          19308.38402778  .00000000  00000-0  00000-0 0 00000
2 68564 097.6070 197.3770 0000000 000.0000 030.4260 15.01920000000000
1 68564U          19308.73402778  .00000000  00000-0  00000-0 0 00000
2 68564 097.6070 197.7220 0000000 000.0000 120.4260 15.01920000000000
1 68564U          19308.92777778  .00000000  00000-0  00000-0 0 00000
2 68564 097.6060 197.9130 0000000 000.0000 086.6760 15.01920000000000
1 68564U          19309.38888889  .00000000  00000-0  00000-0 0 00000
2 68564 097.6050 198.3680 0000000 000.0000 056.6760 15.01920000000000
1 68564U          19309.68194444  .00000000  00000-0  00000-0 0 00000
2 68564 097.6050 198.6560 0000000 000.0000 199.1760 15.01920000000000
1 68564U          19309.93611111  .00000000  00000-0  00000-0 0 00000
2 68564 097.6050 198.9070 0000000 000.0000 131.6760 15.01920000000000
1 68564U          19310.32638889  .00000000  00000-0  00000-0 0 00000
2 68564 097.6040 199.2920 0000000 000.0000 079.1750 15.01920000000000
1 68564U          19310.69791667  .00000000  00000-0  00000-0 0 00000
2 68564 097.6030 199.6580 0000000 000.0000 285.4250 15.01920000000000
1 68564U          19311.02777778  .00000000  00000-0  00000-0 0 00000
2 68564 097.6030 199.9830 0000000 000.0000 266.6750 15.01920000000000
1 68564U          19311.31944444  .00000000  00000-0  00000-0 0 00000
2 68564 097.6020 200.2700 0000000 000.0000 041.6750 15.01920000000000
1 68564U          19311.60277778  .00000000  00000-0  00000-0 0 00000
2 68564 097.6020 200.5490 0000000 000.0000 131.6750 15.01920000000000
1 68564U          19311.93958333  .00000000  00000-0  00000-0 0 00000
2 68564 097.6010 200.8810 0000000 000.0000 150.4240 15.01914300000000
1 68564U          19312.20138889  .00000000  00000-0  00000-0 0 00000
2 68564 097.6010 201.1390 0000000 000.0000 124.1740 15.01914300000000
1 68564U          19312.54166667  .00000000  00000-0  00000-0 0 00000
2 68564 097.6000 201.4750 0000000 000.0000 161.6740 15.01914300000000
1 68564U          19312.92847222  .00000000  00000-0  00000-0 0 00000
2 68564 097.5990 201.8560 0000000 000.0000 090.4240 15.01914300000000
1 68564U          19313.15833333  .00000000  00000-0  00000-0 0 00000
2 68564 097.5990 202.0820 0000000 000.0000 251.6730 15.01914300000000
1 68564U          19313.60416667  .00000000  00000-0  00000-0 0 00000
2 68564 097.5980 202.5220 0000000 000.0000 139.1730 15.01914300000000
1 68564U          19313.81527778  .00000000  00000-0  00000-0 0 00000
2 68564 097.5980 202.7300 0000000 000.0000 199.1730 15.01914300000000
1 68564U          19314.18333333  .00000000  00000-0  00000-0 0 00000
2 68564 097.5970 203.0930 0000000 000.0000 026.6730 15.01914300000000
1 68564U          19314.50902778  .00000000  00000-0  00000-0 0 00000
2 68564 097.5970 203.4140 0000000 000.0000 345.4230 15.01914300000000
1 68564U          19314.93194444  .00000000  00000-0  00000-0 0 00000
2 68564 097.5960 203.8300 0000000 000.0000 109.1720 15.01914300000000
1 68564U          19315.30416667  .00000000  00000-0  00000-0 0 00000
2 68564 097.5950 204.1970 0000000 000.0000 319.1720 15.01914300000000
1 68564U          19315.47986111  .00000000  00000-0  00000-0 0 00000
2 68564 097.5950 204.3700 0000000 000.0000 187.9220 15.01914300000000
1 68564U          19315.83055556  .00000000  00000-0  00000-0 0 00000
2 68564 097.5940 204.7160 0000000 000.0000 281.6720 15.01914300000000
1 68564U          19316.25347222  .00000000  00000-0  00000-0 0 00000
2 68564 097.5940 205.1330 0000000 000.0000 045.4210 15.01914300000000
1 68564U          19316.57638889  .00000000  00000-0  00000-0 0 00000
2 68564 097.5930 205.4510 0000000 000.0000 349.1710 15.01914300000000
1 68564U          19316.82013889  .00000000  00000-0  00000-0 0 00000
2 68564 097.5930 205.6910 0000000 000.0000 225.4210 15.01914300000000
1 68564U          19317.20833333  .00000000  00000-0  00000-0 0 00000
2 68564 097.5920 206.0740 0000000 000.0000 161.6710 15.01914300000000
1 68564U          19317.49375000  .00000000  00000-0  00000-0 0 00000
2 68564 097.5920 206.3550 0000000 000.0000 262.9200 15.01914300000000
1 68564U          19317.84513889  .00000000  00000-0  00000-0 0 00000
2 68564 097.5910 206.7010 0000000 000.0000 000.4200 15.01914300000000
1 68564U          19318.30972222  .00000000  00000-0  00000-0 0 00000
2 68564 097.5900 207.1590 0000000 000.0000 349.1700 15.01914300000000
1 68564U          19318.51527778  .00000000  00000-0  00000-0 0 00000
2 68564 097.5900 207.3620 0000000 000.0000 019.1690 15.01914300000000
1 68564U          19318.89583333  .00000000  00000-0  00000-0 0 00000
2 68564 097.5890 207.7370 0000000 000.0000 274.1690 15.01914300000000
1 68564U          19318.90902778  .00000000  00000-0  00000-0 0 00000
2 68564 097.5890 207.7500 0000000 000.0000 345.4190 15.01914300000000
1 68564U          19319.16666667  .00000000  00000-0  00000-0 0 00000
2 68564 097.5890 208.0040 0000000 000.0000 296.6690 15.01914300000000
1 68564U          19319.63472222  .00000000  00000-0  00000-0 0 00000
2 68564 097.5880 208.4650 0000000 000.0000 304.1680 15.01914300000000
1 68564U          19319.87500000  .00000000  00000-0  00000-0 0 00000
2 68564 097.5880 208.7020 0000000 000.0000 161.6680 15.01914300000000
1 68564U          19320.20277778  .00000000  00000-0  00000-0 0 00000
2 68564 097.5870 209.0250 0000000 000.0000 131.6680 15.01914300000000
1 68564U          19320.53958333  .00000000  00000-0  00000-0 0 00000
2 68564 097.5870 209.3570 0000000 000.0000 150.4180 15.01914300000000
1 68564U          19320.88333333  .00000000  00000-0  00000-0 0 00000
2 68564 097.5860 209.6950 0000000 000.0000 206.6670 15.01914300000000
1 68564U          19321.25277778  .00000000  00000-0  00000-0 0 00000
2 68564 097.5850 210.0600 0000000 000.0000 041.6670 15.01914300000000
1 68564U          19321.51944444  .00000000  00000-0  00000-0 0 00000
2 68564 097.5850 210.3220 0000000 000.0000 041.6670 15.01914300000000
1 68564U          19321.87361111  .00000000  00000-0  00000-0 0 00000
2 68564 097.5840 210.6710 0000000 000.0000 154.1660 15.01914300000000
1 68564U          19322.26527778  .00000000  00000-0  00000-0 0 00000
2 68564 097.5840 211.0570 0000000 000.0000 109.1660 15.01914300000000
1 68564U          19322.62708333  .00000000  00000-0  00000-0 0 00000
2 68564 097.5830 211.4140 0000000 000.0000 262.9160 15.01914300000000
1 68564U          19322.86736111  .00000000  00000-0  00000-0 0 00000
2 68564 097.5830 211.6510 0000000 000.0000 120.4160 15.01914300000000
1 68564U          19323.25972222  .00000000  00000-0  00000-0 0 00000
2 68564 097.5820 212.0370 0000000 000.0000 079.1650 15.01914300000000
1 68564U          19323.52986111  .00000000  00000-0  00000-0 0 00000
2 68564 097.5820 212.3040 0000000 000.0000 097.9150 15.01914300000000
1 68564U          19323.93611111  .00000000  00000-0  00000-0 0 00000
2 68564 097.5810 212.7040 0000000 000.0000 131.6650 15.01914300000000
1 68564U          19324.17361111  .00000000  00000-0  00000-0 0 00000
2 68564 097.5810 212.9380 0000000 000.0000 334.1640 15.01914300000000
1 68564U          19324.57291667  .00000000  00000-0  00000-0 0 00000
2 68564 097.5800 213.3310 0000000 000.0000 330.4140 15.01914300000000
1 68564U          19324.85902778  .00000000  00000-0  00000-0 0 00000
2 68564 097.5800 213.6130 0000000 000.0000 075.4140 15.01914300000000
1 68564U          19325.31180556  .00000000  00000-0  00000-0 0 00000
2 68564 097.5790 214.0600 0000000 000.0000 000.4130 15.01914300000000
1 68564U          19325.56388889  .00000000  00000-0  00000-0 0 00000
2 68564 097.5790 214.3080 0000000 000.0000 281.6630 15.01914300000000
1 68564U          19325.89583333  .00000000  00000-0  00000-0 0 00000
2 68564 097.5780 214.6350 0000000 000.0000 274.1630 15.01914300000000
1 68564U          19325.89583333  .00000000  00000-0  00000-0 0 00000
2 68564 097.5780 214.6350 0000000 000.0000 274.1630 15.01914300000000
1 68564U          19326.28611111  .00000000  00000-0  00000-0 0 00000
2 68564 097.5780 215.0200 0000000 000.0000 221.6620 15.01914300000000
1 68564U          19326.54236111  .00000000  00000-0  00000-0 0 00000
2 68564 097.5770 215.2720 0000000 000.0000 165.4120 15.01914300000000
1 68564U          19326.97430556  .00000000  00000-0  00000-0 0 00000
2 68564 097.5770 215.6980 0000000 000.0000 337.9110 15.01914300000000
1 68564U          19327.30000000  .00000000  00000-0  00000-0 0 00000
2 68564 097.5760 216.0190 0000000 000.0000 296.6610 15.01914300000000
1 68564U          19327.63402778  .00000000  00000-0  00000-0 0 00000
2 68564 097.5760 216.3480 0000000 000.0000 300.4110 15.01914300000000
1 68564U          19327.81875000  .00000000  00000-0  00000-0 0 00000
2 68564 097.5750 216.5300 0000000 000.0000 217.9100 15.01914300000000
1 68564U          19328.29097222  .00000000  00000-0  00000-0 0 00000
2 68564 097.5750 216.9950 0000000 000.0000 247.9100 15.01914300000000
1 68564U          19328.59375000  .00000000  00000-0  00000-0 0 00000
2 68564 097.5740 217.2940 0000000 000.0000 082.9100 15.01914300000000
1 68564U          19328.94444444  .00000000  00000-0  00000-0 0 00000
2 68564 097.5740 217.6390 0000000 000.0000 176.6590 15.01914300000000
1 68564U          19329.19027778  .00000000  00000-0  00000-0 0 00000
2 68564 097.5730 217.8820 0000000 000.0000 064.1590 15.01914300000000
1 68564U          19329.57638889  .00000000  00000-0  00000-0 0 00000
2 68564 097.5730 218.2620 0000000 000.0000 349.1590 15.01914300000000
1 68564U          19329.97291667  .00000000  00000-0  00000-0 0 00000
2 68564 097.5720 218.6530 0000000 000.0000 330.4080 15.01914300000000
1 68564U          19330.15833333  .00000000  00000-0  00000-0 0 00000
2 68564 097.5720 218.8360 0000000 000.0000 251.6580 15.01914300000000
1 68564U          19330.50833333  .00000000  00000-0  00000-0 0 00000
2 68564 097.5710 219.1810 0000000 000.0000 341.6570 15.01914300000000
1 68564U          19330.90208333  .00000000  00000-0  00000-0 0 00000
2 68564 097.5710 219.5690 0000000 000.0000 307.9070 15.01914300000000
1 68564U          19331.22152778  .00000000  00000-0  00000-0 0 00000
2 68564 097.5700 219.8830 0000000 000.0000 232.9070 15.01914300000000
1 68564U          19331.55208333  .00000000  00000-0  00000-0 0 00000
2 68564 097.5700 220.2090 0000000 000.0000 217.9060 15.01914300000000
1 68564U          19331.89027778  .00000000  00000-0  00000-0 0 00000
2 68564 097.5690 220.5420 0000000 000.0000 244.1560 15.01914300000000
1 68564U          19332.24236111  .00000000  00000-0  00000-0 0 00000
2 68564 097.5690 220.8890 0000000 000.0000 345.4050 15.01914300000000
1 68564U          19332.56666667  .00000000  00000-0  00000-0 0 00000
2 68564 097.5680 221.2090 0000000 000.0000 296.6550 15.01914300000000
1 68564U          19332.82291667  .00000000  00000-0  00000-0 0 00000
2 68564 097.5680 221.4610 0000000 000.0000 240.4050 15.01914300000000
