1 69128U          19281.96805556  .00000000  00000-0  00000-0 0 00000
2 69128 097.6560 171.3420 0000000 000.0000 280.1790 15.01920000000000
1 69128U          19282.25902778  .00000000  00000-0  00000-0 0 00000
2 69128 097.6550 171.6290 0000000 000.0000 051.4290 15.01920000000000
1 69128U          19282.74930556  .00000000  00000-0  00000-0 0 00000
2 69128 097.6540 172.1120 0000000 000.0000 178.9300 15.01920000000000
1 69128U          19283.04236111  .00000000  00000-0  00000-0 0 00000
2 69128 097.6540 172.4010 0000000 000.0000 321.4300 15.01920000000000
1 69128U          19283.36875000  .00000000  00000-0  00000-0 0 00000
2 69128 097.6530 172.7230 0000000 000.0000 283.9300 15.01920000000000
1 69128U          19283.65694444  .00000000  00000-0  00000-0 0 00000
2 69128 097.6530 173.0070 0000000 000.0000 040.1800 15.01920000000000
1 69128U          19284.07916667  .00000000  00000-0  00000-0 0 00000
2 69128 097.6520 173.4230 0000000 000.0000 160.1800 15.01920000000000
1 69128U          19284.32708333  .00000000  00000-0  00000-0 0 00000
2 69128 097.6510 173.6670 0000000 000.0000 058.9300 15.01920000000000
1 69128U          19284.65000000  .00000000  00000-0  00000-0 0 00000
2 69128 097.6510 173.9850 0000000 000.0000 002.6800 15.01920000000000
1 69128U          19284.93472222  .00000000  00000-0  00000-0 0 00000
2 69128 097.6500 174.2660 0000000 000.0000 100.1800 15.01920000000000
1 69128U          19285.25069444  .00000000  00000-0  00000-0 0 00000
2 69128 097.6500 174.5780 0000000 000.0000 006.4300 15.01920000000000
1 69128U          19285.61458333  .00000000  00000-0  00000-0 0 00000
2 69128 097.6490 174.9360 0000000 000.0000 171.4300 15.01920000000000
1 69128U          19286.02222222  .00000000  00000-0  00000-0 0 00000
2 69128 097.6480 175.3380 0000000 000.0000 212.6800 15.01920000000000
1 69128U          19286.40138889  .00000000  00000-0  00000-0 0 00000
2 69128 097.6480 175.7120 0000000 000.0000 100.1800 15.01920000000000
1 69128U          19286.59236111  .00000000  00000-0  00000-0 0 00000
2 69128 097.6470 175.9000 0000000 000.0000 051.4300 15.01920000000000
1 69128U          19286.92083333  .00000000  00000-0  00000-0 0 00000
2 69128 097.6470 176.2240 0000000 000.0000 025.1810 15.01920000000000
1 69128U          19287.30416667  .00000000  00000-0  00000-0 0 00000
2 69128 097.6460 176.6010 0000000 000.0000 295.1810 15.01920000000000
1 69128U          19287.59305556  .00000000  00000-0  00000-0 0 00000
2 69128 097.6450 176.8860 0000000 000.0000 055.1810 15.01920000000000
1 69128U          19288.03194444  .00000000  00000-0  00000-0 0 00000
2 69128 097.6450 177.3190 0000000 000.0000 265.1810 15.01920000000000
1 69128U          19288.39375000  .00000000  00000-0  00000-0 0 00000
2 69128 097.6440 177.6750 0000000 000.0000 058.9310 15.01920000000000
1 69128U          19288.64930556  .00000000  00000-0  00000-0 0 00000
2 69128 097.6430 177.9270 0000000 000.0000 358.9310 15.01920000000000
1 69128U          19288.97430556  .00000000  00000-0  00000-0 0 00000
2 69128 097.6430 178.2480 0000000 000.0000 313.9310 15.01920000000000
1 69128U          19289.25555556  .00000000  00000-0  00000-0 0 00000
2 69128 097.6420 178.5250 0000000 000.0000 032.6810 15.01920000000000
1 69128U          19289.74166667  .00000000  00000-0  00000-0 0 00000
2 69128 097.6410 179.0040 0000000 000.0000 137.6810 15.01920000000000
1 69128U          19290.05000000  .00000000  00000-0  00000-0 0 00000
2 69128 097.6410 179.3080 0000000 000.0000 002.6810 15.01920000000000
1 69128U          19290.39722222  .00000000  00000-0  00000-0 0 00000
2 69128 097.6400 179.6500 0000000 000.0000 077.6810 15.01920000000000
1 69128U          19290.67569444  .00000000  00000-0  00000-0 0 00000
2 69128 097.6400 179.9240 0000000 000.0000 141.4310 15.01920000000000
1 69128U          19291.00000000  .00000000  00000-0  00000-0 0 00000
2 69128 097.6390 180.2440 0000000 000.0000 092.6810 15.01920000000000
1 69128U          19291.35416667  .00000000  00000-0  00000-0 0 00000
2 69128 097.6380 180.5930 0000000 000.0000 205.1810 15.01920000000000
1 69128U          19291.74236111  .00000000  00000-0  00000-0 0 00000
2 69128 097.6380 180.9760 0000000 000.0000 141.4310 15.01920000000000
1 69128U          19292.04791667  .00000000  00000-0  00000-0 0 00000
2 69128 097.6370 181.2770 0000000 000.0000 351.4310 15.01920000000000
1 69128U          19292.30694444  .00000000  00000-0  00000-0 0 00000
2 69128 097.6370 181.5320 0000000 000.0000 310.1810 15.01920000000000
1 69128U          19292.71180556  .00000000  00000-0  00000-0 0 00000
2 69128 097.6360 181.9310 0000000 000.0000 336.4310 15.01920000000000
1 69128U          19292.91944444  .00000000  00000-0  00000-0 0 00000
2 69128 097.6350 182.1360 0000000 000.0000 017.6810 15.01920000000000
1 69128U          19293.31250000  .00000000  00000-0  00000-0 0 00000
2 69128 097.6350 182.5230 0000000 000.0000 340.1810 15.01920000000000
1 69128U          19293.65138889  .00000000  00000-0  00000-0 0 00000
2 69128 097.6340 182.8570 0000000 000.0000 010.1810 15.01920000000000
1 69128U          19293.92152778  .00000000  00000-0  00000-0 0 00000
2 69128 097.6340 183.1240 0000000 000.0000 028.9310 15.01920000000000
1 69128U          19294.35625000  .00000000  00000-0  00000-0 0 00000
2 69128 097.6330 183.5520 0000000 000.0000 216.4310 15.01920000000000
1 69128U          19294.61458333  .00000000  00000-0  00000-0 0 00000
2 69128 097.6320 183.8070 0000000 000.0000 171.4310 15.01920000000000
1 69128U          19294.99444444  .00000000  00000-0  00000-0 0 00000
2 69128 097.6320 184.1810 0000000 000.0000 062.6810 15.01920000000000
1 69128U          19295.29583333  .00000000  00000-0  00000-0 0 00000
2 69128 097.6310 184.4780 0000000 000.0000 250.1810 15.01920000000000
1 69128U          19295.70555556  .00000000  00000-0  00000-0 0 00000
2 69128 097.6300 184.8820 0000000 000.0000 302.6810 15.01920000000000
1 69128U          19295.97152778  .00000000  00000-0  00000-0 0 00000
2 69128 097.6300 185.1440 0000000 000.0000 298.9310 15.01920000000000
1 69128U          19296.26111111  .00000000  00000-0  00000-0 0 00000
2 69128 097.6290 185.4290 0000000 000.0000 062.6810 15.01920000000000
1 69128U          19296.72083333  .00000000  00000-0  00000-0 0 00000
2 69128 097.6280 185.8830 0000000 000.0000 025.1800 15.01920000000000
1 69128U          19296.91805556  .00000000  00000-0  00000-0 0 00000
2 69128 097.6280 186.0770 0000000 000.0000 010.1800 15.01920000000000
1 69128U          19297.28333333  .00000000  00000-0  00000-0 0 00000
2 69128 097.6270 186.4370 0000000 000.0000 182.6800 15.01920000000000
1 69128U          19297.59375000  .00000000  00000-0  00000-0 0 00000
2 69128 097.6270 186.7430 0000000 000.0000 058.9300 15.01920000000000
1 69128U          19298.07777778  .00000000  00000-0  00000-0 0 00000
2 69128 097.6260 187.2200 0000000 000.0000 152.6800 15.01920000000000
1 69128U          19298.34583333  .00000000  00000-0  00000-0 0 00000
2 69128 097.6250 187.4840 0000000 000.0000 160.1800 15.01920000000000
1 69128U          19298.68125000  .00000000  00000-0  00000-0 0 00000
2 69128 097.6250 187.8150 0000000 000.0000 171.4300 15.01920000000000
1 69128U          19298.96875000  .00000000  00000-0  00000-0 0 00000
2 69128 097.6240 188.0980 0000000 000.0000 283.9300 15.01920000000000
1 69128U          19299.28333333  .00000000  00000-0  00000-0 0 00000
2 69128 097.6240 188.4080 0000000 000.0000 182.6800 15.01920000000000
1 69128U          19299.62916667  .00000000  00000-0  00000-0 0 00000
2 69128 097.6230 188.7490 0000000 000.0000 250.1800 15.01920000000000
1 69128U          19300.05625000  .00000000  00000-0  00000-0 0 00000
2 69128 097.6220 189.1700 0000000 000.0000 036.4300 15.01920000000000
1 69128U          19300.37777778  .00000000  00000-0  00000-0 0 00000
2 69128 097.6220 189.4870 0000000 000.0000 332.6800 15.01920000000000
1 69128U          19300.71805556  .00000000  00000-0  00000-0 0 00000
2 69128 097.6210 189.8220 0000000 000.0000 010.1800 15.01920000000000
1 69128U          19301.06180556  .00000000  00000-0  00000-0 0 00000
2 69128 097.6200 190.1610 0000000 000.0000 066.4290 15.01920000000000
1 69128U          19301.32569444  .00000000  00000-0  00000-0 0 00000
2 69128 097.6200 190.4210 0000000 000.0000 051.4290 15.01920000000000
1 69128U          19301.58888889  .00000000  00000-0  00000-0 0 00000
2 69128 097.6200 190.6800 0000000 000.0000 032.6790 15.01920000000000
1 69128U          19302.03888889  .00000000  00000-0  00000-0 0 00000
2 69128 097.6190 191.1240 0000000 000.0000 302.6790 15.01920000000000
1 69128U          19302.30625000  .00000000  00000-0  00000-0 0 00000
2 69128 097.6180 191.3870 0000000 000.0000 306.4290 15.01920000000000
1 69128U          19302.59444444  .00000000  00000-0  00000-0 0 00000
2 69128 097.6180 191.6710 0000000 000.0000 062.6790 15.01920000000000
1 69128U          19302.91736111  .00000000  00000-0  00000-0 0 00000
2 69128 097.6170 191.9900 0000000 000.0000 006.4290 15.01920000000000
1 69128U          19303.35069444  .00000000  00000-0  00000-0 0 00000
2 69128 097.6160 192.4170 0000000 000.0000 186.4290 15.01920000000000
1 69128U          19303.58819444  .00000000  00000-0  00000-0 0 00000
2 69128 097.6160 192.6510 0000000 000.0000 028.9290 15.01920000000000
1 69128U          19304.01944444  .00000000  00000-0  00000-0 0 00000
2 69128 097.6150 193.0760 0000000 000.0000 197.6780 15.01920000000000
1 69128U          19304.32152778  .00000000  00000-0  00000-0 0 00000
2 69128 097.6150 193.3740 0000000 000.0000 028.9280 15.01920000000000
1 69128U          19304.67361111  .00000000  00000-0  00000-0 0 00000
2 69128 097.6140 193.7210 0000000 000.0000 130.1780 15.01920000000000
1 69128U          19305.06111111  .00000000  00000-0  00000-0 0 00000
2 69128 097.6130 194.1020 0000000 000.0000 062.6780 15.01920000000000
1 69128U          19305.37916667  .00000000  00000-0  00000-0 0 00000
2 69128 097.6130 194.4160 0000000 000.0000 340.1780 15.01920000000000
1 69128U          19305.71944444  .00000000  00000-0  00000-0 0 00000
2 69128 097.6120 194.7510 0000000 000.0000 017.6780 15.01920000000000
1 69128U          19305.91875000  .00000000  00000-0  00000-0 0 00000
2 69128 097.6120 194.9480 0000000 000.0000 013.9280 15.01920000000000
1 69128U          19306.40625000  .00000000  00000-0  00000-0 0 00000
2 69128 097.6110 195.4280 0000000 000.0000 126.4270 15.01920000000000
1 69128U          19306.71666667  .00000000  00000-0  00000-0 0 00000
2 69128 097.6100 195.7340 0000000 000.0000 002.6770 15.01920000000000
1 69128U          19307.01388889  .00000000  00000-0  00000-0 0 00000
2 69128 097.6100 196.0270 0000000 000.0000 167.6770 15.01920000000000
1 69128U          19307.31875000  .00000000  00000-0  00000-0 0 00000
2 69128 097.6090 196.3270 0000000 000.0000 013.9270 15.01920000000000
1 69128U          19307.73888889  .00000000  00000-0  00000-0 0 00000
2 69128 097.6080 196.7410 0000000 000.0000 122.6770 15.01920000000000
1 69128U          19308.04652778  .00000000  00000-0  00000-0 0 00000
2 69128 097.6080 197.0450 0000000 000.0000 343.9270 15.01920000000000
1 69128U          19308.38958333  .00000000  00000-0  00000-0 0 00000
2 69128 097.6070 197.3830 0000000 000.0000 036.4260 15.01920000000000
1 69128U          19308.66875000  .00000000  00000-0  00000-0 0 00000
2 69128 097.6070 197.6580 0000000 000.0000 103.9260 15.01920000000000
1 69128U          19309.01041667  .00000000  00000-0  00000-0 0 00000
2 69128 097.6060 197.9950 0000000 000.0000 148.9260 15.01920000000000
1 69128U          19309.37777778  .00000000  00000-0  00000-0 0 00000
2 69128 097.6060 198.3570 0000000 000.0000 332.6760 15.01920000000000
1 69128U          19309.59791667  .00000000  00000-0  00000-0 0 00000
2 69128 097.6050 198.5740 0000000 000.0000 081.4260 15.01920000000000
1 69128U          19310.06597222  .00000000  00000-0  00000-0 0 00000
2 69128 097.6040 199.0350 0000000 000.0000 088.9250 15.01920000000000
1 69128U          19310.31250000  .00000000  00000-0  00000-0 0 00000
2 69128 097.6040 199.2780 0000000 000.0000 340.1750 15.01920000000000
1 69128U          19310.65625000  .00000000  00000-0  00000-0 0 00000
2 69128 097.6030 199.6170 0000000 000.0000 036.4250 15.01920000000000
1 69128U          19311.01875000  .00000000  00000-0  00000-0 0 00000
2 69128 097.6030 199.9740 0000000 000.0000 193.9250 15.01920000000000
1 69128U          19311.33333333  .00000000  00000-0  00000-0 0 00000
2 69128 097.6020 200.2840 0000000 000.0000 092.6750 15.01920000000000
1 69128U          19311.73055556  .00000000  00000-0  00000-0 0 00000
2 69128 097.6010 200.6750 0000000 000.0000 077.6740 15.01920000000000
1 69128U          19311.92916667  .00000000  00000-0  00000-0 0 00000
2 69128 097.6010 200.8710 0000000 000.0000 070.1740 15.01914300000000
1 69128U          19312.30000000  .00000000  00000-0  00000-0 0 00000
2 69128 097.6000 201.2370 0000000 000.0000 272.6740 15.01914300000000
1 69128U          19312.63263889  .00000000  00000-0  00000-0 0 00000
2 69128 097.6000 201.5640 0000000 000.0000 268.9240 15.01914300000000
1 69128U          19312.93819444  .00000000  00000-0  00000-0 0 00000
2 69128 097.5990 201.8660 0000000 000.0000 118.9240 15.01914300000000
1 69128U          19313.23472222  .00000000  00000-0  00000-0 0 00000
2 69128 097.5990 202.1580 0000000 000.0000 280.1730 15.01914300000000
1 69128U          19313.47916667  .00000000  00000-0  00000-0 0 00000
2 69128 097.5980 202.3990 0000000 000.0000 160.1730 15.01914300000000
1 69128U          19313.90972222  .00000000  00000-0  00000-0 0 00000
2 69128 097.5980 202.8230 0000000 000.0000 325.1730 15.01914300000000
1 69128U          19314.15138889  .00000000  00000-0  00000-0 0 00000
2 69128 097.5970 203.0610 0000000 000.0000 190.1730 15.01914300000000
1 69128U          19314.50486111  .00000000  00000-0  00000-0 0 00000
2 69128 097.5970 203.4090 0000000 000.0000 298.9230 15.01914300000000
1 69128U          19314.89791667  .00000000  00000-0  00000-0 0 00000
2 69128 097.5960 203.7970 0000000 000.0000 261.4220 15.01914300000000
1 69128U          19315.22847222  .00000000  00000-0  00000-0 0 00000
2 69128 097.5950 204.1230 0000000 000.0000 246.4220 15.01914300000000
1 69128U          19315.50486111  .00000000  00000-0  00000-0 0 00000
2 69128 097.5950 204.3950 0000000 000.0000 298.9220 15.01914300000000
1 69128U          19315.82361111  .00000000  00000-0  00000-0 0 00000
2 69128 097.5940 204.7090 0000000 000.0000 220.1720 15.01914300000000
1 69128U          19316.25625000  .00000000  00000-0  00000-0 0 00000
2 69128 097.5940 205.1350 0000000 000.0000 036.4210 15.01914300000000
1 69128U          19316.56875000  .00000000  00000-0  00000-0 0 00000
2 69128 097.5930 205.4430 0000000 000.0000 283.9210 15.01914300000000
1 69128U          19316.96111111  .00000000  00000-0  00000-0 0 00000
2 69128 097.5920 205.8300 0000000 000.0000 242.6710 15.01914300000000
1 69128U          19317.20000000  .00000000  00000-0  00000-0 0 00000
2 69128 097.5920 206.0660 0000000 000.0000 092.6710 15.01914300000000
1 69128U          19317.64305556  .00000000  00000-0  00000-0 0 00000
2 69128 097.5910 206.5020 0000000 000.0000 325.1700 15.01914300000000
1 69128U          19317.86944444  .00000000  00000-0  00000-0 0 00000
2 69128 097.5910 206.7250 0000000 000.0000 107.6700 15.01914300000000
1 69128U          19318.21458333  .00000000  00000-0  00000-0 0 00000
2 69128 097.5900 207.0650 0000000 000.0000 171.4200 15.01914300000000
1 69128U          19318.48611111  .00000000  00000-0  00000-0 0 00000
2 69128 097.5900 207.3330 0000000 000.0000 197.6690 15.01914300000000
1 69128U          19318.89583333  .00000000  00000-0  00000-0 0 00000
2 69128 097.5890 207.7370 0000000 000.0000 250.1690 15.01914300000000
1 69128U          19318.91805556  .00000000  00000-0  00000-0 0 00000
2 69128 097.5890 207.7590 0000000 000.0000 010.1690 15.01914300000000
1 69128U          19319.18888889  .00000000  00000-0  00000-0 0 00000
2 69128 097.5890 208.0260 0000000 000.0000 032.6690 15.01914300000000
1 69128U          19319.61111111  .00000000  00000-0  00000-0 0 00000
2 69128 097.5880 208.4420 0000000 000.0000 152.6690 15.01914300000000
1 69128U          19319.85555556  .00000000  00000-0  00000-0 0 00000
2 69128 097.5880 208.6830 0000000 000.0000 032.6680 15.01914300000000
1 69128U          19320.27777778  .00000000  00000-0  00000-0 0 00000
2 69128 097.5870 209.0990 0000000 000.0000 152.6680 15.01914300000000
1 69128U          19320.51666667  .00000000  00000-0  00000-0 0 00000
2 69128 097.5870 209.3340 0000000 000.0000 002.6680 15.01914300000000
1 69128U          19320.82430556  .00000000  00000-0  00000-0 0 00000
2 69128 097.5860 209.6370 0000000 000.0000 223.9170 15.01914300000000
1 69128U          19321.22152778  .00000000  00000-0  00000-0 0 00000
2 69128 097.5860 210.0290 0000000 000.0000 208.9170 15.01914300000000
1 69128U          19321.51527778  .00000000  00000-0  00000-0 0 00000
2 69128 097.5850 210.3180 0000000 000.0000 355.1670 15.01914300000000
1 69128U          19321.92361111  .00000000  00000-0  00000-0 0 00000
2 69128 097.5840 210.7210 0000000 000.0000 040.1660 15.01914300000000
1 69128U          19322.30277778  .00000000  00000-0  00000-0 0 00000
2 69128 097.5840 211.0940 0000000 000.0000 287.6660 15.01914300000000
1 69128U          19322.55902778  .00000000  00000-0  00000-0 0 00000
2 69128 097.5830 211.3470 0000000 000.0000 231.4160 15.01914300000000
1 69128U          19322.87222222  .00000000  00000-0  00000-0 0 00000
2 69128 097.5830 211.6550 0000000 000.0000 122.6660 15.01914300000000
1 69128U          19323.25069444  .00000000  00000-0  00000-0 0 00000
2 69128 097.5820 212.0280 0000000 000.0000 006.4150 15.01914300000000
1 69128U          19323.60555556  .00000000  00000-0  00000-0 0 00000
2 69128 097.5820 212.3780 0000000 000.0000 122.6650 15.01914300000000
1 69128U          19323.87500000  .00000000  00000-0  00000-0 0 00000
2 69128 097.5810 212.6440 0000000 000.0000 137.6650 15.01914300000000
1 69128U          19324.16736111  .00000000  00000-0  00000-0 0 00000
2 69128 097.5810 212.9320 0000000 000.0000 276.4140 15.01914300000000
1 69128U          19324.55694444  .00000000  00000-0  00000-0 0 00000
2 69128 097.5800 213.3160 0000000 000.0000 220.1640 15.01914300000000
1 69128U          19324.88125000  .00000000  00000-0  00000-0 0 00000
2 69128 097.5800 213.6350 0000000 000.0000 171.4140 15.01914300000000
1 69128U          19325.28680556  .00000000  00000-0  00000-0 0 00000
2 69128 097.5790 214.0350 0000000 000.0000 201.4130 15.01914300000000
1 69128U          19325.54166667  .00000000  00000-0  00000-0 0 00000
2 69128 097.5790 214.2860 0000000 000.0000 137.6630 15.01914300000000
1 69128U          19325.83541667  .00000000  00000-0  00000-0 0 00000
2 69128 097.5780 214.5760 0000000 000.0000 283.9130 15.01914300000000
1 69128U          19325.92291667  .00000000  00000-0  00000-0 0 00000
2 69128 097.5780 214.6620 0000000 000.0000 036.4120 15.01914300000000
1 69128U          19326.29166667  .00000000  00000-0  00000-0 0 00000
2 69128 097.5780 215.0250 0000000 000.0000 227.6620 15.01914300000000
1 69128U          19326.61111111  .00000000  00000-0  00000-0 0 00000
2 69128 097.5770 215.3400 0000000 000.0000 152.6620 15.01914300000000
1 69128U          19326.82708333  .00000000  00000-0  00000-0 0 00000
2 69128 097.5770 215.5530 0000000 000.0000 238.9120 15.01914300000000
1 69128U          19327.28125000  .00000000  00000-0  00000-0 0 00000
2 69128 097.5760 216.0000 0000000 000.0000 171.4110 15.01914300000000
1 69128U          19327.63194444  .00000000  00000-0  00000-0 0 00000
2 69128 097.5760 216.3460 0000000 000.0000 265.1610 15.01914300000000
1 69128U          19327.97361111  .00000000  00000-0  00000-0 0 00000
2 69128 097.5750 216.6830 0000000 000.0000 310.1600 15.01914300000000
1 69128U          19328.21736111  .00000000  00000-0  00000-0 0 00000
2 69128 097.5750 216.9230 0000000 000.0000 186.4100 15.01914300000000
1 69128U          19328.50763889  .00000000  00000-0  00000-0 0 00000
2 69128 097.5740 217.2090 0000000 000.0000 313.9100 15.01914300000000
1 69128U          19328.89375000  .00000000  00000-0  00000-0 0 00000
2 69128 097.5740 217.5890 0000000 000.0000 238.9090 15.01914300000000
1 69128U          19329.20625000  .00000000  00000-0  00000-0 0 00000
2 69128 097.5730 217.8970 0000000 000.0000 126.4090 15.01914300000000
1 69128U          19329.61736111  .00000000  00000-0  00000-0 0 00000
2 69128 097.5730 218.3030 0000000 000.0000 186.4080 15.01914300000000
1 69128U          19329.82083333  .00000000  00000-0  00000-0 0 00000
2 69128 097.5720 218.5030 0000000 000.0000 205.1580 15.01914300000000
1 69128U          19330.29236111  .00000000  00000-0  00000-0 0 00000
2 69128 097.5720 218.9680 0000000 000.0000 231.4080 15.01914300000000
1 69128U          19330.51180556  .00000000  00000-0  00000-0 0 00000
2 69128 097.5710 219.1840 0000000 000.0000 336.4070 15.01914300000000
1 69128U          19330.86597222  .00000000  00000-0  00000-0 0 00000
2 69128 097.5710 219.5330 0000000 000.0000 088.9070 15.01914300000000
1 69128U          19331.22291667  .00000000  00000-0  00000-0 0 00000
2 69128 097.5700 219.8850 0000000 000.0000 216.4070 15.01914300000000
1 69128U          19331.60000000  .00000000  00000-0  00000-0 0 00000
2 69128 097.5700 220.2560 0000000 000.0000 092.6560 15.01914300000000
1 69128U          19331.95694444  .00000000  00000-0  00000-0 0 00000
2 69128 097.5690 220.6080 0000000 000.0000 220.1560 15.01914300000000
1 69128U          19332.22222222  .00000000  00000-0  00000-0 0 00000
2 69128 097.5690 220.8690 0000000 000.0000 212.6550 15.01914300000000
1 69128U          19332.63680556  .00000000  00000-0  00000-0 0 00000
2 69128 097.5680 221.2780 0000000 000.0000 291.4050 15.01914300000000
1 69128U          19332.89583333  .00000000  00000-0  00000-0 0 00000
2 69128 097.5680 221.5330 0000000 000.0000 250.1550 15.01914300000000
