1 06916U          19282.05902778  .00000000  00000-0  00000-0 0 00000
2 06916 097.7140 042.835  0000000 000.0000 298.0990 15.01920000000000
1 06916U          19282.29166667  .00000000  00000-0  00000-0 0 00000
2 06916 097.7140 043.065  0000000 000.0000 114.3490 15.01920000000000
1 06916U          19282.70486111  .00000000  00000-0  00000-0 0 00000
2 06916 097.7150 043.472  0000000 000.0000 185.6000 15.01920000000000
1 06916U          19283.03958333  .00000000  00000-0  00000-0 0 00000
2 06916 097.7150 043.802  0000000 000.0000 193.1000 15.01920000000000
1 06916U          19283.34097222  .00000000  00000-0  00000-0 0 00000
2 06916 097.7160 044.099  0000000 000.0000 020.6010 15.01920000000000
1 06916U          19283.68263889  .00000000  00000-0  00000-0 0 00000
2 06916 097.7160 044.436  0000000 000.0000 065.6010 15.01920000000000
1 06916U          19283.99305556  .00000000  00000-0  00000-0 0 00000
2 06916 097.7170 044.742  0000000 000.0000 301.8520 15.01920000000000
1 06916U          19284.35069444  .00000000  00000-0  00000-0 0 00000
2 06916 097.7170 045.094  0000000 000.0000 073.1020 15.01920000000000
1 06916U          19284.65486111  .00000000  00000-0  00000-0 0 00000
2 06916 097.7180 045.394  0000000 000.0000 275.6030 15.01920000000000
1 06916U          19285.07500000  .00000000  00000-0  00000-0 0 00000
2 06916 097.7180 045.808  0000000 000.0000 024.3530 15.01920000000000
1 06916U          19285.38819444  .00000000  00000-0  00000-0 0 00000
2 06916 097.7190 046.117  0000000 000.0000 275.6040 15.01920000000000
1 06916U          19285.67291667  .00000000  00000-0  00000-0 0 00000
2 06916 097.7190 046.398  0000000 000.0000 013.1040 15.01920000000000
1 06916U          19286.02291667  .00000000  00000-0  00000-0 0 00000
2 06916 097.7190 046.743  0000000 000.0000 103.1040 15.01920000000000
1 06916U          19286.33958333  .00000000  00000-0  00000-0 0 00000
2 06916 097.7200 047.055  0000000 000.0000 013.1050 15.01920000000000
1 06916U          19286.71041667  .00000000  00000-0  00000-0 0 00000
2 06916 097.7200 047.421  0000000 000.0000 215.6050 15.01920000000000
1 06916U          19287.00416667  .00000000  00000-0  00000-0 0 00000
2 06916 097.7210 047.710  0000000 000.0000 001.8560 15.01920000000000
1 06916U          19287.40902778  .00000000  00000-0  00000-0 0 00000
2 06916 097.7210 048.109  0000000 000.0000 028.1060 15.01920000000000
1 06916U          19287.64722222  .00000000  00000-0  00000-0 0 00000
2 06916 097.7210 048.344  0000000 000.0000 234.3570 15.01920000000000
1 06916U          19287.98333333  .00000000  00000-0  00000-0 0 00000
2 06916 097.7220 048.675  0000000 000.0000 249.3570 15.01920000000000
1 06916U          19288.31111111  .00000000  00000-0  00000-0 0 00000
2 06916 097.7220 048.999  0000000 000.0000 219.3580 15.01920000000000
1 06916U          19288.67847222  .00000000  00000-0  00000-0 0 00000
2 06916 097.7230 049.361  0000000 000.0000 043.1080 15.01920000000000
1 06916U          19288.99652778  .00000000  00000-0  00000-0 0 00000
2 06916 097.7230 049.674  0000000 000.0000 320.6090 15.01920000000000
1 06916U          19289.30625000  .00000000  00000-0  00000-0 0 00000
2 06916 097.7230 049.980  0000000 000.0000 193.1090 15.01920000000000
1 06916U          19289.64097222  .00000000  00000-0  00000-0 0 00000
2 06916 097.7240 050.309  0000000 000.0000 200.6100 15.01920000000000
1 06916U          19290.04861111  .00000000  00000-0  00000-0 0 00000
2 06916 097.7240 050.711  0000000 000.0000 241.8600 15.01920000000000
1 06916U          19290.33819444  .00000000  00000-0  00000-0 0 00000
2 06916 097.7250 050.997  0000000 000.0000 005.6110 15.01920000000000
1 06916U          19290.72013889  .00000000  00000-0  00000-0 0 00000
2 06916 097.7250 051.373  0000000 000.0000 268.1110 15.01920000000000
1 06916U          19290.93541667  .00000000  00000-0  00000-0 0 00000
2 06916 097.7250 051.586  0000000 000.0000 350.6120 15.01920000000000
1 06916U          19291.32847222  .00000000  00000-0  00000-0 0 00000
2 06916 097.7260 051.973  0000000 000.0000 313.1120 15.01920000000000
1 06916U          19291.71666667  .00000000  00000-0  00000-0 0 00000
2 06916 097.7260 052.356  0000000 000.0000 249.3630 15.01920000000000
1 06916U          19292.00833333  .00000000  00000-0  00000-0 0 00000
2 06916 097.7260 052.643  0000000 000.0000 024.3630 15.01920000000000
1 06916U          19292.31319444  .00000000  00000-0  00000-0 0 00000
2 06916 097.7270 052.944  0000000 000.0000 230.6140 15.01920000000000
1 06916U          19292.61736111  .00000000  00000-0  00000-0 0 00000
2 06916 097.7270 053.244  0000000 000.0000 073.1140 15.01920000000000
1 06916U          19292.96250000  .00000000  00000-0  00000-0 0 00000
2 06916 097.7280 053.584  0000000 000.0000 136.8650 15.01920000000000
1 06916U          19293.36041667  .00000000  00000-0  00000-0 0 00000
2 06916 097.7280 053.976  0000000 000.0000 125.6150 15.01920000000000
1 06916U          19293.61736111  .00000000  00000-0  00000-0 0 00000
2 06916 097.7280 054.229  0000000 000.0000 073.1160 15.01920000000000
1 06916U          19294.07569444  .00000000  00000-0  00000-0 0 00000
2 06916 097.7290 054.681  0000000 000.0000 028.1170 15.01920000000000
1 06916U          19294.31458333  .00000000  00000-0  00000-0 0 00000
2 06916 097.7290 054.917  0000000 000.0000 238.1170 15.01920000000000
1 06916U          19294.64791667  .00000000  00000-0  00000-0 0 00000
2 06916 097.7290 055.245  0000000 000.0000 238.1170 15.01920000000000
1 06916U          19295.02569444  .00000000  00000-0  00000-0 0 00000
2 06916 097.7300 055.618  0000000 000.0000 118.1180 15.01920000000000
1 06916U          19295.40208333  .00000000  00000-0  00000-0 0 00000
2 06916 097.7300 055.989  0000000 000.0000 350.6190 15.01920000000000
1 06916U          19295.74236111  .00000000  00000-0  00000-0 0 00000
2 06916 097.7300 056.324  0000000 000.0000 028.1190 15.01920000000000
1 06916U          19295.93819444  .00000000  00000-0  00000-0 0 00000
2 06916 097.7310 056.517  0000000 000.0000 005.6200 15.01920000000000
1 06916U          19296.38263889  .00000000  00000-0  00000-0 0 00000
2 06916 097.7310 056.956  0000000 000.0000 245.6200 15.01920000000000
1 06916U          19296.74027778  .00000000  00000-0  00000-0 0 00000
2 06916 097.7310 057.308  0000000 000.0000 016.8710 15.01920000000000
1 06916U          19296.93819444  .00000000  00000-0  00000-0 0 00000
2 06916 097.7320 057.503  0000000 000.0000 005.6210 15.01920000000000
1 06916U          19297.34513889  .00000000  00000-0  00000-0 0 00000
2 06916 097.7320 057.904  0000000 000.0000 043.1220 15.01920000000000
1 06916U          19297.66944444  .00000000  00000-0  00000-0 0 00000
2 06916 097.7320 058.224  0000000 000.0000 354.3720 15.01920000000000
1 06916U          19298.01875000  .00000000  00000-0  00000-0 0 00000
2 06916 097.7330 058.568  0000000 000.0000 080.6230 15.01920000000000
1 06916U          19298.40625000  .00000000  00000-0  00000-0 0 00000
2 06916 097.7330 058.950  0000000 000.0000 013.1240 15.01920000000000
1 06916U          19298.67291667  .00000000  00000-0  00000-0 0 00000
2 06916 097.7330 059.213  0000000 000.0000 013.1240 15.01920000000000
1 06916U          19298.94583333  .00000000  00000-0  00000-0 0 00000
2 06916 097.7340 059.482  0000000 000.0000 046.8740 15.01920000000000
1 06916U          19299.37222222  .00000000  00000-0  00000-0 0 00000
2 06916 097.7340 059.903  0000000 000.0000 189.3750 15.01920000000000
1 06916U          19299.65833333  .00000000  00000-0  00000-0 0 00000
2 06916 097.7340 060.185  0000000 000.0000 294.3760 15.01920000000000
1 06916U          19299.92708333  .00000000  00000-0  00000-0 0 00000
2 06916 097.7350 060.450  0000000 000.0000 305.6260 15.01920000000000
1 06916U          19300.40208333  .00000000  00000-0  00000-0 0 00000
2 06916 097.7350 060.918  0000000 000.0000 350.6270 15.01920000000000
1 06916U          19300.66875000  .00000000  00000-0  00000-0 0 00000
2 06916 097.7350 061.181  0000000 000.0000 350.6270 15.01920000000000
1 06916U          19301.00972222  .00000000  00000-0  00000-0 0 00000
2 06916 097.7350 061.517  0000000 000.0000 031.8780 15.01920000000000
1 06916U          19301.31875000  .00000000  00000-0  00000-0 0 00000
2 06916 097.7360 061.822  0000000 000.0000 260.6280 15.01920000000000
1 06916U          19301.62847222  .00000000  00000-0  00000-0 0 00000
2 06916 097.7360 062.127  0000000 000.0000 133.1290 15.01920000000000
1 06916U          19301.95277778  .00000000  00000-0  00000-0 0 00000
2 06916 097.7360 062.447  0000000 000.0000 084.3800 15.01920000000000
1 06916U          19302.40069444  .00000000  00000-0  00000-0 0 00000
2 06916 097.7370 062.888  0000000 000.0000 343.1300 15.01920000000000
1 06916U          19302.67152778  .00000000  00000-0  00000-0 0 00000
2 06916 097.7370 063.155  0000000 000.0000 005.6310 15.01920000000000
1 06916U          19302.98402778  .00000000  00000-0  00000-0 0 00000
2 06916 097.7370 063.463  0000000 000.0000 253.1310 15.01920000000000
1 06916U          19303.36597222  .00000000  00000-0  00000-0 0 00000
2 06916 097.7370 063.840  0000000 000.0000 155.6320 15.01920000000000
1 06916U          19303.64513889  .00000000  00000-0  00000-0 0 00000
2 06916 097.7380 064.115  0000000 000.0000 223.1320 15.01920000000000
1 06916U          19303.92291667  .00000000  00000-0  00000-0 0 00000
2 06916 097.7380 064.389  0000000 000.0000 283.1330 15.01920000000000
1 06916U          19304.28958333  .00000000  00000-0  00000-0 0 00000
2 06916 097.7380 064.750  0000000 000.0000 103.1340 15.01920000000000
1 06916U          19304.62361111  .00000000  00000-0  00000-0 0 00000
2 06916 097.7380 065.080  0000000 000.0000 106.8840 15.01920000000000
1 06916U          19305.03750000  .00000000  00000-0  00000-0 0 00000
2 06916 097.7390 065.488  0000000 000.0000 181.8850 15.01920000000000
1 06916U          19305.26041667  .00000000  00000-0  00000-0 0 00000
2 06916 097.7390 065.707  0000000 000.0000 305.6350 15.01920000000000
1 06916U          19305.66319444  .00000000  00000-0  00000-0 0 00000
2 06916 097.7390 066.105  0000000 000.0000 320.6360 15.01920000000000
1 06916U          19305.99375000  .00000000  00000-0  00000-0 0 00000
2 06916 097.7400 066.430  0000000 000.0000 305.6370 15.01920000000000
1 06916U          19306.37152778  .00000000  00000-0  00000-0 0 00000
2 06916 097.7400 066.803  0000000 000.0000 185.6370 15.01920000000000
1 06916U          19306.60347222  .00000000  00000-0  00000-0 0 00000
2 06916 097.7400 067.032  0000000 000.0000 358.1380 15.01920000000000
1 06916U          19307.01250000  .00000000  00000-0  00000-0 0 00000
2 06916 097.7400 067.435  0000000 000.0000 046.8880 15.01920000000000
1 06916U          19307.26944444  .00000000  00000-0  00000-0 0 00000
2 06916 097.7400 067.688  0000000 000.0000 354.3890 15.01920000000000
1 06916U          19307.71666667  .00000000  00000-0  00000-0 0 00000
2 06916 097.7410 068.129  0000000 000.0000 249.3900 15.01920000000000
1 06916U          19307.95416667  .00000000  00000-0  00000-0 0 00000
2 06916 097.7410 068.363  0000000 000.0000 091.8900 15.01920000000000
1 06916U          19308.31736111  .00000000  00000-0  00000-0 0 00000
2 06916 097.7410 068.721  0000000 000.0000 253.1410 15.01920000000000
1 06916U          19308.60902778  .00000000  00000-0  00000-0 0 00000
2 06916 097.7410 069.009  0000000 000.0000 028.1410 15.01920000000000
1 06916U          19308.95902778  .00000000  00000-0  00000-0 0 00000
2 06916 097.7420 069.354  0000000 000.0000 118.1420 15.01920000000000
1 06916U          19309.39444444  .00000000  00000-0  00000-0 0 00000
2 06916 097.7420 069.783  0000000 000.0000 309.3930 15.01920000000000
1 06916U          19309.67986111  .00000000  00000-0  00000-0 0 00000
2 06916 097.7420 070.064  0000000 000.0000 050.6430 15.01920000000000
1 06916U          19309.97986111  .00000000  00000-0  00000-0 0 00000
2 06916 097.7420 070.360  0000000 000.0000 230.6440 15.01920000000000
1 06916U          19310.37361111  .00000000  00000-0  00000-0 0 00000
2 06916 097.7420 070.748  0000000 000.0000 196.8940 15.01920000000000
1 06916U          19310.70763889  .00000000  00000-0  00000-0 0 00000
2 06916 097.7430 071.078  0000000 000.0000 200.6450 15.01920000000000
1 06916U          19311.07708333  .00000000  00000-0  00000-0 0 00000
2 06916 097.7430 071.442  0000000 000.0000 035.6460 15.01920000000000
1 06916U          19311.27361111  .00000000  00000-0  00000-0 0 00000
2 06916 097.7430 071.636  0000000 000.0000 016.8960 15.01920000000000
1 06916U          19311.60972222  .00000000  00000-0  00000-0 0 00000
2 06916 097.7430 071.967  0000000 000.0000 031.8970 15.01920000000000
1 06916U          19311.93958333  .00000000  00000-0  00000-0 0 00000
2 06916 097.7430 072.292  0000000 000.0000 013.1470 15.01914300000000
1 06916U          19312.19097222  .00000000  00000-0  00000-0 0 00000
2 06916 097.7430 072.540  0000000 000.0000 290.6480 15.01914300000000
1 06916U          19312.60069444  .00000000  00000-0  00000-0 0 00000
2 06916 097.7440 072.944  0000000 000.0000 343.1480 15.01914300000000
1 06916U          19312.86875000  .00000000  00000-0  00000-0 0 00000
2 06916 097.7440 073.208  0000000 000.0000 350.6490 15.01914300000000
1 06916U          19313.19722222  .00000000  00000-0  00000-0 0 00000
2 06916 097.7440 073.532  0000000 000.0000 324.4000 15.01914300000000
1 06916U          19313.51875000  .00000000  00000-0  00000-0 0 00000
2 06916 097.7440 073.849  0000000 000.0000 260.6500 15.01914300000000
1 06916U          19313.90208333  .00000000  00000-0  00000-0 0 00000
2 06916 097.7440 074.227  0000000 000.0000 170.6510 15.01914300000000
1 06916U          19314.28750000  .00000000  00000-0  00000-0 0 00000
2 06916 097.7450 074.607  0000000 000.0000 091.9020 15.01914300000000
1 06916U          19314.51388889  .00000000  00000-0  00000-0 0 00000
2 06916 097.7450 074.830  0000000 000.0000 234.4020 15.01914300000000
1 06916U          19314.91319444  .00000000  00000-0  00000-0 0 00000
2 06916 097.7450 075.224  0000000 000.0000 230.6530 15.01914300000000
1 06916U          19315.19583333  .00000000  00000-0  00000-0 0 00000
2 06916 097.7450 075.502  0000000 000.0000 316.9030 15.01914300000000
1 06916U          19315.50277778  .00000000  00000-0  00000-0 0 00000
2 06916 097.7450 075.805  0000000 000.0000 174.4040 15.01914300000000
1 06916U          19315.96666667  .00000000  00000-0  00000-0 0 00000
2 06916 097.7450 076.262  0000000 000.0000 159.4050 15.01914300000000
1 06916U          19316.30069444  .00000000  00000-0  00000-0 0 00000
2 06916 097.7450 076.591  0000000 000.0000 163.1550 15.01914300000000
1 06916U          19316.59652778  .00000000  00000-0  00000-0 0 00000
2 06916 097.7460 076.883  0000000 000.0000 320.6560 15.01914300000000
1 06916U          19316.90694444  .00000000  00000-0  00000-0 0 00000
2 06916 097.7460 077.189  0000000 000.0000 196.9060 15.01914300000000
1 06916U          19317.27569444  .00000000  00000-0  00000-0 0 00000
2 06916 097.7460 077.553  0000000 000.0000 028.1570 15.01914300000000
1 06916U          19317.63402778  .00000000  00000-0  00000-0 0 00000
2 06916 097.7460 077.906  0000000 000.0000 163.1580 15.01914300000000
1 06916U          19317.96527778  .00000000  00000-0  00000-0 0 00000
2 06916 097.7460 078.233  0000000 000.0000 151.9080 15.01914300000000
1 06916U          19318.23263889  .00000000  00000-0  00000-0 0 00000
2 06916 097.7460 078.496  0000000 000.0000 155.6590 15.01914300000000
1 06916U          19318.59930556  .00000000  00000-0  00000-0 0 00000
2 06916 097.7460 078.858  0000000 000.0000 335.6600 15.01914300000000
1 06916U          19318.83888889  .00000000  00000-0  00000-0 0 00000
2 06916 097.7460 079.094  0000000 000.0000 189.4100 15.01914300000000
1 06916U          19318.89583333  .00000000  00000-0  00000-0 0 00000
2 06916 097.7460 079.150  0000000 000.0000 136.9100 15.01914300000000
1 06916U          19319.24375000  .00000000  00000-0  00000-0 0 00000
2 06916 097.7470 079.493  0000000 000.0000 215.6610 15.01914300000000
1 06916U          19319.57500000  .00000000  00000-0  00000-0 0 00000
2 06916 097.7470 079.819  0000000 000.0000 204.4110 15.01914300000000
1 06916U          19319.86250000  .00000000  00000-0  00000-0 0 00000
2 06916 097.7470 080.103  0000000 000.0000 316.9120 15.01914300000000
1 06916U          19320.31250000  .00000000  00000-0  00000-0 0 00000
2 06916 097.7470 080.547  0000000 000.0000 226.9130 15.01914300000000
1 06916U          19320.53541667  .00000000  00000-0  00000-0 0 00000
2 06916 097.7470 080.766  0000000 000.0000 350.6630 15.01914300000000
1 06916U          19320.83958333  .00000000  00000-0  00000-0 0 00000
2 06916 097.7470 081.066  0000000 000.0000 193.1640 15.01914300000000
1 06916U          19321.24861111  .00000000  00000-0  00000-0 0 00000
2 06916 097.7470 081.469  0000000 000.0000 241.9150 15.01914300000000
1 06916U          19321.51875000  .00000000  00000-0  00000-0 0 00000
2 06916 097.7470 081.736  0000000 000.0000 260.6650 15.01914300000000
1 06916U          19321.86666667  .00000000  00000-0  00000-0 0 00000
2 06916 097.7470 082.079  0000000 000.0000 339.4160 15.01914300000000
1 06916U          19322.24791667  .00000000  00000-0  00000-0 0 00000
2 06916 097.7470 082.455  0000000 000.0000 238.1660 15.01914300000000
1 06916U          19322.58402778  .00000000  00000-0  00000-0 0 00000
2 06916 097.7470 082.786  0000000 000.0000 253.1670 15.01914300000000
1 06916U          19322.97013889  .00000000  00000-0  00000-0 0 00000
2 06916 097.7480 083.167  0000000 000.0000 178.1680 15.01914300000000
1 06916U          19323.28194444  .00000000  00000-0  00000-0 0 00000
2 06916 097.7480 083.474  0000000 000.0000 061.9180 15.01914300000000
1 06916U          19323.63541667  .00000000  00000-0  00000-0 0 00000
2 06916 097.7480 083.822  0000000 000.0000 170.6690 15.01914300000000
1 06916U          19323.91805556  .00000000  00000-0  00000-0 0 00000
2 06916 097.7480 084.101  0000000 000.0000 256.9200 15.01914300000000
1 06916U          19324.18541667  .00000000  00000-0  00000-0 0 00000
2 06916 097.7480 084.365  0000000 000.0000 260.6700 15.01914300000000
1 06916U          19324.50069444  .00000000  00000-0  00000-0 0 00000
2 06916 097.7480 084.676  0000000 000.0000 163.1710 15.01914300000000
1 06916U          19324.85069444  .00000000  00000-0  00000-0 0 00000
2 06916 097.7480 085.021  0000000 000.0000 253.1710 15.01914300000000
1 06916U          19325.24791667  .00000000  00000-0  00000-0 0 00000
2 06916 097.7480 085.412  0000000 000.0000 238.1720 15.01914300000000
1 06916U          19325.59652778  .00000000  00000-0  00000-0 0 00000
2 06916 097.7480 085.756  0000000 000.0000 320.6730 15.01914300000000
1 06916U          19325.83958333  .00000000  00000-0  00000-0 0 00000
2 06916 097.7480 085.995  0000000 000.0000 193.1730 15.01914300000000
1 06916U          19325.95694444  .00000000  00000-0  00000-0 0 00000
2 06916 097.7480 086.111  0000000 000.0000 106.9240 15.01914300000000
1 06916U          19326.19861111  .00000000  00000-0  00000-0 0 00000
2 06916 097.7480 086.349  0000000 000.0000 331.9240 15.01914300000000
1 06916U          19326.50277778  .00000000  00000-0  00000-0 0 00000
2 06916 097.7480 086.649  0000000 000.0000 174.4250 15.01914300000000
1 06916U          19326.84722222  .00000000  00000-0  00000-0 0 00000
2 06916 097.7480 086.989  0000000 000.0000 234.4250 15.01914300000000
1 06916U          19327.28680556  .00000000  00000-0  00000-0 0 00000
2 06916 097.7480 087.422  0000000 000.0000 088.1760 15.01914300000000
1 06916U          19327.58888889  .00000000  00000-0  00000-0 0 00000
2 06916 097.7480 087.720  0000000 000.0000 279.4270 15.01914300000000
1 06916U          19327.81250000  .00000000  00000-0  00000-0 0 00000
2 06916 097.7480 087.940  0000000 000.0000 046.9270 15.01914300000000
1 06916U          19328.15902778  .00000000  00000-0  00000-0 0 00000
2 06916 097.7480 088.282  0000000 000.0000 118.1780 15.01914300000000
1 06916U          19328.48750000  .00000000  00000-0  00000-0 0 00000
2 06916 097.7480 088.606  0000000 000.0000 091.9280 15.01914300000000
1 06916U          19328.95902778  .00000000  00000-0  00000-0 0 00000
2 06916 097.7480 089.071  0000000 000.0000 118.1790 15.01914300000000
1 06916U          19329.19791667  .00000000  00000-0  00000-0 0 00000
2 06916 097.7480 089.306  0000000 000.0000 328.1800 15.01914300000000
1 06916U          19329.61458333  .00000000  00000-0  00000-0 0 00000
2 06916 097.7480 089.717  0000000 000.0000 058.1810 15.01914300000000
1 06916U          19329.91944444  .00000000  00000-0  00000-0 0 00000
2 06916 097.7480 090.018  0000000 000.0000 264.4310 15.01914300000000
1 06916U          19330.20347222  .00000000  00000-0  00000-0 0 00000
2 06916 097.7480 090.298  0000000 000.0000 358.1820 15.01914300000000
1 06916U          19330.60763889  .00000000  00000-0  00000-0 0 00000
2 06916 097.7480 090.696  0000000 000.0000 020.6820 15.01914300000000
1 06916U          19330.87500000  .00000000  00000-0  00000-0 0 00000
2 06916 097.7480 090.960  0000000 000.0000 024.4330 15.01914300000000
1 06916U          19331.24930556  .00000000  00000-0  00000-0 0 00000
2 06916 097.7480 091.329  0000000 000.0000 245.6840 15.01914300000000
1 06916U          19331.49930556  .00000000  00000-0  00000-0 0 00000
2 06916 097.7480 091.575  0000000 000.0000 155.6840 15.01914300000000
1 06916U          19331.82013889  .00000000  00000-0  00000-0 0 00000
2 06916 097.7480 091.891  0000000 000.0000 088.1850 15.01914300000000
1 06916U          19332.26666667  .00000000  00000-0  00000-0 0 00000
2 06916 097.7480 092.332  0000000 000.0000 339.4360 15.01914300000000
1 06916U          19332.49166667  .00000000  00000-0  00000-0 0 00000
2 06916 097.7480 092.554  0000000 000.0000 114.4360 15.01914300000000
1 06916U          19332.89583333  .00000000  00000-0  00000-0 0 00000
2 06916 097.7480 092.952  0000000 000.0000 136.9370 15.01914300000000
1 06916U          19325.89583333  .00000000  00000-0  00000-0 0 00000
2 06916 097.7480 086.051  0000000 000.0000 136.9230 15.01914300000000
1 06916U          19325.99513889  .00000000  00000-0  00000-0 0 00000
2 06916 097.7480 086.149  0000000 000.0000 313.1740 15.01914300000000
1 06916U          19326.04861111  .00000000  00000-0  00000-0 0 00000
2 06916 097.7480 086.202  0000000 000.0000 241.9240 15.01914300000000
1 06916U          19326.13541667  .00000000  00000-0  00000-0 0 00000
2 06916 097.7480 086.287  0000000 000.0000 350.6740 15.01914300000000
1 06916U          19326.23402778  .00000000  00000-0  00000-0 0 00000
2 06916 097.7480 086.384  0000000 000.0000 163.1740 15.01914300000000
1 06916U          19326.32847222  .00000000  00000-0  00000-0 0 00000
2 06916 097.7480 086.477  0000000 000.0000 313.1740 15.01914300000000
1 06916U          19326.39444444  .00000000  00000-0  00000-0 0 00000
2 06916 097.7480 086.542  0000000 000.0000 309.4240 15.01914300000000
1 06916U          19326.48472222  .00000000  00000-0  00000-0 0 00000
2 06916 097.7480 086.631  0000000 000.0000 076.9250 15.01914300000000
1 06916U          19326.55625000  .00000000  00000-0  00000-0 0 00000
2 06916 097.7480 086.702  0000000 000.0000 103.1750 15.01914300000000
1 06916U          19326.64513889  .00000000  00000-0  00000-0 0 00000
2 06916 097.7480 086.790  0000000 000.0000 223.1750 15.01914300000000
1 06916U          19326.73472222  .00000000  00000-0  00000-0 0 00000
2 06916 097.7480 086.878  0000000 000.0000 346.9250 15.01914300000000
1 06916U          19326.81180556  .00000000  00000-0  00000-0 0 00000
2 06916 097.7480 086.954  0000000 000.0000 043.1750 15.01914300000000
1 06916U          19326.91319444  .00000000  00000-0  00000-0 0 00000
2 06916 097.7480 087.054  0000000 000.0000 230.6750 15.01914300000000
1 06916U          19326.96944444  .00000000  00000-0  00000-0 0 00000
2 06916 097.7480 087.109  0000000 000.0000 174.4250 15.01914300000000
1 06916U          19327.05347222  .00000000  00000-0  00000-0 0 00000
2 06916 097.7480 087.192  0000000 000.0000 268.1760 15.01914300000000
1 06916U          19327.12847222  .00000000  00000-0  00000-0 0 00000
2 06916 097.7480 087.266  0000000 000.0000 313.1760 15.01914300000000
1 06916U          19327.22500000  .00000000  00000-0  00000-0 0 00000
2 06916 097.7480 087.361  0000000 000.0000 114.4260 15.01914300000000
1 06916U          19327.29722222  .00000000  00000-0  00000-0 0 00000
2 06916 097.7480 087.433  0000000 000.0000 144.4260 15.01914300000000
1 06916U          19327.39166667  .00000000  00000-0  00000-0 0 00000
2 06916 097.7480 087.526  0000000 000.0000 294.4260 15.01914300000000
1 06916U          19327.48333333  .00000000  00000-0  00000-0 0 00000
2 06916 097.7480 087.616  0000000 000.0000 069.4260 15.01914300000000
1 06916U          19327.57847222  .00000000  00000-0  00000-0 0 00000
2 06916 097.7480 087.710  0000000 000.0000 223.1770 15.01914300000000
1 06916U          19327.63611111  .00000000  00000-0  00000-0 0 00000
2 06916 097.7480 087.767  0000000 000.0000 174.4270 15.01914300000000
1 06916U          19327.72083333  .00000000  00000-0  00000-0 0 00000
2 06916 097.7480 087.850  0000000 000.0000 271.9270 15.01914300000000
1 06916U          19327.82847222  .00000000  00000-0  00000-0 0 00000
2 06916 097.7480 087.956  0000000 000.0000 133.1770 15.01914300000000
1 06916U          19327.90972222  .00000000  00000-0  00000-0 0 00000
2 06916 097.7480 088.036  0000000 000.0000 211.9270 15.01914300000000
1 06916U          19327.99513889  .00000000  00000-0  00000-0 0 00000
2 06916 097.7480 088.121  0000000 000.0000 313.1770 15.01914300000000
1 06916U          19328.06388889  .00000000  00000-0  00000-0 0 00000
2 06916 097.7480 088.188  0000000 000.0000 324.4280 15.01914300000000
1 06916U          19328.16111111  .00000000  00000-0  00000-0 0 00000
2 06916 097.7480 088.284  0000000 000.0000 129.4280 15.01914300000000
1 06916U          19328.22569444  .00000000  00000-0  00000-0 0 00000
2 06916 097.7480 088.348  0000000 000.0000 118.1780 15.01914300000000
1 06916U          19328.29652778  .00000000  00000-0  00000-0 0 00000
2 06916 097.7480 088.418  0000000 000.0000 140.6780 15.01914300000000
1 06916U          19328.39097222  .00000000  00000-0  00000-0 0 00000
2 06916 097.7480 088.511  0000000 000.0000 290.6780 15.01914300000000
1 06916U          19328.49097222  .00000000  00000-0  00000-0 0 00000
2 06916 097.7480 088.609  0000000 000.0000 110.6780 15.01914300000000
1 06916U          19328.57500000  .00000000  00000-0  00000-0 0 00000
2 06916 097.7480 088.692  0000000 000.0000 204.4290 15.01914300000000
1 06916U          19328.64722222  .00000000  00000-0  00000-0 0 00000
2 06916 097.7480 088.763  0000000 000.0000 234.4290 15.01914300000000
1 06916U          19328.73958333  .00000000  00000-0  00000-0 0 00000
2 06916 097.7480 088.854  0000000 000.0000 013.1790 15.01914300000000
1 06916U          19328.79861111  .00000000  00000-0  00000-0 0 00000
2 06916 097.7480 088.913  0000000 000.0000 331.9290 15.01914300000000
1 06916U          19328.90902778  .00000000  00000-0  00000-0 0 00000
2 06916 097.7480 089.022  0000000 000.0000 208.1790 15.01914300000000
1 06916U          19328.97638889  .00000000  00000-0  00000-0 0 00000
2 06916 097.7480 089.088  0000000 000.0000 211.9290 15.01914300000000
1 06916U          19329.08055556  .00000000  00000-0  00000-0 0 00000
2 06916 097.7480 089.191  0000000 000.0000 054.4300 15.01914300000000
1 06916U          19329.12708333  .00000000  00000-0  00000-0 0 00000
2 06916 097.7480 089.236  0000000 000.0000 305.6800 15.01914300000000
1 06916U          19329.23472222  .00000000  00000-0  00000-0 0 00000
2 06916 097.7480 089.343  0000000 000.0000 166.9300 15.01914300000000
1 06916U          19329.30138889  .00000000  00000-0  00000-0 0 00000
2 06916 097.7480 089.408  0000000 000.0000 166.9300 15.01914300000000
1 06916U          19329.37708333  .00000000  00000-0  00000-0 0 00000
2 06916 097.7480 089.483  0000000 000.0000 215.6800 15.01914300000000
1 06916U          19329.47430556  .00000000  00000-0  00000-0 0 00000
2 06916 097.7480 089.579  0000000 000.0000 020.6800 15.01914300000000
1 06916U          19329.56250000  .00000000  00000-0  00000-0 0 00000
2 06916 097.7480 089.666  0000000 000.0000 136.9300 15.01914300000000
1 06916U          19329.65416667  .00000000  00000-0  00000-0 0 00000
2 06916 097.7480 089.756  0000000 000.0000 271.9310 15.01914300000000
1 06916U          19329.71111111  .00000000  00000-0  00000-0 0 00000
2 06916 097.7480 089.812  0000000 000.0000 219.4310 15.01914300000000
1 06916U          19329.81666667  .00000000  00000-0  00000-0 0 00000
2 06916 097.7480 089.916  0000000 000.0000 069.4310 15.01914300000000
1 06916U          19329.90763889  .00000000  00000-0  00000-0 0 00000
2 06916 097.7480 090.006  0000000 000.0000 200.6810 15.01914300000000
1 06916U          19329.96041667  .00000000  00000-0  00000-0 0 00000
2 06916 097.7480 090.058  0000000 000.0000 125.6810 15.01914300000000
1 06916U          19330.04791667  .00000000  00000-0  00000-0 0 00000
2 06916 097.7480 090.144  0000000 000.0000 238.1810 15.01914300000000
1 06916U          19330.13055556  .00000000  00000-0  00000-0 0 00000
2 06916 097.7480 090.226  0000000 000.0000 324.4320 15.01914300000000
1 06916U          19330.22986111  .00000000  00000-0  00000-0 0 00000
2 06916 097.7480 090.324  0000000 000.0000 140.6820 15.01914300000000
1 06916U          19330.29513889  .00000000  00000-0  00000-0 0 00000
2 06916 097.7480 090.388  0000000 000.0000 133.1820 15.01914300000000
1 06916U          19330.37500000  .00000000  00000-0  00000-0 0 00000
2 06916 097.7480 090.467  0000000 000.0000 204.4320 15.01914300000000
1 06916U          19330.47152778  .00000000  00000-0  00000-0 0 00000
2 06916 097.7480 090.562  0000000 000.0000 005.6820 15.01914300000000
1 06916U          19330.54930556  .00000000  00000-0  00000-0 0 00000
2 06916 097.7480 090.639  0000000 000.0000 065.6820 15.01914300000000
1 06916U          19330.64097222  .00000000  00000-0  00000-0 0 00000
2 06916 097.7480 090.729  0000000 000.0000 200.6830 15.01914300000000
1 06916U          19330.72777778  .00000000  00000-0  00000-0 0 00000
2 06916 097.7480 090.815  0000000 000.0000 309.4330 15.01914300000000
1 06916U          19330.81041667  .00000000  00000-0  00000-0 0 00000
2 06916 097.7480 090.896  0000000 000.0000 035.6830 15.01914300000000
1 06916U          19330.87916667  .00000000  00000-0  00000-0 0 00000
2 06916 097.7480 090.964  0000000 000.0000 046.9330 15.01914300000000
1 06916U          19330.96944444  .00000000  00000-0  00000-0 0 00000
2 06916 097.7480 091.053  0000000 000.0000 174.4330 15.01914300000000
1 06916U          19331.06458333  .00000000  00000-0  00000-0 0 00000
2 06916 097.7480 091.147  0000000 000.0000 328.1830 15.01914300000000
1 06916U          19331.13263889  .00000000  00000-0  00000-0 0 00000
2 06916 097.7480 091.214  0000000 000.0000 335.6830 15.01914300000000
1 06916U          19331.23541667  .00000000  00000-0  00000-0 0 00000
2 06916 097.7480 091.315  0000000 000.0000 170.6840 15.01914300000000
1 06916U          19331.30277778  .00000000  00000-0  00000-0 0 00000
2 06916 097.7480 091.381  0000000 000.0000 174.4340 15.01914300000000
1 06916U          19331.41666667  .00000000  00000-0  00000-0 0 00000
2 06916 097.7480 091.494  0000000 000.0000 069.4340 15.01914300000000
1 06916U          19331.48055556  .00000000  00000-0  00000-0 0 00000
2 06916 097.7480 091.557  0000000 000.0000 054.4340 15.01914300000000
1 06916U          19331.55416667  .00000000  00000-0  00000-0 0 00000
2 06916 097.7480 091.629  0000000 000.0000 091.9340 15.01914300000000
1 06916U          19331.62986111  .00000000  00000-0  00000-0 0 00000
2 06916 097.7480 091.704  0000000 000.0000 140.6840 15.01914300000000
1 06916U          19331.72638889  .00000000  00000-0  00000-0 0 00000
2 06916 097.7480 091.799  0000000 000.0000 301.9350 15.01914300000000
1 06916U          19331.80833333  .00000000  00000-0  00000-0 0 00000
2 06916 097.7480 091.880  0000000 000.0000 024.4350 15.01914300000000
1 06916U          19331.88125000  .00000000  00000-0  00000-0 0 00000
2 06916 097.7480 091.952  0000000 000.0000 058.1850 15.01914300000000
1 06916U          19331.96666667  .00000000  00000-0  00000-0 0 00000
2 06916 097.7480 092.036  0000000 000.0000 159.4350 15.01914300000000
1 06916U          19332.07500000  .00000000  00000-0  00000-0 0 00000
2 06916 097.7480 092.143  0000000 000.0000 024.4350 15.01914300000000
1 06916U          19332.14791667  .00000000  00000-0  00000-0 0 00000
2 06916 097.7480 092.215  0000000 000.0000 058.1850 15.01914300000000
1 06916U          19332.24305556  .00000000  00000-0  00000-0 0 00000
2 06916 097.7480 092.308  0000000 000.0000 211.9360 15.01914300000000
1 06916U          19332.33194444  .00000000  00000-0  00000-0 0 00000
2 06916 097.7480 092.396  0000000 000.0000 331.9360 15.01914300000000
1 06916U          19332.39097222  .00000000  00000-0  00000-0 0 00000
2 06916 097.7480 092.454  0000000 000.0000 290.6860 15.01914300000000
1 06916U          19332.47222222  .00000000  00000-0  00000-0 0 00000
2 06916 097.7480 092.534  0000000 000.0000 009.4360 15.01914300000000
1 06916U          19332.57430556  .00000000  00000-0  00000-0 0 00000
2 06916 097.7480 092.635  0000000 000.0000 200.6860 15.01914300000000
1 06916U          19332.63611111  .00000000  00000-0  00000-0 0 00000
2 06916 097.7480 092.696  0000000 000.0000 174.4360 15.01914300000000
1 06916U          19332.72638889  .00000000  00000-0  00000-0 0 00000
2 06916 097.7480 092.785  0000000 000.0000 301.9370 15.01914300000000
1 06916U          19332.83194444  .00000000  00000-0  00000-0 0 00000
2 06916 097.7480 092.889  0000000 000.0000 151.9370 15.01914300000000
1 06916U          19332.88194444  .00000000  00000-0  00000-0 0 00000
2 06916 097.7480 092.938  0000000 000.0000 061.9370 15.01914300000000
