1 70082U          19281.91875000  .00000000  00000-0  00000-0 0 00000
2 70082 097.7340 119.858  0000000 000.0000 223.0190 15.01920000000000
1 70082U          19282.40416667  .00000000  00000-0  00000-0 0 00000
2 70082 097.7330 120.336  0000000 000.0000 324.2700 15.01920000000000
1 70082U          19282.68958333  .00000000  00000-0  00000-0 0 00000
2 70082 097.7330 120.618  0000000 000.0000 065.5200 15.01920000000000
1 70082U          19283.03750000  .00000000  00000-0  00000-0 0 00000
2 70082 097.7330 120.961  0000000 000.0000 144.2710 15.01920000000000
1 70082U          19283.27777778  .00000000  00000-0  00000-0 0 00000
2 70082 097.7320 121.198  0000000 000.0000 001.7710 15.01920000000000
1 70082U          19283.67361111  .00000000  00000-0  00000-0 0 00000
2 70082 097.7320 121.588  0000000 000.0000 339.2720 15.01920000000000
1 70082U          19284.06111111  .00000000  00000-0  00000-0 0 00000
2 70082 097.7320 121.970  0000000 000.0000 271.7730 15.01920000000000
1 70082U          19284.31736111  .00000000  00000-0  00000-0 0 00000
2 70082 097.7310 122.222  0000000 000.0000 215.5230 15.01920000000000
1 70082U          19284.61388889  .00000000  00000-0  00000-0 0 00000
2 70082 097.7310 122.515  0000000 000.0000 016.7740 15.01920000000000
1 70082U          19284.95347222  .00000000  00000-0  00000-0 0 00000
2 70082 097.7310 122.850  0000000 000.0000 050.5240 15.01920000000000
1 70082U          19285.31597222  .00000000  00000-0  00000-0 0 00000
2 70082 097.7300 123.207  0000000 000.0000 208.0250 15.01920000000000
1 70082U          19285.70972222  .00000000  00000-0  00000-0 0 00000
2 70082 097.7300 123.595  0000000 000.0000 174.2750 15.01920000000000
1 70082U          19285.96458333  .00000000  00000-0  00000-0 0 00000
2 70082 097.7300 123.846  0000000 000.0000 110.5260 15.01920000000000
1 70082U          19286.35416667  .00000000  00000-0  00000-0 0 00000
2 70082 097.7290 124.230  0000000 000.0000 054.2760 15.01920000000000
1 70082U          19286.65486111  .00000000  00000-0  00000-0 0 00000
2 70082 097.7290 124.527  0000000 000.0000 238.0270 15.01920000000000
1 70082U          19286.94444444  .00000000  00000-0  00000-0 0 00000
2 70082 097.7290 124.812  0000000 000.0000 001.7770 15.01920000000000
1 70082U          19287.29513889  .00000000  00000-0  00000-0 0 00000
2 70082 097.7280 125.158  0000000 000.0000 095.5280 15.01920000000000
1 70082U          19287.66944444  .00000000  00000-0  00000-0 0 00000
2 70082 097.7280 125.527  0000000 000.0000 316.7780 15.01920000000000
1 70082U          19288.07638889  .00000000  00000-0  00000-0 0 00000
2 70082 097.7270 125.928  0000000 000.0000 354.2790 15.01920000000000
1 70082U          19288.30277778  .00000000  00000-0  00000-0 0 00000
2 70082 097.7270 126.151  0000000 000.0000 136.7790 15.01920000000000
1 70082U          19288.65347222  .00000000  00000-0  00000-0 0 00000
2 70082 097.7270 126.497  0000000 000.0000 230.5300 15.01920000000000
1 70082U          19288.95000000  .00000000  00000-0  00000-0 0 00000
2 70082 097.7260 126.789  0000000 000.0000 031.7800 15.01920000000000
1 70082U          19289.26666667  .00000000  00000-0  00000-0 0 00000
2 70082 097.7260 127.102  0000000 000.0000 301.7810 15.01920000000000
1 70082U          19289.63680556  .00000000  00000-0  00000-0 0 00000
2 70082 097.7260 127.466  0000000 000.0000 140.5310 15.01920000000000
1 70082U          19290.04583333  .00000000  00000-0  00000-0 0 00000
2 70082 097.7250 127.870  0000000 000.0000 189.2820 15.01920000000000
1 70082U          19290.34652778  .00000000  00000-0  00000-0 0 00000
2 70082 097.7250 128.166  0000000 000.0000 013.0330 15.01920000000000
1 70082U          19290.74444444  .00000000  00000-0  00000-0 0 00000
2 70082 097.7240 128.558  0000000 000.0000 001.7830 15.01920000000000
1 70082U          19290.95347222  .00000000  00000-0  00000-0 0 00000
2 70082 097.7240 128.764  0000000 000.0000 050.5330 15.01920000000000
1 70082U          19291.38958333  .00000000  00000-0  00000-0 0 00000
2 70082 097.7240 129.194  0000000 000.0000 245.5340 15.01920000000000
1 70082U          19291.70833333  .00000000  00000-0  00000-0 0 00000
2 70082 097.7230 129.509  0000000 000.0000 166.7850 15.01920000000000
1 70082U          19292.08194444  .00000000  00000-0  00000-0 0 00000
2 70082 097.7230 129.877  0000000 000.0000 024.2850 15.01920000000000
1 70082U          19292.35972222  .00000000  00000-0  00000-0 0 00000
2 70082 097.7220 130.151  0000000 000.0000 084.2860 15.01920000000000
1 70082U          19292.64652778  .00000000  00000-0  00000-0 0 00000
2 70082 097.7220 130.433  0000000 000.0000 193.0360 15.01920000000000
1 70082U          19292.94652778  .00000000  00000-0  00000-0 0 00000
2 70082 097.7220 130.729  0000000 000.0000 013.0360 15.01920000000000
1 70082U          19293.27847222  .00000000  00000-0  00000-0 0 00000
2 70082 097.7210 131.056  0000000 000.0000 005.5370 15.01920000000000
1 70082U          19293.71666667  .00000000  00000-0  00000-0 0 00000
2 70082 097.7210 131.488  0000000 000.0000 211.7880 15.01920000000000
1 70082U          19293.95902778  .00000000  00000-0  00000-0 0 00000
2 70082 097.7200 131.727  0000000 000.0000 080.5380 15.01920000000000
1 70082U          19294.39097222  .00000000  00000-0  00000-0 0 00000
2 70082 097.7200 132.153  0000000 000.0000 253.0380 15.01920000000000
1 70082U          19294.73333333  .00000000  00000-0  00000-0 0 00000
2 70082 097.7190 132.491  0000000 000.0000 301.7890 15.01920000000000
1 70082U          19294.92638889  .00000000  00000-0  00000-0 0 00000
2 70082 097.7190 132.681  0000000 000.0000 264.2890 15.01920000000000
1 70082U          19295.37083333  .00000000  00000-0  00000-0 0 00000
2 70082 097.7190 133.119  0000000 000.0000 144.2900 15.01920000000000
1 70082U          19295.63055556  .00000000  00000-0  00000-0 0 00000
2 70082 097.7180 133.375  0000000 000.0000 106.7900 15.01920000000000
1 70082U          19296.02152778  .00000000  00000-0  00000-0 0 00000
2 70082 097.7180 133.760  0000000 000.0000 058.0410 15.01920000000000
1 70082U          19296.26944444  .00000000  00000-0  00000-0 0 00000
2 70082 097.7170 134.005  0000000 000.0000 316.7910 15.01920000000000
1 70082U          19296.61180556  .00000000  00000-0  00000-0 0 00000
2 70082 097.7170 134.342  0000000 000.0000 005.5420 15.01920000000000
1 70082U          19297.01388889  .00000000  00000-0  00000-0 0 00000
2 70082 097.7170 134.739  0000000 000.0000 016.7920 15.01920000000000
1 70082U          19297.37222222  .00000000  00000-0  00000-0 0 00000
2 70082 097.7160 135.092  0000000 000.0000 151.7930 15.01920000000000
1 70082U          19297.71597222  .00000000  00000-0  00000-0 0 00000
2 70082 097.7160 135.431  0000000 000.0000 208.0430 15.01920000000000
1 70082U          19298.03888889  .00000000  00000-0  00000-0 0 00000
2 70082 097.7150 135.749  0000000 000.0000 151.7940 15.01920000000000
1 70082U          19298.25694444  .00000000  00000-0  00000-0 0 00000
2 70082 097.7150 135.964  0000000 000.0000 249.2940 15.01920000000000
1 70082U          19298.63333333  .00000000  00000-0  00000-0 0 00000
2 70082 097.7140 136.335  0000000 000.0000 121.7940 15.01920000000000
1 70082U          19299.00277778  .00000000  00000-0  00000-0 0 00000
2 70082 097.7140 136.699  0000000 000.0000 316.7950 15.01920000000000
1 70082U          19299.26527778  .00000000  00000-0  00000-0 0 00000
2 70082 097.7130 136.958  0000000 000.0000 294.2950 15.01920000000000
1 70082U          19299.68680556  .00000000  00000-0  00000-0 0 00000
2 70082 097.7130 137.374  0000000 000.0000 050.5460 15.01920000000000
1 70082U          19299.95555556  .00000000  00000-0  00000-0 0 00000
2 70082 097.7130 137.639  0000000 000.0000 061.7960 15.01920000000000
1 70082U          19300.31180556  .00000000  00000-0  00000-0 0 00000
2 70082 097.7120 137.990  0000000 000.0000 185.5470 15.01920000000000
1 70082U          19300.70972222  .00000000  00000-0  00000-0 0 00000
2 70082 097.7110 138.382  0000000 000.0000 174.2970 15.01920000000000
1 70082U          19301.06597222  .00000000  00000-0  00000-0 0 00000
2 70082 097.7110 138.733  0000000 000.0000 298.0470 15.01920000000000
1 70082U          19301.36180556  .00000000  00000-0  00000-0 0 00000
2 70082 097.7110 139.025  0000000 000.0000 095.5480 15.01920000000000
1 70082U          19301.58680556  .00000000  00000-0  00000-0 0 00000
2 70082 097.7100 139.247  0000000 000.0000 230.5480 15.01920000000000
1 70082U          19301.94861111  .00000000  00000-0  00000-0 0 00000
2 70082 097.7100 139.603  0000000 000.0000 024.2990 15.01920000000000
1 70082U          19302.29513889  .00000000  00000-0  00000-0 0 00000
2 70082 097.7090 139.945  0000000 000.0000 095.5490 15.01920000000000
1 70082U          19302.58541667  .00000000  00000-0  00000-0 0 00000
2 70082 097.7090 140.231  0000000 000.0000 223.0490 15.01920000000000
1 70082U          19302.97361111  .00000000  00000-0  00000-0 0 00000
2 70082 097.7080 140.614  0000000 000.0000 159.3000 15.01920000000000
1 70082U          19303.39236111  .00000000  00000-0  00000-0 0 00000
2 70082 097.7080 141.026  0000000 000.0000 260.5500 15.01920000000000
1 70082U          19303.59722222  .00000000  00000-0  00000-0 0 00000
2 70082 097.7070 141.228  0000000 000.0000 286.8010 15.01920000000000
1 70082U          19304.00625000  .00000000  00000-0  00000-0 0 00000
2 70082 097.7070 141.632  0000000 000.0000 335.5510 15.01920000000000
1 70082U          19304.40972222  .00000000  00000-0  00000-0 0 00000
2 70082 097.7060 142.029  0000000 000.0000 354.3020 15.01920000000000
1 70082U          19304.67361111  .00000000  00000-0  00000-0 0 00000
2 70082 097.7060 142.289  0000000 000.0000 339.3020 15.01920000000000
1 70082U          19304.93958333  .00000000  00000-0  00000-0 0 00000
2 70082 097.7050 142.552  0000000 000.0000 335.5520 15.01920000000000
1 70082U          19305.33402778  .00000000  00000-0  00000-0 0 00000
2 70082 097.7050 142.940  0000000 000.0000 305.5530 15.01920000000000
1 70082U          19305.67013889  .00000000  00000-0  00000-0 0 00000
2 70082 097.7040 143.272  0000000 000.0000 320.5530 15.01920000000000
1 70082U          19305.95763889  .00000000  00000-0  00000-0 0 00000
2 70082 097.7040 143.555  0000000 000.0000 073.0530 15.01920000000000
1 70082U          19306.36111111  .00000000  00000-0  00000-0 0 00000
2 70082 097.7030 143.953  0000000 000.0000 091.8040 15.01920000000000
1 70082U          19306.65555556  .00000000  00000-0  00000-0 0 00000
2 70082 097.7030 144.243  0000000 000.0000 241.8040 15.01920000000000
1 70082U          19306.98125000  .00000000  00000-0  00000-0 0 00000
2 70082 097.7020 144.564  0000000 000.0000 200.5550 15.01920000000000
1 70082U          19307.40833333  .00000000  00000-0  00000-0 0 00000
2 70082 097.7020 144.985  0000000 000.0000 346.8050 15.01920000000000
1 70082U          19307.58402778  .00000000  00000-0  00000-0 0 00000
2 70082 097.7010 145.158  0000000 000.0000 215.5550 15.01920000000000
1 70082U          19307.95069444  .00000000  00000-0  00000-0 0 00000
2 70082 097.7010 145.520  0000000 000.0000 035.5560 15.01920000000000
1 70082U          19308.40000000  .00000000  00000-0  00000-0 0 00000
2 70082 097.7000 145.963  0000000 000.0000 301.8060 15.01920000000000
1 70082U          19308.71319444  .00000000  00000-0  00000-0 0 00000
2 70082 097.7000 146.272  0000000 000.0000 193.0560 15.01920000000000
1 70082U          19308.98125000  .00000000  00000-0  00000-0 0 00000
2 70082 097.6990 146.536  0000000 000.0000 200.5570 15.01920000000000
1 70082U          19309.32916667  .00000000  00000-0  00000-0 0 00000
2 70082 097.6990 146.879  0000000 000.0000 279.3070 15.01920000000000
1 70082U          19309.65416667  .00000000  00000-0  00000-0 0 00000
2 70082 097.6980 147.199  0000000 000.0000 234.3070 15.01920000000000
1 70082U          19310.03125000  .00000000  00000-0  00000-0 0 00000
2 70082 097.6980 147.571  0000000 000.0000 110.5580 15.01920000000000
1 70082U          19310.36666667  .00000000  00000-0  00000-0 0 00000
2 70082 097.6970 147.901  0000000 000.0000 121.8080 15.01920000000000
1 70082U          19310.71111111  .00000000  00000-0  00000-0 0 00000
2 70082 097.6970 148.241  0000000 000.0000 181.8090 15.01920000000000
1 70082U          19311.00694444  .00000000  00000-0  00000-0 0 00000
2 70082 097.6960 148.533  0000000 000.0000 339.3090 15.01920000000000
1 70082U          19311.30833333  .00000000  00000-0  00000-0 0 00000
2 70082 097.6960 148.830  0000000 000.0000 166.8090 15.01920000000000
1 70082U          19311.60069444  .00000000  00000-0  00000-0 0 00000
2 70082 097.6950 149.118  0000000 000.0000 305.5590 15.01920000000000
1 70082U          19311.96111111  .00000000  00000-0  00000-0 0 00000
2 70082 097.6950 149.473  0000000 000.0000 091.8100 15.01914300000000
1 70082U          19312.18125000  .00000000  00000-0  00000-0 0 00000
2 70082 097.6940 149.690  0000000 000.0000 200.5600 15.01914300000000
1 70082U          19312.52430556  .00000000  00000-0  00000-0 0 00000
2 70082 097.6940 150.028  0000000 000.0000 253.0600 15.01914300000000
1 70082U          19312.93055556  .00000000  00000-0  00000-0 0 00000
2 70082 097.6930 150.429  0000000 000.0000 286.8110 15.01914300000000
1 70082U          19313.30694444  .00000000  00000-0  00000-0 0 00000
2 70082 097.6920 150.800  0000000 000.0000 159.3110 15.01914300000000
1 70082U          19313.62500000  .00000000  00000-0  00000-0 0 00000
2 70082 097.6920 151.113  0000000 000.0000 076.8110 15.01914300000000
1 70082U          19313.96875000  .00000000  00000-0  00000-0 0 00000
2 70082 097.6910 151.452  0000000 000.0000 133.0620 15.01914300000000
1 70082U          19314.20625000  .00000000  00000-0  00000-0 0 00000
2 70082 097.6910 151.686  0000000 000.0000 335.5620 15.01914300000000
1 70082U          19314.63819444  .00000000  00000-0  00000-0 0 00000
2 70082 097.6900 152.112  0000000 000.0000 148.0620 15.01914300000000
1 70082U          19314.87777778  .00000000  00000-0  00000-0 0 00000
2 70082 097.6900 152.348  0000000 000.0000 001.8130 15.01914300000000
1 70082U          19315.23055556  .00000000  00000-0  00000-0 0 00000
2 70082 097.6890 152.696  0000000 000.0000 106.8130 15.01914300000000
1 70082U          19315.60694444  .00000000  00000-0  00000-0 0 00000
2 70082 097.6890 153.067  0000000 000.0000 339.3130 15.01914300000000
1 70082U          19315.92777778  .00000000  00000-0  00000-0 0 00000
2 70082 097.6880 153.383  0000000 000.0000 271.8130 15.01914300000000
1 70082U          19316.16527778  .00000000  00000-0  00000-0 0 00000
2 70082 097.6880 153.617  0000000 000.0000 114.3140 15.01914300000000
1 70082U          19316.56041667  .00000000  00000-0  00000-0 0 00000
2 70082 097.6870 154.007  0000000 000.0000 088.0640 15.01914300000000
1 70082U          19316.94861111  .00000000  00000-0  00000-0 0 00000
2 70082 097.6860 154.389  0000000 000.0000 024.3140 15.01914300000000
1 70082U          19317.14861111  .00000000  00000-0  00000-0 0 00000
2 70082 097.6860 154.587  0000000 000.0000 024.3140 15.01914300000000
1 70082U          19317.54791667  .00000000  00000-0  00000-0 0 00000
2 70082 097.6850 154.980  0000000 000.0000 020.5650 15.01914300000000
1 70082U          19317.82222222  .00000000  00000-0  00000-0 0 00000
2 70082 097.6850 155.251  0000000 000.0000 061.8150 15.01914300000000
1 70082U          19318.15625000  .00000000  00000-0  00000-0 0 00000
2 70082 097.6840 155.580  0000000 000.0000 065.5650 15.01914300000000
1 70082U          19318.61736111  .00000000  00000-0  00000-0 0 00000
2 70082 097.6830 156.034  0000000 000.0000 035.5660 15.01914300000000
1 70082U          19318.87152778  .00000000  00000-0  00000-0 0 00000
2 70082 097.6830 156.285  0000000 000.0000 328.0660 15.01914300000000
1 70082U          19318.94930556  .00000000  00000-0  00000-0 0 00000
2 70082 097.6830 156.362  0000000 000.0000 028.0660 15.01914300000000
1 70082U          19319.17638889  .00000000  00000-0  00000-0 0 00000
2 70082 097.6830 156.585  0000000 000.0000 174.3160 15.01914300000000
1 70082U          19319.61527778  .00000000  00000-0  00000-0 0 00000
2 70082 097.6820 157.018  0000000 000.0000 024.3160 15.01914300000000
1 70082U          19319.87152778  .00000000  00000-0  00000-0 0 00000
2 70082 097.6810 157.271  0000000 000.0000 328.0670 15.01914300000000
1 70082U          19320.28611111  .00000000  00000-0  00000-0 0 00000
2 70082 097.6810 157.679  0000000 000.0000 046.8170 15.01914300000000
1 70082U          19320.48055556  .00000000  00000-0  00000-0 0 00000
2 70082 097.6800 157.871  0000000 000.0000 016.8170 15.01914300000000
1 70082U          19320.81597222  .00000000  00000-0  00000-0 0 00000
2 70082 097.6800 158.201  0000000 000.0000 028.0670 15.01914300000000
1 70082U          19321.26666667  .00000000  00000-0  00000-0 0 00000
2 70082 097.6790 158.646  0000000 000.0000 301.8180 15.01914300000000
1 70082U          19321.52916667  .00000000  00000-0  00000-0 0 00000
2 70082 097.6780 158.904  0000000 000.0000 279.3180 15.01914300000000
1 70082U          19321.90000000  .00000000  00000-0  00000-0 0 00000
2 70082 097.6780 159.270  0000000 000.0000 121.8180 15.01914300000000
1 70082U          19322.30625000  .00000000  00000-0  00000-0 0 00000
2 70082 097.6770 159.670  0000000 000.0000 155.5680 15.01914300000000
1 70082U          19322.49305556  .00000000  00000-0  00000-0 0 00000
2 70082 097.6770 159.855  0000000 000.0000 084.3190 15.01914300000000
1 70082U          19322.81944444  .00000000  00000-0  00000-0 0 00000
2 70082 097.6760 160.176  0000000 000.0000 046.8190 15.01914300000000
1 70082U          19323.18472222  .00000000  00000-0  00000-0 0 00000
2 70082 097.6760 160.536  0000000 000.0000 219.3190 15.01914300000000
1 70082U          19323.57569444  .00000000  00000-0  00000-0 0 00000
2 70082 097.6750 160.922  0000000 000.0000 170.5690 15.01914300000000
1 70082U          19323.88958333  .00000000  00000-0  00000-0 0 00000
2 70082 097.6740 161.231  0000000 000.0000 065.5690 15.01914300000000
1 70082U          19324.25208333  .00000000  00000-0  00000-0 0 00000
2 70082 097.6740 161.588  0000000 000.0000 223.0700 15.01914300000000
1 70082U          19324.63958333  .00000000  00000-0  00000-0 0 00000
2 70082 097.6730 161.970  0000000 000.0000 155.5700 15.01914300000000
1 70082U          19324.89861111  .00000000  00000-0  00000-0 0 00000
2 70082 097.6730 162.226  0000000 000.0000 114.3200 15.01914300000000
1 70082U          19325.23333333  .00000000  00000-0  00000-0 0 00000
2 70082 097.6720 162.556  0000000 000.0000 121.8200 15.01914300000000
1 70082U          19325.58541667  .00000000  00000-0  00000-0 0 00000
2 70082 097.6710 162.903  0000000 000.0000 223.0700 15.01914300000000
1 70082U          19325.88680556  .00000000  00000-0  00000-0 0 00000
2 70082 097.6710 163.200  0000000 000.0000 050.5710 15.01914300000000
1 70082U          19325.95069444  .00000000  00000-0  00000-0 0 00000
2 70082 097.6710 163.263  0000000 000.0000 035.5710 15.01914300000000
1 70082U          19326.16250000  .00000000  00000-0  00000-0 0 00000
2 70082 097.6700 163.471  0000000 000.0000 099.3210 15.01914300000000
1 70082U          19326.51597222  .00000000  00000-0  00000-0 0 00000
2 70082 097.6700 163.820  0000000 000.0000 208.0710 15.01914300000000
1 70082U          19326.83680556  .00000000  00000-0  00000-0 0 00000
2 70082 097.6690 164.136  0000000 000.0000 140.5710 15.01914300000000
1 70082U          19327.17638889  .00000000  00000-0  00000-0 0 00000
2 70082 097.6680 164.471  0000000 000.0000 174.3210 15.01914300000000
1 70082U          19327.54375000  .00000000  00000-0  00000-0 0 00000
2 70082 097.6680 164.833  0000000 000.0000 358.0720 15.01914300000000
1 70082U          19327.97500000  .00000000  00000-0  00000-0 0 00000
2 70082 097.6670 165.258  0000000 000.0000 166.8220 15.01914300000000
1 70082U          19328.17847222  .00000000  00000-0  00000-0 0 00000
2 70082 097.6670 165.459  0000000 000.0000 185.5720 15.01914300000000
1 70082U          19328.63888889  .00000000  00000-0  00000-0 0 00000
2 70082 097.6660 165.912  0000000 000.0000 151.8220 15.01914300000000
1 70082U          19328.88958333  .00000000  00000-0  00000-0 0 00000
2 70082 097.6650 166.159  0000000 000.0000 065.5720 15.01914300000000
1 70082U          19329.17638889  .00000000  00000-0  00000-0 0 00000
2 70082 097.6650 166.442  0000000 000.0000 174.3220 15.01914300000000
1 70082U          19329.51597222  .00000000  00000-0  00000-0 0 00000
2 70082 097.6640 166.777  0000000 000.0000 208.0720 15.01914300000000
1 70082U          19329.82638889  .00000000  00000-0  00000-0 0 00000
2 70082 097.6640 167.083  0000000 000.0000 084.3230 15.01914300000000
1 70082U          19330.22986111  .00000000  00000-0  00000-0 0 00000
2 70082 097.6630 167.481  0000000 000.0000 103.0730 15.01914300000000
1 70082U          19330.48750000  .00000000  00000-0  00000-0 0 00000
2 70082 097.6630 167.735  0000000 000.0000 054.3230 15.01914300000000
1 70082U          19330.88055556  .00000000  00000-0  00000-0 0 00000
2 70082 097.6620 168.122  0000000 000.0000 016.8230 15.01914300000000
1 70082U          19331.24027778  .00000000  00000-0  00000-0 0 00000
2 70082 097.6610 168.476  0000000 000.0000 159.3230 15.01914300000000
1 70082U          19331.61041667  .00000000  00000-0  00000-0 0 00000
2 70082 097.6600 168.841  0000000 000.0000 358.0730 15.01914300000000
1 70082U          19331.95138889  .00000000  00000-0  00000-0 0 00000
2 70082 097.6600 169.177  0000000 000.0000 039.3230 15.01914300000000
1 70082U          19332.17777778  .00000000  00000-0  00000-0 0 00000
2 70082 097.6590 169.401  0000000 000.0000 181.8240 15.01914300000000
1 70082U          19332.53750000  .00000000  00000-0  00000-0 0 00000
2 70082 097.6590 169.755  0000000 000.0000 324.3240 15.01914300000000
1 70082U          19332.89583333  .00000000  00000-0  00000-0 0 00000
2 70082 097.6580 170.108  0000000 000.0000 099.3240 15.01914300000000
