1 70237U          19281.96597222  .00000000  00000-0  00000-0 0 00000
2 70237 097.7410 68.4630 0000000 000.0000 015.0680 00.06258000000000
1 70237U          19282.39166667  .00000000  00000-0  00000-0 0 00000
2 70237 097.7410 68.8830 0000000 000.0000 153.8190 00.06258000000000
1 70237U          19282.67777778  .00000000  00000-0  00000-0 0 00000
2 70237 097.7410 69.1650 0000000 000.0000 258.8190 00.06258000000000
1 70237U          19282.92569444  .00000000  00000-0  00000-0 0 00000
2 70237 097.7420 69.4090 0000000 000.0000 157.5690 00.06258000000000
1 70237U          19283.28333333  .00000000  00000-0  00000-0 0 00000
2 70237 097.7420 69.7620 0000000 000.0000 288.8200 00.06258000000000
1 70237U          19283.72569444  .00000000  00000-0  00000-0 0 00000
2 70237 097.7420 70.1980 0000000 000.0000 157.5710 00.06258000000000
1 70237U          19283.91944444  .00000000  00000-0  00000-0 0 00000
2 70237 097.7420 70.3890 0000000 000.0000 123.8210 00.06258000000000
1 70237U          19284.27152778  .00000000  00000-0  00000-0 0 00000
2 70237 097.7420 70.7360 0000000 000.0000 225.0720 00.06258000000000
1 70237U          19284.67847222  .00000000  00000-0  00000-0 0 00000
2 70237 097.7430 71.1370 0000000 000.0000 262.5730 00.06258000000000
1 70237U          19285.00902778  .00000000  00000-0  00000-0 0 00000
2 70237 097.7430 71.4630 0000000 000.0000 247.5730 00.06258000000000
1 70237U          19285.39097222  .00000000  00000-0  00000-0 0 00000
2 70237 097.7430 71.8400 0000000 000.0000 150.0740 00.06258000000000
1 70237U          19285.72430556  .00000000  00000-0  00000-0 0 00000
2 70237 097.7430 72.1680 0000000 000.0000 150.0750 00.06258000000000
1 70237U          19286.07986111  .00000000  00000-0  00000-0 0 00000
2 70237 097.7430 72.5190 0000000 000.0000 270.0750 00.06258000000000
1 70237U          19286.32569444  .00000000  00000-0  00000-0 0 00000
2 70237 097.7440 72.7610 0000000 000.0000 157.5760 00.06258000000000
1 70237U          19286.64861111  .00000000  00000-0  00000-0 0 00000
2 70237 097.7440 73.0800 0000000 000.0000 101.3260 00.06258000000000
1 70237U          19287.01388889  .00000000  00000-0  00000-0 0 00000
2 70237 097.7440 73.4400 0000000 000.0000 273.8270 00.06258000000000
1 70237U          19287.33194444  .00000000  00000-0  00000-0 0 00000
2 70237 097.7440 73.7530 0000000 000.0000 191.3270 00.06258000000000
1 70237U          19287.65486111  .00000000  00000-0  00000-0 0 00000
2 70237 097.7440 74.0720 0000000 000.0000 135.0780 00.06258000000000
1 70237U          19288.01180556  .00000000  00000-0  00000-0 0 00000
2 70237 097.7440 74.4230 0000000 000.0000 262.5790 00.06258000000000
1 70237U          19288.27569444  .00000000  00000-0  00000-0 0 00000
2 70237 097.7450 74.6840 0000000 000.0000 247.5790 00.06258000000000
1 70237U          19288.58472222  .00000000  00000-0  00000-0 0 00000
2 70237 097.7450 74.9880 0000000 000.0000 116.3300 00.06258000000000
1 70237U          19288.96736111  .00000000  00000-0  00000-0 0 00000
2 70237 097.7450 75.3660 0000000 000.0000 022.5810 00.06258000000000
1 70237U          19289.32777778  .00000000  00000-0  00000-0 0 00000
2 70237 097.7450 75.7210 0000000 000.0000 168.8310 00.06258000000000
1 70237U          19289.72152778  .00000000  00000-0  00000-0 0 00000
2 70237 097.7450 76.1090 0000000 000.0000 135.0820 00.06258000000000
1 70237U          19290.02222222  .00000000  00000-0  00000-0 0 00000
2 70237 097.7450 76.4050 0000000 000.0000 318.8320 00.06258000000000
1 70237U          19290.25347222  .00000000  00000-0  00000-0 0 00000
2 70237 097.7450 76.6330 0000000 000.0000 127.5830 00.06258000000000
1 70237U          19290.65625000  .00000000  00000-0  00000-0 0 00000
2 70237 097.7460 77.0300 0000000 000.0000 142.5840 00.06258000000000
1 70237U          19290.95208333  .00000000  00000-0  00000-0 0 00000
2 70237 097.7460 77.3220 0000000 000.0000 300.0840 00.06258000000000
1 70237U          19291.31041667  .00000000  00000-0  00000-0 0 00000
2 70237 097.7460 77.6750 0000000 000.0000 075.0850 00.06258000000000
1 70237U          19291.69583333  .00000000  00000-0  00000-0 0 00000
2 70237 097.7460 78.0550 0000000 000.0000 356.3360 00.06258000000000
1 70237U          19292.01458333  .00000000  00000-0  00000-0 0 00000
2 70237 097.7460 78.3700 0000000 000.0000 277.5860 00.06258000000000
1 70237U          19292.26527778  .00000000  00000-0  00000-0 0 00000
2 70237 097.7460 78.6170 0000000 000.0000 191.3370 00.06258000000000
1 70237U          19292.68402778  .00000000  00000-0  00000-0 0 00000
2 70237 097.7460 79.0300 0000000 000.0000 292.5870 00.06258000000000
1 70237U          19293.04305556  .00000000  00000-0  00000-0 0 00000
2 70237 097.7470 79.3840 0000000 000.0000 071.3380 00.06258000000000
1 70237U          19293.40486111  .00000000  00000-0  00000-0 0 00000
2 70237 097.7470 79.7400 0000000 000.0000 225.0890 00.06258000000000
1 70237U          19293.60625000  .00000000  00000-0  00000-0 0 00000
2 70237 097.7470 79.9390 0000000 000.0000 232.5890 00.06258000000000
1 70237U          19293.96875000  .00000000  00000-0  00000-0 0 00000
2 70237 097.7470 80.2960 0000000 000.0000 030.0900 00.06258000000000
1 70237U          19294.37986111  .00000000  00000-0  00000-0 0 00000
2 70237 097.7470 80.7010 0000000 000.0000 090.0910 00.06258000000000
1 70237U          19294.71666667  .00000000  00000-0  00000-0 0 00000
2 70237 097.7470 81.0330 0000000 000.0000 108.8410 00.06258000000000
1 70237U          19295.05486111  .00000000  00000-0  00000-0 0 00000
2 70237 097.7470 81.3670 0000000 000.0000 135.0920 00.06258000000000
1 70237U          19295.25972222  .00000000  00000-0  00000-0 0 00000
2 70237 097.7470 81.5690 0000000 000.0000 161.3420 00.06258000000000
1 70237U          19295.64027778  .00000000  00000-0  00000-0 0 00000
2 70237 097.7470 81.9440 0000000 000.0000 056.3430 00.06258000000000
1 70237U          19296.07708333  .00000000  00000-0  00000-0 0 00000
2 70237 097.7470 82.3750 0000000 000.0000 255.0940 00.06258000000000
1 70237U          19296.28263889  .00000000  00000-0  00000-0 0 00000
2 70237 097.7470 82.5770 0000000 000.0000 285.0940 00.06258000000000
1 70237U          19296.72777778  .00000000  00000-0  00000-0 0 00000
2 70237 097.7480 83.0160 0000000 000.0000 168.8450 00.06258000000000
1 70237U          19297.01041667  .00000000  00000-0  00000-0 0 00000
2 70237 097.7480 83.2950 0000000 000.0000 255.0960 00.06258000000000
1 70237U          19297.39722222  .00000000  00000-0  00000-0 0 00000
2 70237 097.7480 83.6760 0000000 000.0000 183.8460 00.06258000000000
1 70237U          19297.64722222  .00000000  00000-0  00000-0 0 00000
2 70237 097.7480 83.9230 0000000 000.0000 093.8470 00.06258000000000
1 70237U          19297.97986111  .00000000  00000-0  00000-0 0 00000
2 70237 097.7480 84.2510 0000000 000.0000 090.0980 00.06258000000000
1 70237U          19298.39305556  .00000000  00000-0  00000-0 0 00000
2 70237 097.7480 84.6580 0000000 000.0000 161.3480 00.06258000000000
1 70237U          19298.71250000  .00000000  00000-0  00000-0 0 00000
2 70237 097.7480 84.9730 0000000 000.0000 086.3490 00.06258000000000
1 70237U          19298.95000000  .00000000  00000-0  00000-0 0 00000
2 70237 097.7480 85.2070 0000000 000.0000 288.8490 00.06258000000000
1 70237U          19299.37500000  .00000000  00000-0  00000-0 0 00000
2 70237 097.7480 85.6260 0000000 000.0000 063.8500 00.06258000000000
1 70237U          19299.70625000  .00000000  00000-0  00000-0 0 00000
2 70237 097.7480 85.9530 0000000 000.0000 052.6010 00.06258000000000
1 70237U          19300.05625000  .00000000  00000-0  00000-0 0 00000
2 70237 097.7480 86.2980 0000000 000.0000 142.6010 00.06258000000000
1 70237U          19300.34583333  .00000000  00000-0  00000-0 0 00000
2 70237 097.7480 86.5830 0000000 000.0000 266.3520 00.06258000000000
1 70237U          19300.68750000  .00000000  00000-0  00000-0 0 00000
2 70237 097.7480 86.9200 0000000 000.0000 311.3530 00.06258000000000
1 70237U          19301.03888889  .00000000  00000-0  00000-0 0 00000
2 70237 097.7480 87.2660 0000000 000.0000 048.8530 00.06258000000000
1 70237U          19301.35347222  .00000000  00000-0  00000-0 0 00000
2 70237 097.7480 87.5760 0000000 000.0000 307.6040 00.06258000000000
1 70237U          19301.68888889  .00000000  00000-0  00000-0 0 00000
2 70237 097.7480 87.9070 0000000 000.0000 318.8550 00.06258000000000
1 70237U          19302.06180556  .00000000  00000-0  00000-0 0 00000
2 70237 097.7480 88.2750 0000000 000.0000 172.6050 00.06258000000000
1 70237U          19302.25486111  .00000000  00000-0  00000-0 0 00000
2 70237 097.7480 88.4650 0000000 000.0000 135.1060 00.06258000000000
1 70237U          19302.65069444  .00000000  00000-0  00000-0 0 00000
2 70237 097.7480 88.8550 0000000 000.0000 112.6060 00.06258000000000
1 70237U          19303.01458333  .00000000  00000-0  00000-0 0 00000
2 70237 097.7480 89.2140 0000000 000.0000 277.6070 00.06258000000000
1 70237U          19303.32500000  .00000000  00000-0  00000-0 0 00000
2 70237 097.7480 89.5200 0000000 000.0000 153.8580 00.06258000000000
1 70237U          19303.59652778  .00000000  00000-0  00000-0 0 00000
2 70237 097.7480 89.7880 0000000 000.0000 180.1080 00.06258000000000
1 70237U          19303.94027778  .00000000  00000-0  00000-0 0 00000
2 70237 097.7480 90.1270 0000000 000.0000 236.3590 00.06258000000000
1 70237U          19304.33680556  .00000000  00000-0  00000-0 0 00000
2 70237 097.7480 90.5180 0000000 000.0000 217.6100 00.06258000000000
1 70237U          19304.61527778  .00000000  00000-0  00000-0 0 00000
2 70237 097.7480 90.7920 0000000 000.0000 281.3600 00.06258000000000
1 70237U          19305.06250000  .00000000  00000-0  00000-0 0 00000
2 70237 097.7480 91.2330 0000000 000.0000 176.3610 00.06258000000000
1 70237U          19305.26736111  .00000000  00000-0  00000-0 0 00000
2 70237 097.7480 91.4350 0000000 000.0000 202.6110 00.06258000000000
1 70237U          19305.67916667  .00000000  00000-0  00000-0 0 00000
2 70237 097.7480 91.8410 0000000 000.0000 266.3620 00.06258000000000
1 70237U          19305.92500000  .00000000  00000-0  00000-0 0 00000
2 70237 097.7480 92.0830 0000000 000.0000 153.8630 00.06258000000000
1 70237U          19306.34861111  .00000000  00000-0  00000-0 0 00000
2 70237 097.7480 92.5010 0000000 000.0000 281.3640 00.06258000000000
1 70237U          19306.68472222  .00000000  00000-0  00000-0 0 00000
2 70237 097.7480 92.8320 0000000 000.0000 296.3640 00.06258000000000
1 70237U          19307.04930556  .00000000  00000-0  00000-0 0 00000
2 70237 097.7480 93.1920 0000000 000.0000 105.1150 00.06258000000000
1 70237U          19307.26736111  .00000000  00000-0  00000-0 0 00000
2 70237 097.7480 93.4070 0000000 000.0000 202.6150 00.06258000000000
1 70237U          19307.63125000  .00000000  00000-0  00000-0 0 00000
2 70237 097.7480 93.7650 0000000 000.0000 007.6160 00.06258000000000
1 70237U          19307.96736111  .00000000  00000-0  00000-0 0 00000
2 70237 097.7480 94.0970 0000000 000.0000 022.6170 00.06258000000000
1 70237U          19308.31527778  .00000000  00000-0  00000-0 0 00000
2 70237 097.7480 94.4400 0000000 000.0000 101.3670 00.06258000000000
1 70237U          19308.74027778  .00000000  00000-0  00000-0 0 00000
2 70237 097.7480 94.8590 0000000 000.0000 236.3680 00.06258000000000
1 70237U          19309.01041667  .00000000  00000-0  00000-0 0 00000
2 70237 097.7480 95.1250 0000000 000.0000 255.1190 00.06258000000000
1 70237U          19309.28611111  .00000000  00000-0  00000-0 0 00000
2 70237 097.7480 95.3970 0000000 000.0000 303.8690 00.06258000000000
1 70237U          19309.64375000  .00000000  00000-0  00000-0 0 00000
2 70237 097.7480 95.7490 0000000 000.0000 075.1200 00.06258000000000
1 70237U          19309.95347222  .00000000  00000-0  00000-0 0 00000
2 70237 097.7480 96.0550 0000000 000.0000 307.6200 00.06258000000000
1 70237U          19310.27083333  .00000000  00000-0  00000-0 0 00000
2 70237 097.7480 96.3680 0000000 000.0000 221.3710 00.06258000000000
1 70237U          19310.60000000  .00000000  00000-0  00000-0 0 00000
2 70237 097.7470 96.6920 0000000 000.0000 198.8720 00.06258000000000
1 70237U          19311.01180556  .00000000  00000-0  00000-0 0 00000
2 70237 097.7470 97.0980 0000000 000.0000 262.6220 00.06258000000000
1 70237U          19311.39166667  .00000000  00000-0  00000-0 0 00000
2 70237 097.7470 97.4730 0000000 000.0000 153.8730 00.06258000000000
1 70237U          19311.58888889  .00000000  00000-0  00000-0 0 00000
2 70237 097.7470 97.6670 0000000 000.0000 138.8740 00.06258000000000
1 70237U          19311.97291667  .00000000  00000-0  00000-0 0 00000
2 70237 097.7470 98.0460 0000000 000.0000 052.6240 15.01914300000000
1 70237U          19312.17222222  .00000000  00000-0  00000-0 0 00000
2 70237 097.7470 98.2420 0000000 000.0000 048.8750 15.01914300000000
1 70237U          19312.57916667  .00000000  00000-0  00000-0 0 00000
2 70237 097.7470 98.6430 0000000 000.0000 086.3750 15.01914300000000
1 70237U          19312.92986111  .00000000  00000-0  00000-0 0 00000
2 70237 097.7470 98.9890 0000000 000.0000 180.1260 15.01914300000000
1 70237U          19313.20972222  .00000000  00000-0  00000-0 0 00000
2 70237 097.7470 99.2650 0000000 000.0000 251.3770 15.01914300000000
1 70237U          19313.56041667  .00000000  00000-0  00000-0 0 00000
2 70237 097.7470 99.6110 0000000 000.0000 345.1270 15.01914300000000
1 70237U          19313.95972222  .00000000  00000-0  00000-0 0 00000
2 70237 097.7470 100.0040 0000000 000.0000 341.3780 15.01914300000000
1 70237U          19314.31041667  .00000000  00000-0  00000-0 0 00000
2 70237 097.7460 100.3500 0000000 000.0000 075.1290 15.01914300000000
1 70237U          19314.49791667  .00000000  00000-0  00000-0 0 00000
2 70237 097.7460 100.5350 0000000 000.0000 007.6290 15.01914300000000
1 70237U          19314.89652778  .00000000  00000-0  00000-0 0 00000
2 70237 097.7460 100.9280 0000000 000.0000 000.1300 15.01914300000000
1 70237U          19315.31041667  .00000000  00000-0  00000-0 0 00000
2 70237 097.7460 101.3360 0000000 000.0000 075.1310 15.01914300000000
1 70237U          19315.63541667  .00000000  00000-0  00000-0 0 00000
2 70237 097.7460 101.6560 0000000 000.0000 030.1310 15.01914300000000
1 70237U          19315.94305556  .00000000  00000-0  00000-0 0 00000
2 70237 097.7460 101.9600 0000000 000.0000 251.3820 15.01914300000000
1 70237U          19316.16250000  .00000000  00000-0  00000-0 0 00000
2 70237 097.7460 102.1760 0000000 000.0000 356.3820 15.01914300000000
1 70237U          19316.63055556  .00000000  00000-0  00000-0 0 00000
2 70237 097.7460 102.6370 0000000 000.0000 003.8830 15.01914300000000
1 70237U          19316.86388889  .00000000  00000-0  00000-0 0 00000
2 70237 097.7450 102.8680 0000000 000.0000 183.8830 15.01914300000000
1 70237U          19317.23819444  .00000000  00000-0  00000-0 0 00000
2 70237 097.7450 103.2370 0000000 000.0000 045.1340 15.01914300000000
1 70237U          19317.61250000  .00000000  00000-0  00000-0 0 00000
2 70237 097.7450 103.6060 0000000 000.0000 266.3850 15.01914300000000
1 70237U          19317.93402778  .00000000  00000-0  00000-0 0 00000
2 70237 097.7450 103.9230 0000000 000.0000 202.6350 15.01914300000000
1 70237U          19318.20833333  .00000000  00000-0  00000-0 0 00000
2 70237 097.7450 104.1930 0000000 000.0000 243.8860 15.01914300000000
1 70237U          19318.55486111  .00000000  00000-0  00000-0 0 00000
2 70237 097.7450 104.5350 0000000 000.0000 315.1370 15.01914300000000
1 70237U          19318.89583333  .00000000  00000-0  00000-0 0 00000
2 70237 097.7440 104.8710 0000000 000.0000 356.3870 15.01914300000000
1 70237U          19318.89583333  .00000000  00000-0  00000-0 0 00000
2 70237 097.7440 104.8710 0000000 000.0000 356.3870 15.01914300000000
1 70237U          19319.20277778  .00000000  00000-0  00000-0 0 00000
2 70237 097.7440 105.1730 0000000 000.0000 213.8880 15.01914300000000
1 70237U          19319.64097222  .00000000  00000-0  00000-0 0 00000
2 70237 097.7440 105.6050 0000000 000.0000 060.1390 15.01914300000000
1 70237U          19319.86111111  .00000000  00000-0  00000-0 0 00000
2 70237 097.7440 105.8220 0000000 000.0000 168.8890 15.01914300000000
1 70237U          19320.25277778  .00000000  00000-0  00000-0 0 00000
2 70237 097.7440 106.2080 0000000 000.0000 123.8900 15.01914300000000
1 70237U          19320.64444444  .00000000  00000-0  00000-0 0 00000
2 70237 097.7440 106.5950 0000000 000.0000 078.8900 15.01914300000000
1 70237U          19320.84097222  .00000000  00000-0  00000-0 0 00000
2 70237 097.7430 106.7880 0000000 000.0000 060.1410 15.01914300000000
1 70237U          19321.25763889  .00000000  00000-0  00000-0 0 00000
2 70237 097.7430 107.1990 0000000 000.0000 150.1420 15.01914300000000
1 70237U          19321.52986111  .00000000  00000-0  00000-0 0 00000
2 70237 097.7430 107.4670 0000000 000.0000 180.1420 15.01914300000000
1 70237U          19321.93194444  .00000000  00000-0  00000-0 0 00000
2 70237 097.7430 107.8640 0000000 000.0000 191.3930 15.01914300000000
1 70237U          19322.19097222  .00000000  00000-0  00000-0 0 00000
2 70237 097.7430 108.1190 0000000 000.0000 150.1430 15.01914300000000
1 70237U          19322.63819444  .00000000  00000-0  00000-0 0 00000
2 70237 097.7420 108.5600 0000000 000.0000 045.1440 15.01914300000000
1 70237U          19322.85138889  .00000000  00000-0  00000-0 0 00000
2 70237 097.7420 108.7700 0000000 000.0000 116.3940 15.01914300000000
1 70237U          19323.28819444  .00000000  00000-0  00000-0 0 00000
2 70237 097.7420 109.2010 0000000 000.0000 315.1450 15.01914300000000
1 70237U          19323.63541667  .00000000  00000-0  00000-0 0 00000
2 70237 097.7420 109.5430 0000000 000.0000 030.1460 15.01914300000000
1 70237U          19323.89444444  .00000000  00000-0  00000-0 0 00000
2 70237 097.7420 109.7990 0000000 000.0000 348.8960 15.01914300000000
1 70237U          19324.28263889  .00000000  00000-0  00000-0 0 00000
2 70237 097.7410 110.1810 0000000 000.0000 285.1470 15.01914300000000
1 70237U          19324.60972222  .00000000  00000-0  00000-0 0 00000
2 70237 097.7410 110.5040 0000000 000.0000 251.3980 15.01914300000000
1 70237U          19324.85138889  .00000000  00000-0  00000-0 0 00000
2 70237 097.7410 110.7420 0000000 000.0000 116.3980 15.01914300000000
1 70237U          19325.27916667  .00000000  00000-0  00000-0 0 00000
2 70237 097.7410 111.1640 0000000 000.0000 266.3990 15.01914300000000
1 70237U          19325.54305556  .00000000  00000-0  00000-0 0 00000
2 70237 097.7410 111.4240 0000000 000.0000 251.3990 15.01914300000000
1 70237U          19325.83333333  .00000000  00000-0  00000-0 0 00000
2 70237 097.7400 111.7100 0000000 000.0000 018.9000 15.01914300000000
1 70237U          19325.93263889  .00000000  00000-0  00000-0 0 00000
2 70237 097.7400 111.8050 0078580 190.6900 004.8280 14.86186000000000
1 70237U          19326.27708333  .00000000  00000-0  00000-0 0 00000
2 70237 097.7470 112.1270 0002540 329.6990 251.8640 14.72603100000000
1 70237U          19326.63611111  .00000000  00000-0  00000-0 0 00000
2 70237 097.7460 112.4760 0009830 196.3810 126.4780 14.72150600000000
1 70237U          19326.90138889  .00000000  00000-0  00000-0 0 00000
2 70237 097.7480 112.7230 0017080 134.0150 153.7820 14.75287500000000
1 70237U          19327.21180556  .00000000  00000-0  00000-0 0 00000
2 70237 097.7480 113.0170 0004980 309.1800 182.5680 14.73279800000000
1 70237U          19327.61527778  .00000000  00000-0  00000-0 0 00000
2 70237 097.7510 113.3960 0014750 279.2110 189.3460 14.75245900000000
1 70237U          19327.93750000  .00000000  00000-0  00000-0 0 00000
2 70237 097.7390 113.6910 0003600 153.8020 221.3080 14.70468000000000
1 70237U          19328.20277778  .00000000  00000-0  00000-0 0 00000
2 70237 097.7440 113.9490 0006440 221.3760 118.5890 14.70732500000000
1 70237U          19328.48055556  .00000000  00000-0  00000-0 0 00000
2 70237 097.7390 114.2060 0002770 146.2650 224.8690 14.70272200000000
1 70237U          19328.87222222  .00000000  00000-0  00000-0 0 00000
2 70237 097.7480 114.5770 0018680 132.2760 153.0850 14.75431000000000
1 70237U          19329.14722222  .00000000  00000-0  00000-0 0 00000
2 70237 097.7490 114.8380 0017050 156.5080 145.2300 14.74224500000000
1 70237U          19329.48819444  .00000000  00000-0  00000-0 0 00000
2 70237 097.7450 115.1610 0015839 164.1800 143.3500 14.73683000000000
1 70237U          19329.81319444  .00000000  00000-0  00000-0 0 00000
2 70237 097.7450 115.4560 0003030 059.3690 169.4850 14.73324900000000
1 70237U          19330.28125000  .00000000  00000-0  00000-0 0 00000
2 70237 097.7400 115.8980 0011660 189.4270 358.2180 14.70116200000000
1 70237U          19330.54861111  .00000000  00000-0  00000-0 0 00000
2 70237 097.7400 116.1560 0009510 161.5070 002.0330 14.70513500000000
1 70237U          19330.85972222  .00000000  00000-0  00000-0 0 00000
2 70237 097.7380 116.4420 0004850 152.2000 219.0510 14.70274500000000
1 70237U          19331.15555556  .00000000  00000-0  00000-0 0 00000
2 70237 097.7450 116.7280 0001060 187.3110 310.5970 14.72671100000000
1 70237U          19331.62986111  .00000000  00000-0  00000-0 0 00000
2 70237 097.7460 117.1750 0003390 284.4280 205.4130 14.73456500000000
1 70237U          19331.85138889  .00000000  00000-0  00000-0 0 00000
2 70237 097.7420 117.3730 0001520 136.1690 087.0060 14.72748800000000
1 70237U          19332.21527778  .00000000  00000-0  00000-0 0 00000
2 70237 097.7410 117.7230 0005080 195.8410 154.4200 14.70228500000000
1 70237U          19332.58472222  .00000000  00000-0  00000-0 0 00000
2 70237 097.7420 118.0740 0005549 145.3320 001.4790 14.71781500000000
1 70237U          19332.89583333  .00000000  00000-0  00000-0 0 00000
2 70237 097.7370 118.3610 0004800 184.5440 169.9630 14.70131500000000
