1 70502U          19282.00486111  .00000000  00000-0  00000-0 0 00000
2 70502 097.7410 68.5020 0000000 000.0000 273.0680 15.01920000000000
1 70502U          19282.34166667  .00000000  00000-0  00000-0 0 00000
2 70502 097.7410 68.8340 0000000 000.0000 291.8180 15.01920000000000
1 70502U          19282.66944444  .00000000  00000-0  00000-0 0 00000
2 70502 097.7410 69.1570 0000000 000.0000 261.8190 15.01920000000000
1 70502U          19282.99027778  .00000000  00000-0  00000-0 0 00000
2 70502 097.7420 69.4730 0000000 000.0000 194.3200 15.01920000000000
1 70502U          19283.39722222  .00000000  00000-0  00000-0 0 00000
2 70502 097.7420 69.8740 0000000 000.0000 231.8200 15.01920000000000
1 70502U          19283.64236111  .00000000  00000-0  00000-0 0 00000
2 70502 097.7420 70.1160 0000000 000.0000 115.5710 15.01920000000000
1 70502U          19284.02847222  .00000000  00000-0  00000-0 0 00000
2 70502 097.7420 70.4970 0000000 000.0000 040.5710 15.01920000000000
1 70502U          19284.35555556  .00000000  00000-0  00000-0 0 00000
2 70502 097.7420 70.8190 0000000 000.0000 006.8220 15.01920000000000
1 70502U          19284.58402778  .00000000  00000-0  00000-0 0 00000
2 70502 097.7430 71.0440 0000000 000.0000 160.5720 15.01920000000000
1 70502U          19285.06111111  .00000000  00000-0  00000-0 0 00000
2 70502 097.7430 71.5150 0000000 000.0000 216.8230 15.01920000000000
1 70502U          19285.34791667  .00000000  00000-0  00000-0 0 00000
2 70502 097.7430 71.7970 0000000 000.0000 325.5740 15.01920000000000
1 70502U          19285.71875000  .00000000  00000-0  00000-0 0 00000
2 70502 097.7430 72.1630 0000000 000.0000 168.0750 15.01920000000000
1 70502U          19286.05902778  .00000000  00000-0  00000-0 0 00000
2 70502 097.7430 72.4980 0000000 000.0000 205.5750 15.01920000000000
1 70502U          19286.30000000  .00000000  00000-0  00000-0 0 00000
2 70502 097.7440 72.7360 0000000 000.0000 066.8260 15.01920000000000
1 70502U          19286.69722222  .00000000  00000-0  00000-0 0 00000
2 70502 097.7440 73.1270 0000000 000.0000 051.8260 15.01920000000000
1 70502U          19286.92500000  .00000000  00000-0  00000-0 0 00000
2 70502 097.7440 73.3520 0000000 000.0000 201.8270 15.01920000000000
1 70502U          19287.27361111  .00000000  00000-0  00000-0 0 00000
2 70502 097.7440 73.6960 0000000 000.0000 284.3270 15.01920000000000
1 70502U          19287.66944444  .00000000  00000-0  00000-0 0 00000
2 70502 097.7440 74.0860 0000000 000.0000 261.8280 15.01920000000000
1 70502U          19287.93333333  .00000000  00000-0  00000-0 0 00000
2 70502 097.7440 74.3460 0000000 000.0000 246.8290 15.01920000000000
1 70502U          19288.27083333  .00000000  00000-0  00000-0 0 00000
2 70502 097.7450 74.6790 0000000 000.0000 269.3290 15.01920000000000
1 70502U          19288.60694444  .00000000  00000-0  00000-0 0 00000
2 70502 097.7450 75.0100 0000000 000.0000 284.3300 15.01920000000000
1 70502U          19288.97986111  .00000000  00000-0  00000-0 0 00000
2 70502 097.7450 75.3780 0000000 000.0000 138.0810 15.01920000000000
1 70502U          19289.29305556  .00000000  00000-0  00000-0 0 00000
2 70502 097.7450 75.6870 0000000 000.0000 029.3310 15.01920000000000
1 70502U          19289.62430556  .00000000  00000-0  00000-0 0 00000
2 70502 097.7450 76.0130 0000000 000.0000 018.0820 15.01920000000000
1 70502U          19289.91805556  .00000000  00000-0  00000-0 0 00000
2 70502 097.7450 76.3030 0000000 000.0000 164.3320 15.01920000000000
1 70502U          19290.38888889  .00000000  00000-0  00000-0 0 00000
2 70502 097.7460 76.7670 0000000 000.0000 186.8330 15.01920000000000
1 70502U          19290.66527778  .00000000  00000-0  00000-0 0 00000
2 70502 097.7460 77.0390 0000000 000.0000 239.3340 15.01920000000000
1 70502U          19291.05972222  .00000000  00000-0  00000-0 0 00000
2 70502 097.7460 77.4280 0000000 000.0000 209.3340 15.01920000000000
1 70502U          19291.41527778  .00000000  00000-0  00000-0 0 00000
2 70502 097.7460 77.7790 0000000 000.0000 329.3350 15.01920000000000
1 70502U          19291.74097222  .00000000  00000-0  00000-0 0 00000
2 70502 097.7460 78.1000 0000000 000.0000 288.0860 15.01920000000000
1 70502U          19292.07430556  .00000000  00000-0  00000-0 0 00000
2 70502 097.7460 78.4280 0000000 000.0000 288.0860 15.01920000000000
1 70502U          19292.29791667  .00000000  00000-0  00000-0 0 00000
2 70502 097.7460 78.6490 0000000 000.0000 055.5870 15.01920000000000
1 70502U          19292.63680556  .00000000  00000-0  00000-0 0 00000
2 70502 097.7460 78.9830 0000000 000.0000 085.5870 15.01920000000000
1 70502U          19292.93263889  .00000000  00000-0  00000-0 0 00000
2 70502 097.7460 79.2750 0000000 000.0000 243.0880 15.01920000000000
1 70502U          19293.26319444  .00000000  00000-0  00000-0 0 00000
2 70502 097.7470 79.6010 0000000 000.0000 228.0890 15.01920000000000
1 70502U          19293.60347222  .00000000  00000-0  00000-0 0 00000
2 70502 097.7470 79.9360 0000000 000.0000 265.5890 15.01920000000000
1 70502U          19293.99513889  .00000000  00000-0  00000-0 0 00000
2 70502 097.7470 80.3220 0000000 000.0000 220.5900 15.01920000000000
1 70502U          19294.32777778  .00000000  00000-0  00000-0 0 00000
2 70502 097.7470 80.6500 0000000 000.0000 216.8410 15.01920000000000
1 70502U          19294.60138889  .00000000  00000-0  00000-0 0 00000
2 70502 097.7470 80.9200 0000000 000.0000 254.3410 15.01920000000000
1 70502U          19295.03611111  .00000000  00000-0  00000-0 0 00000
2 70502 097.7470 81.3480 0000000 000.0000 081.8420 15.01920000000000
1 70502U          19295.40972222  .00000000  00000-0  00000-0 0 00000
2 70502 097.7470 81.7170 0000000 000.0000 299.3430 15.01920000000000
1 70502U          19295.62430556  .00000000  00000-0  00000-0 0 00000
2 70502 097.7470 81.9280 0000000 000.0000 018.0930 15.01920000000000
1 70502U          19295.99444444  .00000000  00000-0  00000-0 0 00000
2 70502 097.7470 82.2930 0000000 000.0000 216.8440 15.01920000000000
1 70502U          19296.35416667  .00000000  00000-0  00000-0 0 00000
2 70502 097.7470 82.6480 0000000 000.0000 359.3440 15.01920000000000
1 70502U          19296.73194444  .00000000  00000-0  00000-0 0 00000
2 70502 097.7480 83.0200 0000000 000.0000 239.3450 15.01920000000000
1 70502U          19296.99861111  .00000000  00000-0  00000-0 0 00000
2 70502 097.7480 83.2830 0000000 000.0000 239.3460 15.01920000000000
1 70502U          19297.37361111  .00000000  00000-0  00000-0 0 00000
2 70502 097.7480 83.6530 0000000 000.0000 104.3460 15.01920000000000
1 70502U          19297.71666667  .00000000  00000-0  00000-0 0 00000
2 70502 097.7480 83.9910 0000000 000.0000 156.8470 15.01920000000000
1 70502U          19297.93541667  .00000000  00000-0  00000-0 0 00000
2 70502 097.7480 84.2070 0000000 000.0000 258.0970 15.01920000000000
1 70502U          19298.36666667  .00000000  00000-0  00000-0 0 00000
2 70502 097.7480 84.6320 0000000 000.0000 066.8480 15.01920000000000
1 70502U          19298.60763889  .00000000  00000-0  00000-0 0 00000
2 70502 097.7480 84.8690 0000000 000.0000 288.0990 15.01920000000000
1 70502U          19298.99513889  .00000000  00000-0  00000-0 0 00000
2 70502 097.7480 85.2510 0000000 000.0000 220.5990 15.01920000000000
1 70502U          19299.27152778  .00000000  00000-0  00000-0 0 00000
2 70502 097.7480 85.5240 0000000 000.0000 273.1000 15.01920000000000
1 70502U          19299.69236111  .00000000  00000-0  00000-0 0 00000
2 70502 097.7480 85.9390 0000000 000.0000 025.6010 15.01920000000000
1 70502U          19300.05347222  .00000000  00000-0  00000-0 0 00000
2 70502 097.7480 86.2950 0000000 000.0000 175.6010 15.01920000000000
1 70502U          19300.29513889  .00000000  00000-0  00000-0 0 00000
2 70502 097.7480 86.5330 0000000 000.0000 040.6020 15.01920000000000
1 70502U          19300.60416667  .00000000  00000-0  00000-0 0 00000
2 70502 097.7480 86.8380 0000000 000.0000 269.3530 15.01920000000000
1 70502U          19301.05555556  .00000000  00000-0  00000-0 0 00000
2 70502 097.7480 87.2830 0000000 000.0000 186.8530 15.01920000000000
1 70502U          19301.40416667  .00000000  00000-0  00000-0 0 00000
2 70502 097.7480 87.6260 0000000 000.0000 269.3540 15.01920000000000
1 70502U          19301.70416667  .00000000  00000-0  00000-0 0 00000
2 70502 097.7480 87.9220 0000000 000.0000 089.3550 15.01920000000000
1 70502U          19302.08263889  .00000000  00000-0  00000-0 0 00000
2 70502 097.7480 88.2950 0000000 000.0000 333.1050 15.01920000000000
1 70502U          19302.32638889  .00000000  00000-0  00000-0 0 00000
2 70502 097.7480 88.5360 0000000 000.0000 209.3560 15.01920000000000
1 70502U          19302.58541667  .00000000  00000-0  00000-0 0 00000
2 70502 097.7480 88.7910 0000000 000.0000 168.1060 15.01920000000000
1 70502U          19302.94166667  .00000000  00000-0  00000-0 0 00000
2 70502 097.7480 89.1420 0000000 000.0000 291.8570 15.01920000000000
1 70502U          19303.37986111  .00000000  00000-0  00000-0 0 00000
2 70502 097.7480 89.5740 0000000 000.0000 138.1080 15.01920000000000
1 70502U          19303.67152778  .00000000  00000-0  00000-0 0 00000
2 70502 097.7480 89.8620 0000000 000.0000 273.1080 15.01920000000000
1 70502U          19303.97569444  .00000000  00000-0  00000-0 0 00000
2 70502 097.7480 90.1620 0000000 000.0000 115.6090 15.01920000000000
1 70502U          19304.41250000  .00000000  00000-0  00000-0 0 00000
2 70502 097.7480 90.5920 0000000 000.0000 314.3600 15.01920000000000
1 70502U          19304.65833333  .00000000  00000-0  00000-0 0 00000
2 70502 097.7480 90.8350 0000000 000.0000 201.8600 15.01920000000000
1 70502U          19304.95972222  .00000000  00000-0  00000-0 0 00000
2 70502 097.7480 91.1320 0000000 000.0000 029.3610 15.01920000000000
1 70502U          19305.29097222  .00000000  00000-0  00000-0 0 00000
2 70502 097.7480 91.4580 0000000 000.0000 018.1120 15.01920000000000
1 70502U          19305.62083333  .00000000  00000-0  00000-0 0 00000
2 70502 097.7480 91.7830 0000000 000.0000 359.3620 15.01920000000000
1 70502U          19305.94027778  .00000000  00000-0  00000-0 0 00000
2 70502 097.7480 92.0980 0000000 000.0000 284.3630 15.01920000000000
1 70502U          19306.33125000  .00000000  00000-0  00000-0 0 00000
2 70502 097.7480 92.4840 0000000 000.0000 235.6130 15.01920000000000
1 70502U          19306.70000000  .00000000  00000-0  00000-0 0 00000
2 70502 097.7480 92.8470 0000000 000.0000 066.8640 15.01920000000000
1 70502U          19306.99652778  .00000000  00000-0  00000-0 0 00000
2 70502 097.7480 93.1400 0000000 000.0000 228.1150 15.01920000000000
1 70502U          19307.34305556  .00000000  00000-0  00000-0 0 00000
2 70502 097.7480 93.4810 0000000 000.0000 299.3650 15.01920000000000
1 70502U          19307.64097222  .00000000  00000-0  00000-0 0 00000
2 70502 097.7480 93.7750 0000000 000.0000 108.1160 15.01920000000000
1 70502U          19307.92222222  .00000000  00000-0  00000-0 0 00000
2 70502 097.7480 94.0520 0000000 000.0000 186.8670 15.01920000000000
1 70502U          19308.38680556  .00000000  00000-0  00000-0 0 00000
2 70502 097.7480 94.5100 0000000 000.0000 175.6170 15.01920000000000
1 70502U          19308.68958333  .00000000  00000-0  00000-0 0 00000
2 70502 097.7480 94.8090 0000000 000.0000 010.6180 15.01920000000000
1 70502U          19309.03472222  .00000000  00000-0  00000-0 0 00000
2 70502 097.7480 95.1490 0000000 000.0000 074.3690 15.01920000000000
1 70502U          19309.33611111  .00000000  00000-0  00000-0 0 00000
2 70502 097.7480 95.4460 0000000 000.0000 261.8690 15.01920000000000
1 70502U          19309.74444444  .00000000  00000-0  00000-0 0 00000
2 70502 097.7480 95.8490 0000000 000.0000 306.8700 15.01920000000000
1 70502U          19309.93263889  .00000000  00000-0  00000-0 0 00000
2 70502 097.7480 96.0340 0000000 000.0000 243.1200 15.01920000000000
1 70502U          19310.32291667  .00000000  00000-0  00000-0 0 00000
2 70502 097.7480 96.4190 0000000 000.0000 190.6210 15.01920000000000
1 70502U          19310.62430556  .00000000  00000-0  00000-0 0 00000
2 70502 097.7470 96.7160 0000000 000.0000 018.1220 15.01920000000000
1 70502U          19310.93750000  .00000000  00000-0  00000-0 0 00000
2 70502 097.7470 97.0250 0000000 000.0000 269.3720 15.01920000000000
1 70502U          19311.29722222  .00000000  00000-0  00000-0 0 00000
2 70502 097.7470 97.3800 0000000 000.0000 051.8730 15.01920000000000
1 70502U          19311.67430556  .00000000  00000-0  00000-0 0 00000
2 70502 097.7470 97.7510 0000000 000.0000 288.1240 15.01920000000000
1 70502U          19311.89583333  .00000000  00000-0  00000-0 0 00000
2 70502 097.7470 97.9700 0000000 000.0000 044.3740 15.01914300000000
1 70502U          19312.21319444  .00000000  00000-0  00000-0 0 00000
2 70502 097.7470 98.2830 0000000 000.0000 318.1250 15.01914300000000
1 70502U          19312.56458333  .00000000  00000-0  00000-0 0 00000
2 70502 097.7470 98.6290 0000000 000.0000 055.6250 15.01914300000000
1 70502U          19312.92291667  .00000000  00000-0  00000-0 0 00000
2 70502 097.7470 98.9820 0000000 000.0000 190.6260 15.01914300000000
1 70502U          19313.24722222  .00000000  00000-0  00000-0 0 00000
2 70502 097.7470 99.3020 0000000 000.0000 141.8770 15.01914300000000
1 70502U          19313.57152778  .00000000  00000-0  00000-0 0 00000
2 70502 097.7470 99.6220 0000000 000.0000 093.1270 15.01914300000000
1 70502U          19313.89861111  .00000000  00000-0  00000-0 0 00000
2 70502 097.7470 99.9440 0000000 000.0000 059.3780 15.01914300000000
1 70502U          19314.25347222  .00000000  00000-0  00000-0 0 00000
2 70502 097.7460 100.2940 0000000 000.0000 175.6290 15.01914300000000
1 70502U          19314.60694444  .00000000  00000-0  00000-0 0 00000
2 70502 097.7460 100.6420 0000000 000.0000 284.3790 15.01914300000000
1 70502U          19314.88333333  .00000000  00000-0  00000-0 0 00000
2 70502 097.7460 100.9150 0000000 000.0000 336.8800 15.01914300000000
1 70502U          19315.21944444  .00000000  00000-0  00000-0 0 00000
2 70502 097.7460 101.2460 0000000 000.0000 351.8800 15.01914300000000
1 70502U          19315.57291667  .00000000  00000-0  00000-0 0 00000
2 70502 097.7460 101.5950 0000000 000.0000 100.6310 15.01914300000000
1 70502U          19315.87986111  .00000000  00000-0  00000-0 0 00000
2 70502 097.7460 101.8970 0000000 000.0000 318.1320 15.01914300000000
1 70502U          19316.19513889  .00000000  00000-0  00000-0 0 00000
2 70502 097.7460 102.2080 0000000 000.0000 220.6320 15.01914300000000
1 70502U          19316.61736111  .00000000  00000-0  00000-0 0 00000
2 70502 097.7460 102.6240 0000000 000.0000 340.6330 15.01914300000000
1 70502U          19316.87569444  .00000000  00000-0  00000-0 0 00000
2 70502 097.7450 102.8790 0000000 000.0000 295.6330 15.01914300000000
1 70502U          19317.19930556  .00000000  00000-0  00000-0 0 00000
2 70502 097.7450 103.1980 0000000 000.0000 243.1340 15.01914300000000
1 70502U          19317.52500000  .00000000  00000-0  00000-0 0 00000
2 70502 097.7450 103.5190 0000000 000.0000 201.8850 15.01914300000000
1 70502U          19317.93194444  .00000000  00000-0  00000-0 0 00000
2 70502 097.7450 103.9200 0000000 000.0000 239.3850 15.01914300000000
1 70502U          19318.22708333  .00000000  00000-0  00000-0 0 00000
2 70502 097.7450 104.2110 0000000 000.0000 033.1360 15.01914300000000
1 70502U          19318.50902778  .00000000  00000-0  00000-0 0 00000
2 70502 097.7450 104.4890 0000000 000.0000 115.6370 15.01914300000000
1 70502U          19318.84722222  .00000000  00000-0  00000-0 0 00000
2 70502 097.7450 104.8230 0000000 000.0000 141.8870 15.01914300000000
1 70502U          19318.89583333  .00000000  00000-0  00000-0 0 00000
2 70502 097.7440 104.8710 0000000 000.0000 044.3870 15.01914300000000
1 70502U          19319.25833333  .00000000  00000-0  00000-0 0 00000
2 70502 097.7440 105.2280 0000000 000.0000 201.8880 15.01914300000000
1 70502U          19319.64375000  .00000000  00000-0  00000-0 0 00000
2 70502 097.7440 105.6080 0000000 000.0000 123.1390 15.01914300000000
1 70502U          19319.96944444  .00000000  00000-0  00000-0 0 00000
2 70502 097.7440 105.9290 0000000 000.0000 081.8890 15.01914300000000
1 70502U          19320.16458333  .00000000  00000-0  00000-0 0 00000
2 70502 097.7440 106.1220 0000000 000.0000 055.6400 15.01914300000000
1 70502U          19320.51666667  .00000000  00000-0  00000-0 0 00000
2 70502 097.7440 106.4690 0000000 000.0000 156.8900 15.01914300000000
1 70502U          19320.96180556  .00000000  00000-0  00000-0 0 00000
2 70502 097.7430 106.9070 0000000 000.0000 040.6410 15.01914300000000
1 70502U          19321.26597222  .00000000  00000-0  00000-0 0 00000
2 70502 097.7430 107.2070 0000000 000.0000 243.1420 15.01914300000000
1 70502U          19321.64375000  .00000000  00000-0  00000-0 0 00000
2 70502 097.7430 107.5800 0000000 000.0000 123.1420 15.01914300000000
1 70502U          19321.97152778  .00000000  00000-0  00000-0 0 00000
2 70502 097.7430 107.9030 0000000 000.0000 093.1430 15.01914300000000
1 70502U          19322.23402778  .00000000  00000-0  00000-0 0 00000
2 70502 097.7430 108.1620 0000000 000.0000 070.6430 15.01914300000000
1 70502U          19322.49444444  .00000000  00000-0  00000-0 0 00000
2 70502 097.7430 108.4180 0000000 000.0000 036.8940 15.01914300000000
1 70502U          19322.85555556  .00000000  00000-0  00000-0 0 00000
2 70502 097.7420 108.7740 0000000 000.0000 186.8940 15.01914300000000
1 70502U          19323.28472222  .00000000  00000-0  00000-0 0 00000
2 70502 097.7420 109.1970 0000000 000.0000 344.3950 15.01914300000000
1 70502U          19323.56458333  .00000000  00000-0  00000-0 0 00000
2 70502 097.7420 109.4730 0000000 000.0000 055.6460 15.01914300000000
1 70502U          19323.91666667  .00000000  00000-0  00000-0 0 00000
2 70502 097.7420 109.8200 0000000 000.0000 156.8960 15.01914300000000
1 70502U          19324.27847222  .00000000  00000-0  00000-0 0 00000
2 70502 097.7410 110.1770 0000000 000.0000 310.6470 15.01914300000000
1 70502U          19324.52777778  .00000000  00000-0  00000-0 0 00000
2 70502 097.7410 110.4230 0000000 000.0000 216.8970 15.01914300000000
1 70502U          19324.84375000  .00000000  00000-0  00000-0 0 00000
2 70502 097.7410 110.7340 0000000 000.0000 123.1480 15.01914300000000
1 70502U          19325.24861111  .00000000  00000-0  00000-0 0 00000
2 70502 097.7410 111.1340 0000000 000.0000 149.3990 15.01914300000000
1 70502U          19325.62083333  .00000000  00000-0  00000-0 0 00000
2 70502 097.7410 111.5010 0000000 000.0000 359.3990 15.01914300000000
1 70502U          19325.86666667  .00000000  00000-0  00000-0 0 00000
2 70502 097.7400 111.7430 0000000 000.0000 246.9000 15.01914300000000
1 70502U          19325.89583333  .00000000  00000-0  00000-0 0 00000
2 70502 097.7400 111.7720 0000000 000.0000 044.4000 15.01914300000000
1 70502U          19326.22361111  .00000000  00000-0  00000-0 0 00000
2 70502 097.7400 112.0950 0000000 000.0000 014.4010 15.01914300000000
1 70502U          19326.56180556  .00000000  00000-0  00000-0 0 00000
2 70502 097.7400 112.4280 0000000 000.0000 040.6510 15.01914300000000
1 70502U          19326.87083333  .00000000  00000-0  00000-0 0 00000
2 70502 097.7400 112.7330 0000000 000.0000 269.4020 15.01914300000000
1 70502U          19327.23958333  .00000000  00000-0  00000-0 0 00000
2 70502 097.7390 113.0960 0000000 000.0000 100.6520 15.01914300000000
1 70502U          19327.55555556  .00000000  00000-0  00000-0 0 00000
2 70502 097.7390 113.4080 0000000 000.0000 006.9030 15.01914300000000
1 70502U          19327.95208333  .00000000  00000-0  00000-0 0 00000
2 70502 097.7390 113.7990 0000000 000.0000 348.1540 15.01914300000000
1 70502U          19328.14791667  .00000000  00000-0  00000-0 0 00000
2 70502 097.7390 113.9920 0000000 000.0000 325.6540 15.01914300000000
1 70502U          19328.48680556  .00000000  00000-0  00000-0 0 00000
2 70502 097.7380 114.3260 0000000 000.0000 355.6540 15.01914300000000
1 70502U          19328.81597222  .00000000  00000-0  00000-0 0 00000
2 70502 097.7380 114.6500 0000000 000.0000 333.1550 15.01914300000000
1 70502U          19329.22222222  .00000000  00000-0  00000-0 0 00000
2 70502 097.7380 115.0510 0000000 000.0000 006.9060 15.01914300000000
1 70502U          19329.53194444  .00000000  00000-0  00000-0 0 00000
2 70502 097.7380 115.3560 0000000 000.0000 239.4060 15.01914300000000
1 70502U          19329.94722222  .00000000  00000-0  00000-0 0 00000
2 70502 097.7370 115.7660 0000000 000.0000 321.9070 15.01914300000000
1 70502U          19330.28750000  .00000000  00000-0  00000-0 0 00000
2 70502 097.7370 116.1010 0000000 000.0000 359.4080 15.01914300000000
1 70502U          19330.53680556  .00000000  00000-0  00000-0 0 00000
2 70502 097.7370 116.3470 0000000 000.0000 265.6580 15.01914300000000
1 70502U          19330.82916667  .00000000  00000-0  00000-0 0 00000
2 70502 097.7370 116.6350 0000000 000.0000 044.4090 15.01914300000000
1 70502U          19331.29930556  .00000000  00000-0  00000-0 0 00000
2 70502 097.7360 117.0990 0000000 000.0000 063.1590 15.01914300000000
1 70502U          19331.48888889  .00000000  00000-0  00000-0 0 00000
2 70502 097.7360 117.2850 0000000 000.0000 006.9100 15.01914300000000
1 70502U          19331.93819444  .00000000  00000-0  00000-0 0 00000
2 70502 097.7360 117.7280 0000000 000.0000 273.1600 15.01914300000000
1 70502U          19332.25763889  .00000000  00000-0  00000-0 0 00000
2 70502 097.7350 118.0430 0000000 000.0000 198.1610 15.01914300000000
1 70502U          19332.49583333  .00000000  00000-0  00000-0 0 00000
2 70502 097.7350 118.2780 0000000 000.0000 044.4110 15.01914300000000
1 70502U          19332.81319444  .00000000  00000-0  00000-0 0 00000
2 70502 097.7350 118.5910 0000000 000.0000 318.1620 15.01914300000000
