1 71823U          19281.94375000  .00000000  00000-0  00000-0 0 00000
2 71823 097.7010 145.6010 0000000 000.0000 097.4830 15.01920000000000
1 71823U          19282.30972222  .00000000  00000-0  00000-0 0 00000
2 71823 097.7000 145.9620 0000000 000.0000 273.7340 15.01920000000000
1 71823U          19282.62430556  .00000000  00000-0  00000-0 0 00000
2 71823 097.7000 146.2720 0000000 000.0000 172.4840 15.01920000000000
1 71823U          19282.95486111  .00000000  00000-0  00000-0 0 00000
2 71823 097.6990 146.5980 0000000 000.0000 157.4840 15.01920000000000
1 71823U          19283.25763889  .00000000  00000-0  00000-0 0 00000
2 71823 097.6990 146.8970 0000000 000.0000 352.4850 15.01920000000000
1 71823U          19283.71388889  .00000000  00000-0  00000-0 0 00000
2 71823 097.6980 147.3460 0000000 000.0000 296.2350 15.01920000000000
1 71823U          19283.96527778  .00000000  00000-0  00000-0 0 00000
2 71823 097.6980 147.5940 0000000 000.0000 213.7350 15.01920000000000
1 71823U          19284.38680556  .00000000  00000-0  00000-0 0 00000
2 71823 097.6970 148.0100 0000000 000.0000 329.9860 15.01920000000000
1 71823U          19284.63472222  .00000000  00000-0  00000-0 0 00000
2 71823 097.6970 148.2540 0000000 000.0000 228.7360 15.01920000000000
1 71823U          19284.97777778  .00000000  00000-0  00000-0 0 00000
2 71823 097.6960 148.5920 0000000 000.0000 281.2360 15.01920000000000
1 71823U          19285.41180556  .00000000  00000-0  00000-0 0 00000
2 71823 097.6950 149.0200 0000000 000.0000 104.9870 15.01920000000000
1 71823U          19285.59305556  .00000000  00000-0  00000-0 0 00000
2 71823 097.6950 149.1990 0000000 000.0000 003.7370 15.01920000000000
1 71823U          19285.97569444  .00000000  00000-0  00000-0 0 00000
2 71823 097.6940 149.5760 0000000 000.0000 269.9870 15.01920000000000
1 71823U          19286.25833333  .00000000  00000-0  00000-0 0 00000
2 71823 097.6940 149.8550 0000000 000.0000 356.2380 15.01920000000000
1 71823U          19286.72152778  .00000000  00000-0  00000-0 0 00000
2 71823 097.6930 150.3110 0000000 000.0000 337.4880 15.01920000000000
1 71823U          19287.08333333  .00000000  00000-0  00000-0 0 00000
2 71823 097.6930 150.6680 0000000 000.0000 131.2380 15.01920000000000
1 71823U          19287.29097222  .00000000  00000-0  00000-0 0 00000
2 71823 097.6920 150.8720 0000000 000.0000 172.4890 15.01920000000000
1 71823U          19287.73541667  .00000000  00000-0  00000-0 0 00000
2 71823 097.6920 151.3110 0000000 000.0000 052.4890 15.01920000000000
1 71823U          19288.05347222  .00000000  00000-0  00000-0 0 00000
2 71823 097.6910 151.6240 0000000 000.0000 329.9890 15.01920000000000
1 71823U          19288.40347222  .00000000  00000-0  00000-0 0 00000
2 71823 097.6900 151.9690 0000000 000.0000 059.9900 15.01920000000000
1 71823U          19288.65833333  .00000000  00000-0  00000-0 0 00000
2 71823 097.6900 152.2200 0000000 000.0000 356.2400 15.01920000000000
1 71823U          19288.96944444  .00000000  00000-0  00000-0 0 00000
2 71823 097.6890 152.5270 0000000 000.0000 236.2400 15.01920000000000
1 71823U          19289.26041667  .00000000  00000-0  00000-0 0 00000
2 71823 097.6890 152.8140 0000000 000.0000 007.4900 15.01920000000000
1 71823U          19289.58680556  .00000000  00000-0  00000-0 0 00000
2 71823 097.6880 153.1360 0000000 000.0000 329.9910 15.01920000000000
1 71823U          19290.03611111  .00000000  00000-0  00000-0 0 00000
2 71823 097.6880 153.5780 0000000 000.0000 236.2410 15.01920000000000
1 71823U          19290.41111111  .00000000  00000-0  00000-0 0 00000
2 71823 097.6870 153.9480 0000000 000.0000 101.2410 15.01920000000000
1 71823U          19290.65902778  .00000000  00000-0  00000-0 0 00000
2 71823 097.6870 154.1920 0000000 000.0000 359.9920 15.01920000000000
1 71823U          19290.97361111  .00000000  00000-0  00000-0 0 00000
2 71823 097.6860 154.5030 0000000 000.0000 258.7420 15.01920000000000
1 71823U          19291.37361111  .00000000  00000-0  00000-0 0 00000
2 71823 097.6850 154.8970 0000000 000.0000 258.7420 15.01920000000000
1 71823U          19291.70347222  .00000000  00000-0  00000-0 0 00000
2 71823 097.6850 155.2220 0000000 000.0000 239.9930 15.01920000000000
1 71823U          19292.02222222  .00000000  00000-0  00000-0 0 00000
2 71823 097.6840 155.5360 0000000 000.0000 161.2430 15.01920000000000
1 71823U          19292.38819444  .00000000  00000-0  00000-0 0 00000
2 71823 097.6840 155.8970 0000000 000.0000 337.4930 15.01920000000000
1 71823U          19292.64652778  .00000000  00000-0  00000-0 0 00000
2 71823 097.6830 156.1520 0000000 000.0000 292.4930 15.01920000000000
1 71823U          19293.01944444  .00000000  00000-0  00000-0 0 00000
2 71823 097.6830 156.5190 0000000 000.0000 146.2440 15.01920000000000
1 71823U          19293.28888889  .00000000  00000-0  00000-0 0 00000
2 71823 097.6820 156.7850 0000000 000.0000 161.2440 15.01920000000000
1 71823U          19293.74375000  .00000000  00000-0  00000-0 0 00000
2 71823 097.6810 157.2330 0000000 000.0000 097.4940 15.01920000000000
1 71823U          19293.93541667  .00000000  00000-0  00000-0 0 00000
2 71823 097.6810 157.4220 0000000 000.0000 052.4940 15.01920000000000
1 71823U          19294.39444444  .00000000  00000-0  00000-0 0 00000
2 71823 097.6800 157.8740 0000000 000.0000 011.2450 15.01920000000000
1 71823U          19294.61180556  .00000000  00000-0  00000-0 0 00000
2 71823 097.6800 158.0890 0000000 000.0000 104.9950 15.01920000000000
1 71823U          19295.07291667  .00000000  00000-0  00000-0 0 00000
2 71823 097.6790 158.5430 0000000 000.0000 074.9950 15.01920000000000
1 71823U          19295.27222222  .00000000  00000-0  00000-0 0 00000
2 71823 097.6790 158.7400 0000000 000.0000 071.2450 15.01920000000000
1 71823U          19295.71875000  .00000000  00000-0  00000-0 0 00000
2 71823 097.6780 159.1800 0000000 000.0000 322.4960 15.01920000000000
1 71823U          19296.01041667  .00000000  00000-0  00000-0 0 00000
2 71823 097.6770 159.4670 0000000 000.0000 097.4960 15.01920000000000
1 71823U          19296.26250000  .00000000  00000-0  00000-0 0 00000
2 71823 097.6770 159.7160 0000000 000.0000 018.7460 15.01920000000000
1 71823U          19296.69166667  .00000000  00000-0  00000-0 0 00000
2 71823 097.6760 160.1390 0000000 000.0000 176.2460 15.01920000000000
1 71823U          19296.94375000  .00000000  00000-0  00000-0 0 00000
2 71823 097.6760 160.3870 0000000 000.0000 097.4960 15.01920000000000
1 71823U          19297.38333333  .00000000  00000-0  00000-0 0 00000
2 71823 097.6750 160.8210 0000000 000.0000 311.2470 15.01920000000000
1 71823U          19297.62152778  .00000000  00000-0  00000-0 0 00000
2 71823 097.6750 161.0550 0000000 000.0000 157.4970 15.01920000000000
1 71823U          19297.99166667  .00000000  00000-0  00000-0 0 00000
2 71823 097.6740 161.4200 0000000 000.0000 356.2470 15.01920000000000
1 71823U          19298.41597222  .00000000  00000-0  00000-0 0 00000
2 71823 097.6730 161.8380 0000000 000.0000 127.4970 15.01920000000000
1 71823U          19298.65416667  .00000000  00000-0  00000-0 0 00000
2 71823 097.6730 162.0730 0000000 000.0000 333.7480 15.01920000000000
1 71823U          19298.93958333  .00000000  00000-0  00000-0 0 00000
2 71823 097.6720 162.3550 0000000 000.0000 074.9980 15.01920000000000
1 71823U          19299.30208333  .00000000  00000-0  00000-0 0 00000
2 71823 097.6720 162.7120 0000000 000.0000 232.4980 15.01920000000000
1 71823U          19299.60972222  .00000000  00000-0  00000-0 0 00000
2 71823 097.6710 163.0150 0000000 000.0000 093.7480 15.01920000000000
1 71823U          19300.01388889  .00000000  00000-0  00000-0 0 00000
2 71823 097.6700 163.4130 0000000 000.0000 116.2480 15.01920000000000
1 71823U          19300.38680556  .00000000  00000-0  00000-0 0 00000
2 71823 097.6700 163.7810 0000000 000.0000 329.9990 15.01920000000000
1 71823U          19300.70138889  .00000000  00000-0  00000-0 0 00000
2 71823 097.6690 164.0910 0000000 000.0000 228.7490 15.01920000000000
1 71823U          19301.04097222  .00000000  00000-0  00000-0 0 00000
2 71823 097.6690 164.4260 0000000 000.0000 262.4990 15.01920000000000
1 71823U          19301.31805556  .00000000  00000-0  00000-0 0 00000
2 71823 097.6680 164.6990 0000000 000.0000 318.7490 15.01920000000000
1 71823U          19301.74375000  .00000000  00000-0  00000-0 0 00000
2 71823 097.6670 165.1190 0000000 000.0000 097.4990 15.01920000000000
1 71823U          19302.07430556  .00000000  00000-0  00000-0 0 00000
2 71823 097.6670 165.4440 0000000 000.0000 082.4990 15.01920000000000
1 71823U          19302.33194444  .00000000  00000-0  00000-0 0 00000
2 71823 097.6660 165.6980 0000000 000.0000 033.7500 15.01920000000000
1 71823U          19302.58819444  .00000000  00000-0  00000-0 0 00000
2 71823 097.6660 165.9510 0000000 000.0000 337.5000 15.01920000000000
1 71823U          19302.95555556  .00000000  00000-0  00000-0 0 00000
2 71823 097.6650 166.3130 0000000 000.0000 161.2500 15.01920000000000
1 71823U          19303.35416667  .00000000  00000-0  00000-0 0 00000
2 71823 097.6640 166.7060 0000000 000.0000 153.7500 15.01920000000000
1 71823U          19303.63750000  .00000000  00000-0  00000-0 0 00000
2 71823 097.6640 166.9850 0000000 000.0000 243.7500 15.01920000000000
1 71823U          19304.02152778  .00000000  00000-0  00000-0 0 00000
2 71823 097.6630 167.3640 0000000 000.0000 157.5000 15.01920000000000
1 71823U          19304.40208333  .00000000  00000-0  00000-0 0 00000
2 71823 097.6630 167.7390 0000000 000.0000 052.5000 15.01920000000000
1 71823U          19304.67222222  .00000000  00000-0  00000-0 0 00000
2 71823 097.6620 168.0050 0000000 000.0000 071.2510 15.01920000000000
1 71823U          19304.99444444  .00000000  00000-0  00000-0 0 00000
2 71823 097.6610 168.3230 0000000 000.0000 011.2510 15.01920000000000
1 71823U          19305.32916667  .00000000  00000-0  00000-0 0 00000
2 71823 097.6610 168.6530 0000000 000.0000 018.7510 15.01920000000000
1 71823U          19305.74513889  .00000000  00000-0  00000-0 0 00000
2 71823 097.6600 169.0630 0000000 000.0000 105.0010 15.01920000000000
1 71823U          19306.01388889  .00000000  00000-0  00000-0 0 00000
2 71823 097.6600 169.3270 0000000 000.0000 116.2510 15.01920000000000
1 71823U          19306.25763889  .00000000  00000-0  00000-0 0 00000
2 71823 097.6590 169.5680 0000000 000.0000 352.5010 15.01920000000000
1 71823U          19306.68680556  .00000000  00000-0  00000-0 0 00000
2 71823 097.6580 169.9910 0000000 000.0000 150.0010 15.01920000000000
1 71823U          19306.92291667  .00000000  00000-0  00000-0 0 00000
2 71823 097.6580 170.2230 0000000 000.0000 345.0010 15.01920000000000
1 71823U          19307.38888889  .00000000  00000-0  00000-0 0 00000
2 71823 097.6570 170.6830 0000000 000.0000 341.2520 15.01920000000000
1 71823U          19307.58888889  .00000000  00000-0  00000-0 0 00000
2 71823 097.6570 170.8800 0000000 000.0000 341.2520 15.01920000000000
1 71823U          19307.92916667  .00000000  00000-0  00000-0 0 00000
2 71823 097.6560 171.2150 0000000 000.0000 018.7520 15.01920000000000
1 71823U          19308.38125000  .00000000  00000-0  00000-0 0 00000
2 71823 097.6550 171.6610 0000000 000.0000 300.0020 15.01920000000000
1 71823U          19308.67847222  .00000000  00000-0  00000-0 0 00000
2 71823 097.6550 171.9540 0000000 000.0000 105.0020 15.01920000000000
1 71823U          19309.02916667  .00000000  00000-0  00000-0 0 00000
2 71823 097.6540 172.2990 0000000 000.0000 198.7520 15.01920000000000
1 71823U          19309.38055556  .00000000  00000-0  00000-0 0 00000
2 71823 097.6530 172.6460 0000000 000.0000 296.2520 15.01920000000000
1 71823U          19309.61388889  .00000000  00000-0  00000-0 0 00000
2 71823 097.6530 172.8760 0000000 000.0000 116.2520 15.01920000000000
1 71823U          19309.94444444  .00000000  00000-0  00000-0 0 00000
2 71823 097.6520 173.2020 0000000 000.0000 101.2520 15.01920000000000
1 71823U          19310.34930556  .00000000  00000-0  00000-0 0 00000
2 71823 097.6520 173.6010 0000000 000.0000 127.5020 15.01920000000000
1 71823U          19310.60000000  .00000000  00000-0  00000-0 0 00000
2 71823 097.6510 173.8480 0000000 000.0000 041.2530 15.01920000000000
1 71823U          19310.94791667  .00000000  00000-0  00000-0 0 00000
2 71823 097.6500 174.1910 0000000 000.0000 120.0030 15.01920000000000
1 71823U          19311.28194444  .00000000  00000-0  00000-0 0 00000
2 71823 097.6500 174.5200 0000000 000.0000 123.7530 15.01920000000000
1 71823U          19311.67291667  .00000000  00000-0  00000-0 0 00000
2 71823 097.6490 174.9050 0000000 000.0000 075.0030 15.01920000000000
1 71823U          19311.89583333  .00000000  00000-0  00000-0 0 00000
2 71823 097.6490 175.1250 0000000 000.0000 198.7530 15.01914300000000
1 71823U          19312.27916667  .00000000  00000-0  00000-0 0 00000
2 71823 097.6480 175.5030 0000000 000.0000 108.7530 15.01914300000000
1 71823U          19312.48125000  .00000000  00000-0  00000-0 0 00000
2 71823 097.6480 175.7020 0000000 000.0000 120.0030 15.01914300000000
1 71823U          19312.83680556  .00000000  00000-0  00000-0 0 00000
2 71823 097.6470 176.0520 0000000 000.0000 240.0030 15.01914300000000
1 71823U          19313.17013889  .00000000  00000-0  00000-0 0 00000
2 71823 097.6460 176.3810 0000000 000.0000 240.0030 15.01914300000000
1 71823U          19313.51666667  .00000000  00000-0  00000-0 0 00000
2 71823 097.6460 176.7220 0000000 000.0000 311.2530 15.01914300000000
1 71823U          19313.87430556  .00000000  00000-0  00000-0 0 00000
2 71823 097.6450 177.0750 0000000 000.0000 082.5030 15.01914300000000
1 71823U          19314.14861111  .00000000  00000-0  00000-0 0 00000
2 71823 097.6450 177.3450 0000000 000.0000 123.7530 15.01914300000000
1 71823U          19314.64513889  .00000000  00000-0  00000-0 0 00000
2 71823 097.6440 177.8350 0000000 000.0000 285.0030 15.01914300000000
1 71823U          19314.85208333  .00000000  00000-0  00000-0 0 00000
2 71823 097.6430 178.0390 0000000 000.0000 322.5030 15.01914300000000
1 71823U          19315.22847222  .00000000  00000-0  00000-0 0 00000
2 71823 097.6430 178.4100 0000000 000.0000 195.0030 15.01914300000000
1 71823U          19315.53819444  .00000000  00000-0  00000-0 0 00000
2 71823 097.6420 178.7150 0000000 000.0000 067.5030 15.01914300000000
1 71823U          19315.82152778  .00000000  00000-0  00000-0 0 00000
2 71823 097.6410 178.9940 0000000 000.0000 157.5030 15.01914300000000
1 71823U          19316.26041667  .00000000  00000-0  00000-0 0 00000
2 71823 097.6410 179.4270 0000000 000.0000 007.5030 15.01914300000000
1 71823U          19316.50555556  .00000000  00000-0  00000-0 0 00000
2 71823 097.6400 179.6680 0000000 000.0000 251.2530 15.01914300000000
1 71823U          19316.95833333  .00000000  00000-0  00000-0 0 00000
2 71823 097.6390 180.1150 0000000 000.0000 176.2530 15.01914300000000
1 71823U          19317.19722222  .00000000  00000-0  00000-0 0 00000
2 71823 097.6390 180.3500 0000000 000.0000 026.2530 15.01914300000000
1 71823U          19317.59722222  .00000000  00000-0  00000-0 0 00000
2 71823 097.6380 180.7440 0000000 000.0000 026.2530 15.01914300000000
1 71823U          19317.95416667  .00000000  00000-0  00000-0 0 00000
2 71823 097.6370 181.0960 0000000 000.0000 153.7530 15.01914300000000
1 71823U          19318.29513889  .00000000  00000-0  00000-0 0 00000
2 71823 097.6370 181.4320 0000000 000.0000 195.0030 15.01914300000000
1 71823U          19318.51527778  .00000000  00000-0  00000-0 0 00000
2 71823 097.6360 181.6490 0000000 000.0000 303.7530 15.01914300000000
1 71823U          19318.89583333  .00000000  00000-0  00000-0 0 00000
2 71823 097.6360 182.0240 0000000 000.0000 198.7530 15.01914300000000
1 71823U          19318.89583333  .00000000  00000-0  00000-0 0 00000
2 71823 097.6360 182.0240 0000000 000.0000 198.7530 15.01914300000000
1 71823U          19319.17986111  .00000000  00000-0  00000-0 0 00000
2 71823 097.6350 182.3040 0000000 000.0000 292.5030 15.01914300000000
1 71823U          19319.58472222  .00000000  00000-0  00000-0 0 00000
2 71823 097.6340 182.7030 0000000 000.0000 318.7530 15.01914300000000
1 71823U          19319.81875000  .00000000  00000-0  00000-0 0 00000
2 71823 097.6340 182.9340 0000000 000.0000 142.5030 15.01914300000000
1 71823U          19320.29791667  .00000000  00000-0  00000-0 0 00000
2 71823 097.6330 183.4060 0000000 000.0000 210.0030 15.01914300000000
1 71823U          19320.53333333  .00000000  00000-0  00000-0 0 00000
2 71823 097.6330 183.6380 0000000 000.0000 041.2530 15.01914300000000
1 71823U          19320.87361111  .00000000  00000-0  00000-0 0 00000
2 71823 097.6320 183.9730 0000000 000.0000 078.7530 15.01914300000000
1 71823U          19321.19861111  .00000000  00000-0  00000-0 0 00000
2 71823 097.6310 184.2940 0000000 000.0000 033.7530 15.01914300000000
1 71823U          19321.63263889  .00000000  00000-0  00000-0 0 00000
2 71823 097.6310 184.7220 0000000 000.0000 217.5030 15.01914300000000
1 71823U          19321.81250000  .00000000  00000-0  00000-0 0 00000
2 71823 097.6300 184.8990 0000000 000.0000 108.7530 15.01914300000000
1 71823U          19322.21388889  .00000000  00000-0  00000-0 0 00000
2 71823 097.6300 185.2940 0000000 000.0000 116.2530 15.01914300000000
1 71823U          19322.48750000  .00000000  00000-0  00000-0 0 00000
2 71823 097.6290 185.5640 0000000 000.0000 153.7530 15.01914300000000
1 71823U          19322.84375000  .00000000  00000-0  00000-0 0 00000
2 71823 097.6280 185.9150 0000000 000.0000 277.5030 15.01914300000000
1 71823U          19323.15486111  .00000000  00000-0  00000-0 0 00000
2 71823 097.6280 186.2220 0000000 000.0000 157.5030 15.01914300000000
1 71823U          19323.62430556  .00000000  00000-0  00000-0 0 00000
2 71823 097.6270 186.6850 0000000 000.0000 172.5030 15.01914300000000
1 71823U          19323.87847222  .00000000  00000-0  00000-0 0 00000
2 71823 097.6260 186.9350 0000000 000.0000 105.0030 15.01914300000000
1 71823U          19324.19444444  .00000000  00000-0  00000-0 0 00000
2 71823 097.6260 187.2460 0000000 000.0000 011.2530 15.01914300000000
1 71823U          19324.55277778  .00000000  00000-0  00000-0 0 00000
2 71823 097.6250 187.6000 0000000 000.0000 146.2530 15.01914300000000
1 71823U          19324.83541667  .00000000  00000-0  00000-0 0 00000
2 71823 097.6250 187.8780 0000000 000.0000 232.5020 15.01914300000000
1 71823U          19325.16180556  .00000000  00000-0  00000-0 0 00000
2 71823 097.6240 188.2000 0000000 000.0000 195.0020 15.01914300000000
1 71823U          19325.47986111  .00000000  00000-0  00000-0 0 00000
2 71823 097.6240 188.5130 0000000 000.0000 112.5020 15.01914300000000
1 71823U          19325.89583333  .00000000  00000-0  00000-0 0 00000
2 71823 097.6230 188.9230 0000000 000.0000 198.7520 15.01914300000000
1 71823U          19325.97777778  .00000000  00000-0  00000-0 0 00000
2 71823 097.6230 189.0040 0000000 000.0000 281.2520 15.01914300000000
1 71823U          19326.25763889  .00000000  00000-0  00000-0 0 00000
2 71823 097.6220 189.2800 0000000 000.0000 352.5020 15.01914300000000
1 71823U          19326.53194444  .00000000  00000-0  00000-0 0 00000
2 71823 097.6220 189.5500 0000000 000.0000 033.7520 15.01914300000000
1 71823U          19326.97222222  .00000000  00000-0  00000-0 0 00000
2 71823 097.6210 189.9840 0000000 000.0000 251.2520 15.01914300000000
1 71823U          19327.23402778  .00000000  00000-0  00000-0 0 00000
2 71823 097.6200 190.2420 0000000 000.0000 225.0020 15.01914300000000
1 71823U          19327.48125000  .00000000  00000-0  00000-0 0 00000
2 71823 097.6200 190.4860 0000000 000.0000 120.0020 15.01914300000000
1 71823U          19327.94861111  .00000000  00000-0  00000-0 0 00000
2 71823 097.6190 190.9460 0000000 000.0000 123.7520 15.01914300000000
1 71823U          19328.19583333  .00000000  00000-0  00000-0 0 00000
2 71823 097.6190 191.1900 0000000 000.0000 018.7520 15.01914300000000
1 71823U          19328.60138889  .00000000  00000-0  00000-0 0 00000
2 71823 097.6180 191.5900 0000000 000.0000 048.7510 15.01914300000000
1 71823U          19328.89513889  .00000000  00000-0  00000-0 0 00000
2 71823 097.6170 191.8790 0000000 000.0000 195.0010 15.01914300000000
1 71823U          19329.16111111  .00000000  00000-0  00000-0 0 00000
2 71823 097.6170 192.1410 0000000 000.0000 191.2510 15.01914300000000
1 71823U          19329.50000000  .00000000  00000-0  00000-0 0 00000
2 71823 097.6160 192.4750 0000000 000.0000 221.2510 15.01914300000000
1 71823U          19329.87916667  .00000000  00000-0  00000-0 0 00000
2 71823 097.6160 192.8490 0000000 000.0000 108.7510 15.01914300000000
1 71823U          19330.14861111  .00000000  00000-0  00000-0 0 00000
2 71823 097.6150 193.1150 0000000 000.0000 123.7510 15.01914300000000
1 71823U          19330.52569444  .00000000  00000-0  00000-0 0 00000
2 71823 097.6140 193.4860 0000000 000.0000 000.0010 15.01914300000000
1 71823U          19330.95277778  .00000000  00000-0  00000-0 0 00000
2 71823 097.6140 193.9070 0000000 000.0000 146.2500 15.01914300000000
1 71823U          19331.16805556  .00000000  00000-0  00000-0 0 00000
2 71823 097.6130 194.1190 0000000 000.0000 228.7500 15.01914300000000
1 71823U          19331.54166667  .00000000  00000-0  00000-0 0 00000
2 71823 097.6130 194.4880 0000000 000.0000 086.2500 15.01914300000000
1 71823U          19331.96597222  .00000000  00000-0  00000-0 0 00000
2 71823 097.6120 194.9060 0000000 000.0000 217.5000 15.01914300000000
1 71823U          19332.30902778  .00000000  00000-0  00000-0 0 00000
2 71823 097.6110 195.2440 0000000 000.0000 270.0000 15.01914300000000
1 71823U          19332.60833333  .00000000  00000-0  00000-0 0 00000
2 71823 097.6110 195.5390 0000000 000.0000 086.2500 15.01914300000000
1 71823U          19332.89583333  .00000000  00000-0  00000-0 0 00000
2 71823 097.6100 195.8220 0000000 000.0000 198.7500 15.01914300000000
