1 71909U          19282.07013889  .00000000  00000-0  00000-0 0 00000
2 71909 097.6730 017.129  0000000 000.0000 186.6460 15.01920000000000
1 71909U          19282.40902778  .00000000  00000-0  00000-0 0 00000
2 71909 097.6730 017.463  0000000 000.0000 216.6460 15.01920000000000
1 71909U          19282.64027778  .00000000  00000-0  00000-0 0 00000
2 71909 097.6740 017.691  0000000 000.0000 025.3960 15.01920000000000
1 71909U          19282.92500000  .00000000  00000-0  00000-0 0 00000
2 71909 097.6740 017.971  0000000 000.0000 122.8970 15.01920000000000
1 71909U          19283.33750000  .00000000  00000-0  00000-0 0 00000
2 71909 097.6750 018.378  0000000 000.0000 190.3970 15.01920000000000
1 71909U          19283.60972222  .00000000  00000-0  00000-0 0 00000
2 71909 097.6750 018.646  0000000 000.0000 220.3970 15.01920000000000
1 71909U          19284.02500000  .00000000  00000-0  00000-0 0 00000
2 71909 097.6760 019.056  0000000 000.0000 302.8970 15.01920000000000
1 71909U          19284.40138889  .00000000  00000-0  00000-0 0 00000
2 71909 097.6770 019.427  0000000 000.0000 175.3970 15.01920000000000
1 71909U          19284.63819444  .00000000  00000-0  00000-0 0 00000
2 71909 097.6770 019.660  0000000 000.0000 014.1480 15.01920000000000
1 71909U          19284.93750000  .00000000  00000-0  00000-0 0 00000
2 71909 097.6780 019.955  0000000 000.0000 190.3980 15.01920000000000
1 71909U          19285.28333333  .00000000  00000-0  00000-0 0 00000
2 71909 097.6780 020.296  0000000 000.0000 257.8980 15.01920000000000
1 71909U          19285.61388889  .00000000  00000-0  00000-0 0 00000
2 71909 097.6790 020.622  0000000 000.0000 242.8980 15.01920000000000
1 71909U          19286.05694444  .00000000  00000-0  00000-0 0 00000
2 71909 097.6800 021.058  0000000 000.0000 115.3990 15.01920000000000
1 71909U          19286.38333333  .00000000  00000-0  00000-0 0 00000
2 71909 097.6800 021.380  0000000 000.0000 077.8990 15.01920000000000
1 71909U          19286.74305556  .00000000  00000-0  00000-0 0 00000
2 71909 097.6810 021.735  0000000 000.0000 220.3990 15.01920000000000
1 71909U          19287.03819444  .00000000  00000-0  00000-0 0 00000
2 71909 097.6810 022.026  0000000 000.0000 014.1490 15.01920000000000
1 71909U          19287.38819444  .00000000  00000-0  00000-0 0 00000
2 71909 097.6820 022.371  0000000 000.0000 104.1500 15.01920000000000
1 71909U          19287.74166667  .00000000  00000-0  00000-0 0 00000
2 71909 097.6830 022.719  0000000 000.0000 212.9000 15.01920000000000
1 71909U          19288.06805556  .00000000  00000-0  00000-0 0 00000
2 71909 097.6830 023.041  0000000 000.0000 175.4000 15.01920000000000
1 71909U          19288.31666667  .00000000  00000-0  00000-0 0 00000
2 71909 097.6840 023.286  0000000 000.0000 077.9000 15.01920000000000
1 71909U          19288.72986111  .00000000  00000-0  00000-0 0 00000
2 71909 097.6840 023.693  0000000 000.0000 149.1510 15.01920000000000
1 71909U          19289.07013889  .00000000  00000-0  00000-0 0 00000
2 71909 097.6850 024.029  0000000 000.0000 186.6510 15.01920000000000
1 71909U          19289.36111111  .00000000  00000-0  00000-0 0 00000
2 71909 097.6850 024.315  0000000 000.0000 317.9010 15.01920000000000
1 71909U          19289.61527778  .00000000  00000-0  00000-0 0 00000
2 71909 097.6860 024.566  0000000 000.0000 250.4010 15.01920000000000
1 71909U          19290.08194444  .00000000  00000-0  00000-0 0 00000
2 71909 097.6860 025.026  0000000 000.0000 250.4020 15.01920000000000
1 71909U          19290.33611111  .00000000  00000-0  00000-0 0 00000
2 71909 097.6870 025.276  0000000 000.0000 182.9020 15.01920000000000
1 71909U          19290.70763889  .00000000  00000-0  00000-0 0 00000
2 71909 097.6880 025.643  0000000 000.0000 029.1520 15.01920000000000
1 71909U          19290.94861111  .00000000  00000-0  00000-0 0 00000
2 71909 097.6880 025.880  0000000 000.0000 250.4030 15.01920000000000
1 71909U          19291.28541667  .00000000  00000-0  00000-0 0 00000
2 71909 097.6890 026.212  0000000 000.0000 269.1530 15.01920000000000
1 71909U          19291.64583333  .00000000  00000-0  00000-0 0 00000
2 71909 097.6890 026.567  0000000 000.0000 055.4030 15.01920000000000
1 71909U          19292.05555556  .00000000  00000-0  00000-0 0 00000
2 71909 097.6900 026.971  0000000 000.0000 107.9040 15.01920000000000
1 71909U          19292.29652778  .00000000  00000-0  00000-0 0 00000
2 71909 097.6900 027.209  0000000 000.0000 329.1540 15.01920000000000
1 71909U          19292.70555556  .00000000  00000-0  00000-0 0 00000
2 71909 097.6910 027.612  0000000 000.0000 017.9040 15.01920000000000
1 71909U          19293.00694444  .00000000  00000-0  00000-0 0 00000
2 71909 097.6910 027.909  0000000 000.0000 205.4040 15.01920000000000
1 71909U          19293.31388889  .00000000  00000-0  00000-0 0 00000
2 71909 097.6920 028.212  0000000 000.0000 062.9050 15.01920000000000
1 71909U          19293.70208333  .00000000  00000-0  00000-0 0 00000
2 71909 097.6920 028.594  0000000 000.0000 359.1550 15.01920000000000
1 71909U          19293.99861111  .00000000  00000-0  00000-0 0 00000
2 71909 097.6930 028.887  0000000 000.0000 160.4050 15.01920000000000
1 71909U          19294.34583333  .00000000  00000-0  00000-0 0 00000
2 71909 097.6940 029.229  0000000 000.0000 235.4060 15.01920000000000
1 71909U          19294.62569444  .00000000  00000-0  00000-0 0 00000
2 71909 097.6940 029.505  0000000 000.0000 306.6560 15.01920000000000
1 71909U          19294.97708333  .00000000  00000-0  00000-0 0 00000
2 71909 097.6950 029.851  0000000 000.0000 044.1560 15.01920000000000
1 71909U          19295.26180556  .00000000  00000-0  00000-0 0 00000
2 71909 097.6950 030.132  0000000 000.0000 141.6570 15.01920000000000
1 71909U          19295.71111111  .00000000  00000-0  00000-0 0 00000
2 71909 097.6960 030.575  0000000 000.0000 047.9070 15.01920000000000
1 71909U          19295.94375000  .00000000  00000-0  00000-0 0 00000
2 71909 097.6960 030.804  0000000 000.0000 224.1570 15.01920000000000
1 71909U          19296.33333333  .00000000  00000-0  00000-0 0 00000
2 71909 097.6970 031.188  0000000 000.0000 167.9080 15.01920000000000
1 71909U          19296.70347222  .00000000  00000-0  00000-0 0 00000
2 71909 097.6970 031.553  0000000 000.0000 006.6580 15.01920000000000
1 71909U          19297.01944444  .00000000  00000-0  00000-0 0 00000
2 71909 097.6980 031.864  0000000 000.0000 272.9080 15.01920000000000
1 71909U          19297.39444444  .00000000  00000-0  00000-0 0 00000
2 71909 097.6980 032.234  0000000 000.0000 137.9090 15.01920000000000
1 71909U          19297.65763889  .00000000  00000-0  00000-0 0 00000
2 71909 097.6990 032.494  0000000 000.0000 119.1590 15.01920000000000
1 71909U          19297.97222222  .00000000  00000-0  00000-0 0 00000
2 71909 097.6990 032.804  0000000 000.0000 017.9090 15.01920000000000
1 71909U          19298.25763889  .00000000  00000-0  00000-0 0 00000
2 71909 097.7000 033.085  0000000 000.0000 119.1600 15.01920000000000
1 71909U          19298.65416667  .00000000  00000-0  00000-0 0 00000
2 71909 097.7000 033.476  0000000 000.0000 100.4100 15.01920000000000
1 71909U          19298.96180556  .00000000  00000-0  00000-0 0 00000
2 71909 097.7010 033.779  0000000 000.0000 321.6600 15.01920000000000
1 71909U          19299.30555556  .00000000  00000-0  00000-0 0 00000
2 71909 097.7010 034.118  0000000 000.0000 017.9110 15.01920000000000
1 71909U          19299.70972222  .00000000  00000-0  00000-0 0 00000
2 71909 097.7020 034.516  0000000 000.0000 040.4110 15.01920000000000
1 71909U          19299.94930556  .00000000  00000-0  00000-0 0 00000
2 71909 097.7020 034.753  0000000 000.0000 254.1610 15.01920000000000
1 71909U          19300.36944444  .00000000  00000-0  00000-0 0 00000
2 71909 097.7030 035.167  0000000 000.0000 002.9120 15.01920000000000
1 71909U          19300.69305556  .00000000  00000-0  00000-0 0 00000
2 71909 097.7030 035.486  0000000 000.0000 310.4120 15.01920000000000
1 71909U          19301.03263889  .00000000  00000-0  00000-0 0 00000
2 71909 097.7040 035.820  0000000 000.0000 344.1630 15.01920000000000
1 71909U          19301.35069444  .00000000  00000-0  00000-0 0 00000
2 71909 097.7040 036.134  0000000 000.0000 261.6630 15.01920000000000
1 71909U          19301.69930556  .00000000  00000-0  00000-0 0 00000
2 71909 097.7050 036.478  0000000 000.0000 344.1630 15.01920000000000
1 71909U          19301.93333333  .00000000  00000-0  00000-0 0 00000
2 71909 097.7050 036.708  0000000 000.0000 167.9140 15.01920000000000
1 71909U          19302.34583333  .00000000  00000-0  00000-0 0 00000
2 71909 097.7060 037.115  0000000 000.0000 235.4140 15.01920000000000
1 71909U          19302.64375000  .00000000  00000-0  00000-0 0 00000
2 71909 097.7060 037.409  0000000 000.0000 044.1650 15.01920000000000
1 71909U          19302.93194444  .00000000  00000-0  00000-0 0 00000
2 71909 097.7070 037.693  0000000 000.0000 160.4150 15.01920000000000
1 71909U          19303.31250000  .00000000  00000-0  00000-0 0 00000
2 71909 097.7070 038.068  0000000 000.0000 055.4150 15.01920000000000
1 71909U          19303.71875000  .00000000  00000-0  00000-0 0 00000
2 71909 097.7080 038.468  0000000 000.0000 089.1660 15.01920000000000
1 71909U          19304.01180556  .00000000  00000-0  00000-0 0 00000
2 71909 097.7080 038.757  0000000 000.0000 231.6660 15.01920000000000
1 71909U          19304.31944444  .00000000  00000-0  00000-0 0 00000
2 71909 097.7090 039.060  0000000 000.0000 092.9170 15.01920000000000
1 71909U          19304.65069444  .00000000  00000-0  00000-0 0 00000
2 71909 097.7090 039.387  0000000 000.0000 081.6670 15.01920000000000
1 71909U          19305.06319444  .00000000  00000-0  00000-0 0 00000
2 71909 097.7100 039.794  0000000 000.0000 149.1680 15.01920000000000
1 71909U          19305.34722222  .00000000  00000-0  00000-0 0 00000
2 71909 097.7100 040.074  0000000 000.0000 242.9180 15.01920000000000
1 71909U          19305.58819444  .00000000  00000-0  00000-0 0 00000
2 71909 097.7110 040.311  0000000 000.0000 104.1680 15.01920000000000
1 71909U          19306.07916667  .00000000  00000-0  00000-0 0 00000
2 71909 097.7110 040.795  0000000 000.0000 235.4190 15.01920000000000
1 71909U          19306.34722222  .00000000  00000-0  00000-0 0 00000
2 71909 097.7120 041.059  0000000 000.0000 242.9190 15.01920000000000
1 71909U          19306.71388889  .00000000  00000-0  00000-0 0 00000
2 71909 097.7120 041.421  0000000 000.0000 062.9200 15.01920000000000
1 71909U          19306.95763889  .00000000  00000-0  00000-0 0 00000
2 71909 097.7130 041.661  0000000 000.0000 299.1700 15.01920000000000
1 71909U          19307.33888889  .00000000  00000-0  00000-0 0 00000
2 71909 097.7130 042.037  0000000 000.0000 197.9200 15.01920000000000
1 71909U          19307.61250000  .00000000  00000-0  00000-0 0 00000
2 71909 097.7130 042.307  0000000 000.0000 235.4210 15.01920000000000
1 71909U          19307.99027778  .00000000  00000-0  00000-0 0 00000
2 71909 097.7140 042.679  0000000 000.0000 115.4210 15.01920000000000
1 71909U          19308.35486111  .00000000  00000-0  00000-0 0 00000
2 71909 097.7140 043.038  0000000 000.0000 284.1720 15.01920000000000
1 71909U          19308.60069444  .00000000  00000-0  00000-0 0 00000
2 71909 097.7150 043.281  0000000 000.0000 171.6720 15.01920000000000
1 71909U          19309.00694444  .00000000  00000-0  00000-0 0 00000
2 71909 097.7150 043.681  0000000 000.0000 205.4230 15.01920000000000
1 71909U          19309.29375000  .00000000  00000-0  00000-0 0 00000
2 71909 097.7160 043.964  0000000 000.0000 314.1730 15.01920000000000
1 71909U          19309.67638889  .00000000  00000-0  00000-0 0 00000
2 71909 097.7160 044.341  0000000 000.0000 220.4240 15.01920000000000
1 71909U          19309.91666667  .00000000  00000-0  00000-0 0 00000
2 71909 097.7170 044.578  0000000 000.0000 077.9240 15.01920000000000
1 71909U          19310.40000000  .00000000  00000-0  00000-0 0 00000
2 71909 097.7170 045.055  0000000 000.0000 167.9250 15.01920000000000
1 71909U          19310.62291667  .00000000  00000-0  00000-0 0 00000
2 71909 097.7170 045.274  0000000 000.0000 291.6750 15.01920000000000
1 71909U          19310.96666667  .00000000  00000-0  00000-0 0 00000
2 71909 097.7180 045.613  0000000 000.0000 347.9250 15.01920000000000
1 71909U          19311.40833333  .00000000  00000-0  00000-0 0 00000
2 71909 097.7180 046.049  0000000 000.0000 212.9260 15.01920000000000
1 71909U          19311.67222222  .00000000  00000-0  00000-0 0 00000
2 71909 097.7190 046.309  0000000 000.0000 197.9260 15.01920000000000
1 71909U          19311.89583333  .00000000  00000-0  00000-0 0 00000
2 71909 097.7190 046.529  0000000 000.0000 325.4270 15.01914300000000
1 71909U          19312.17986111  .00000000  00000-0  00000-0 0 00000
2 71909 097.7190 046.809  0000000 000.0000 059.1770 15.01914300000000
1 71909U          19312.54722222  .00000000  00000-0  00000-0 0 00000
2 71909 097.7200 047.171  0000000 000.0000 242.9280 15.01914300000000
1 71909U          19312.93958333  .00000000  00000-0  00000-0 0 00000
2 71909 097.7200 047.558  0000000 000.0000 201.6780 15.01914300000000
1 71909U          19313.25069444  .00000000  00000-0  00000-0 0 00000
2 71909 097.7210 047.865  0000000 000.0000 081.6790 15.01914300000000
1 71909U          19313.54027778  .00000000  00000-0  00000-0 0 00000
2 71909 097.7210 048.150  0000000 000.0000 205.4290 15.01914300000000
1 71909U          19313.86180556  .00000000  00000-0  00000-0 0 00000
2 71909 097.7220 048.467  0000000 000.0000 141.6790 15.01914300000000
1 71909U          19314.25000000  .00000000  00000-0  00000-0 0 00000
2 71909 097.7220 048.850  0000000 000.0000 077.9300 15.01914300000000
1 71909U          19314.48680556  .00000000  00000-0  00000-0 0 00000
2 71909 097.7220 049.083  0000000 000.0000 276.6800 15.01914300000000
1 71909U          19314.97291667  .00000000  00000-0  00000-0 0 00000
2 71909 097.7230 049.562  0000000 000.0000 021.6810 15.01914300000000
1 71909U          19315.21597222  .00000000  00000-0  00000-0 0 00000
2 71909 097.7230 049.802  0000000 000.0000 254.1810 15.01914300000000
1 71909U          19315.61388889  .00000000  00000-0  00000-0 0 00000
2 71909 097.7240 050.194  0000000 000.0000 242.9320 15.01914300000000
1 71909U          19315.97291667  .00000000  00000-0  00000-0 0 00000
2 71909 097.7240 050.548  0000000 000.0000 021.6830 15.01914300000000
1 71909U          19316.26944444  .00000000  00000-0  00000-0 0 00000
2 71909 097.7240 050.841  0000000 000.0000 182.9330 15.01914300000000
1 71909U          19316.62708333  .00000000  00000-0  00000-0 0 00000
2 71909 097.7250 051.193  0000000 000.0000 314.1840 15.01914300000000
1 71909U          19316.87777778  .00000000  00000-0  00000-0 0 00000
2 71909 097.7250 051.440  0000000 000.0000 227.9340 15.01914300000000
1 71909U          19317.22291667  .00000000  00000-0  00000-0 0 00000
2 71909 097.7250 051.781  0000000 000.0000 291.6840 15.01914300000000
1 71909U          19317.64027778  .00000000  00000-0  00000-0 0 00000
2 71909 097.7260 052.192  0000000 000.0000 025.4350 15.01914300000000
1 71909U          19317.95208333  .00000000  00000-0  00000-0 0 00000
2 71909 097.7260 052.499  0000000 000.0000 269.1860 15.01914300000000
1 71909U          19318.21319444  .00000000  00000-0  00000-0 0 00000
2 71909 097.7270 052.757  0000000 000.0000 239.1860 15.01914300000000
1 71909U          19318.54027778  .00000000  00000-0  00000-0 0 00000
2 71909 097.7270 053.079  0000000 000.0000 205.4360 15.01914300000000
1 71909U          19318.83055556  .00000000  00000-0  00000-0 0 00000
2 71909 097.7270 053.365  0000000 000.0000 332.9370 15.01914300000000
1 71909U          19318.89583333  .00000000  00000-0  00000-0 0 00000
2 71909 097.7270 053.430  0000000 000.0000 325.4370 15.01914300000000
1 71909U          19319.31111111  .00000000  00000-0  00000-0 0 00000
2 71909 097.7280 053.839  0000000 000.0000 047.9380 15.01914300000000
1 71909U          19319.62847222  .00000000  00000-0  00000-0 0 00000
2 71909 097.7280 054.152  0000000 000.0000 321.6880 15.01914300000000
1 71909U          19319.91111111  .00000000  00000-0  00000-0 0 00000
2 71909 097.7280 054.431  0000000 000.0000 047.9390 15.01914300000000
1 71909U          19320.19375000  .00000000  00000-0  00000-0 0 00000
2 71909 097.7290 054.709  0000000 000.0000 134.1890 15.01914300000000
1 71909U          19320.62083333  .00000000  00000-0  00000-0 0 00000
2 71909 097.7290 055.130  0000000 000.0000 280.4400 15.01914300000000
1 71909U          19320.88541667  .00000000  00000-0  00000-0 0 00000
2 71909 097.7300 055.391  0000000 000.0000 269.1900 15.01914300000000
1 71909U          19321.16041667  .00000000  00000-0  00000-0 0 00000
2 71909 097.7300 055.662  0000000 000.0000 314.1910 15.01914300000000
1 71909U          19321.52222222  .00000000  00000-0  00000-0 0 00000
2 71909 097.7300 056.019  0000000 000.0000 107.9410 15.01914300000000
1 71909U          19321.85486111  .00000000  00000-0  00000-0 0 00000
2 71909 097.7310 056.347  0000000 000.0000 104.1920 15.01914300000000
1 71909U          19322.30486111  .00000000  00000-0  00000-0 0 00000
2 71909 097.7310 056.790  0000000 000.0000 014.1920 15.01914300000000
1 71909U          19322.49861111  .00000000  00000-0  00000-0 0 00000
2 71909 097.7310 056.981  0000000 000.0000 340.4430 15.01914300000000
1 71909U          19322.94444444  .00000000  00000-0  00000-0 0 00000
2 71909 097.7320 057.421  0000000 000.0000 227.9430 15.01914300000000
1 71909U          19323.23819444  .00000000  00000-0  00000-0 0 00000
2 71909 097.7320 057.710  0000000 000.0000 014.1940 15.01914300000000
1 71909U          19323.52430556  .00000000  00000-0  00000-0 0 00000
2 71909 097.7320 057.993  0000000 000.0000 119.1940 15.01914300000000
1 71909U          19323.88819444  .00000000  00000-0  00000-0 0 00000
2 71909 097.7330 058.351  0000000 000.0000 284.1950 15.01914300000000
1 71909U          19324.24027778  .00000000  00000-0  00000-0 0 00000
2 71909 097.7330 058.698  0000000 000.0000 025.4460 15.01914300000000
1 71909U          19324.53819444  .00000000  00000-0  00000-0 0 00000
2 71909 097.7330 058.992  0000000 000.0000 194.1960 15.01914300000000
1 71909U          19324.83333333  .00000000  00000-0  00000-0 0 00000
2 71909 097.7330 059.283  0000000 000.0000 347.9470 15.01914300000000
1 71909U          19325.25486111  .00000000  00000-0  00000-0 0 00000
2 71909 097.7340 059.699  0000000 000.0000 104.1970 15.01914300000000
1 71909U          19325.53333333  .00000000  00000-0  00000-0 0 00000
2 71909 097.7340 059.973  0000000 000.0000 167.9480 15.01914300000000
1 71909U          19325.88888889  .00000000  00000-0  00000-0 0 00000
2 71909 097.7340 060.324  0000000 000.0000 287.9480 15.01914300000000
1 71909U          19325.96875000  .00000000  00000-0  00000-0 0 00000
2 71909 097.7340 060.402  0000000 000.0000 359.1980 15.01914300000000
1 71909U          19326.29097222  .00000000  00000-0  00000-0 0 00000
2 71909 097.7350 060.720  0000000 000.0000 299.1990 15.01914300000000
1 71909U          19326.58125000  .00000000  00000-0  00000-0 0 00000
2 71909 097.7350 061.006  0000000 000.0000 066.6990 15.01914300000000
1 71909U          19326.82361111  .00000000  00000-0  00000-0 0 00000
2 71909 097.7350 061.245  0000000 000.0000 295.4500 15.01914300000000
1 71909U          19327.18055556  .00000000  00000-0  00000-0 0 00000
2 71909 097.7360 061.597  0000000 000.0000 062.9500 15.01914300000000
1 71909U          19327.60138889  .00000000  00000-0  00000-0 0 00000
2 71909 097.7360 062.012  0000000 000.0000 175.4510 15.01914300000000
1 71909U          19327.94722222  .00000000  00000-0  00000-0 0 00000
2 71909 097.7360 062.353  0000000 000.0000 242.9520 15.01914300000000
1 71909U          19328.30972222  .00000000  00000-0  00000-0 0 00000
2 71909 097.7370 062.710  0000000 000.0000 040.4520 15.01914300000000
1 71909U          19328.59652778  .00000000  00000-0  00000-0 0 00000
2 71909 097.7370 062.993  0000000 000.0000 149.2030 15.01914300000000
1 71909U          19328.84097222  .00000000  00000-0  00000-0 0 00000
2 71909 097.7370 063.234  0000000 000.0000 029.2030 15.01914300000000
1 71909U          19329.30416667  .00000000  00000-0  00000-0 0 00000
2 71909 097.7370 063.690  0000000 000.0000 010.4540 15.01914300000000
1 71909U          19329.63402778  .00000000  00000-0  00000-0 0 00000
2 71909 097.7380 064.016  0000000 000.0000 351.7050 15.01914300000000
1 71909U          19329.89583333  .00000000  00000-0  00000-0 0 00000
2 71909 097.7380 064.274  0000000 000.0000 325.4550 15.01914300000000
1 71909U          19330.29097222  .00000000  00000-0  00000-0 0 00000
2 71909 097.7380 064.663  0000000 000.0000 299.2060 15.01914300000000
1 71909U          19330.59861111  .00000000  00000-0  00000-0 0 00000
2 71909 097.7380 064.967  0000000 000.0000 160.4560 15.01914300000000
1 71909U          19330.93819444  .00000000  00000-0  00000-0 0 00000
2 71909 097.7390 065.301  0000000 000.0000 194.2070 15.01914300000000
1 71909U          19331.27638889  .00000000  00000-0  00000-0 0 00000
2 71909 097.7390 065.635  0000000 000.0000 220.4580 15.01914300000000
1 71909U          19331.53680556  .00000000  00000-0  00000-0 0 00000
2 71909 097.7390 065.891  0000000 000.0000 186.7080 15.01914300000000
1 71909U          19331.94444444  .00000000  00000-0  00000-0 0 00000
2 71909 097.7390 066.293  0000000 000.0000 227.9590 15.01914300000000
1 71909U          19332.26597222  .00000000  00000-0  00000-0 0 00000
2 71909 097.7400 066.610  0000000 000.0000 164.2090 15.01914300000000
1 71909U          19332.62916667  .00000000  00000-0  00000-0 0 00000
2 71909 097.7400 066.968  0000000 000.0000 325.4600 15.01914300000000
1 71909U          19332.81666667  .00000000  00000-0  00000-0 0 00000
2 71909 097.7400 067.153  0000000 000.0000 257.9600 15.01914300000000
