1 72643U          19282.07986111  .00000000  00000-0  00000-0 0 00000
2 72643 097.7000 145.7360 0000000 000.0000 256.4830 00.06258000000000
1 72643U          19282.40347222  .00000000  00000-0  00000-0 0 00000
2 72643 097.7000 146.0550 0000000 000.0000 203.9840 00.06258000000000
1 72643U          19282.73402778  .00000000  00000-0  00000-0 0 00000
2 72643 097.6990 146.3810 0000000 000.0000 188.9840 00.06258000000000
1 72643U          19282.95902778  .00000000  00000-0  00000-0 0 00000
2 72643 097.6990 146.6020 0000000 000.0000 323.9840 00.06258000000000
1 72643U          19283.25625000  .00000000  00000-0  00000-0 0 00000
2 72643 097.6990 146.8950 0000000 000.0000 128.9850 00.06258000000000
1 72643U          19283.70416667  .00000000  00000-0  00000-0 0 00000
2 72643 097.6980 147.3370 0000000 000.0000 027.7350 00.06258000000000
1 72643U          19283.94097222  .00000000  00000-0  00000-0 0 00000
2 72643 097.6980 147.5700 0000000 000.0000 226.4850 00.06258000000000
1 72643U          19284.32222222  .00000000  00000-0  00000-0 0 00000
2 72643 097.6970 147.9460 0000000 000.0000 125.2360 00.06258000000000
1 72643U          19284.68541667  .00000000  00000-0  00000-0 0 00000
2 72643 097.6960 148.3040 0000000 000.0000 286.4860 00.06258000000000
1 72643U          19284.97986111  .00000000  00000-0  00000-0 0 00000
2 72643 097.6960 148.5940 0000000 000.0000 076.4860 00.06258000000000
1 72643U          19285.32638889  .00000000  00000-0  00000-0 0 00000
2 72643 097.6950 148.9360 0000000 000.0000 147.7370 00.06258000000000
1 72643U          19285.74583333  .00000000  00000-0  00000-0 0 00000
2 72643 097.6950 149.3490 0000000 000.0000 252.7370 00.06258000000000
1 72643U          19286.02847222  .00000000  00000-0  00000-0 0 00000
2 72643 097.6940 149.6280 0000000 000.0000 338.9870 00.06258000000000
1 72643U          19286.36805556  .00000000  00000-0  00000-0 0 00000
2 72643 097.6940 149.9630 0000000 000.0000 012.7380 00.06258000000000
1 72643U          19286.62013889  .00000000  00000-0  00000-0 0 00000
2 72643 097.6930 150.2110 0000000 000.0000 293.9880 00.06258000000000
1 72643U          19286.99236111  .00000000  00000-0  00000-0 0 00000
2 72643 097.6930 150.5780 0000000 000.0000 143.9880 00.06258000000000
1 72643U          19287.28055556  .00000000  00000-0  00000-0 0 00000
2 72643 097.6920 150.8620 0000000 000.0000 260.2390 00.06258000000000
1 72643U          19287.69097222  .00000000  00000-0  00000-0 0 00000
2 72643 097.6920 151.2670 0000000 000.0000 316.4890 00.06258000000000
1 72643U          19288.07430556  .00000000  00000-0  00000-0 0 00000
2 72643 097.6910 151.6450 0000000 000.0000 226.4890 00.06258000000000
1 72643U          19288.30347222  .00000000  00000-0  00000-0 0 00000
2 72643 097.6910 151.8700 0000000 000.0000 023.9900 00.06258000000000
1 72643U          19288.70972222  .00000000  00000-0  00000-0 0 00000
2 72643 097.6900 152.2710 0000000 000.0000 057.7400 00.06258000000000
1 72643U          19289.01319444  .00000000  00000-0  00000-0 0 00000
2 72643 097.6890 152.5700 0000000 000.0000 256.4900 00.06258000000000
1 72643U          19289.35000000  .00000000  00000-0  00000-0 0 00000
2 72643 097.6890 152.9020 0000000 000.0000 275.2410 00.06258000000000
1 72643U          19289.71111111  .00000000  00000-0  00000-0 0 00000
2 72643 097.6880 153.2580 0000000 000.0000 065.2410 00.06258000000000
1 72643U          19289.95625000  .00000000  00000-0  00000-0 0 00000
2 72643 097.6880 153.5000 0000000 000.0000 308.9910 00.06258000000000
1 72643U          19290.29791667  .00000000  00000-0  00000-0 0 00000
2 72643 097.6870 153.8360 0000000 000.0000 353.9910 00.06258000000000
1 72643U          19290.63125000  .00000000  00000-0  00000-0 0 00000
2 72643 097.6870 154.1650 0000000 000.0000 353.9920 00.06258000000000
1 72643U          19290.96180556  .00000000  00000-0  00000-0 0 00000
2 72643 097.6860 154.4910 0000000 000.0000 338.9920 00.06258000000000
1 72643U          19291.39375000  .00000000  00000-0  00000-0 0 00000
2 72643 097.6850 154.9170 0000000 000.0000 151.4920 00.06258000000000
1 72643U          19291.66250000  .00000000  00000-0  00000-0 0 00000
2 72643 097.6850 155.1820 0000000 000.0000 162.7430 00.06258000000000
1 72643U          19292.00763889  .00000000  00000-0  00000-0 0 00000
2 72643 097.6840 155.5220 0000000 000.0000 226.4930 00.06258000000000
1 72643U          19292.29305556  .00000000  00000-0  00000-0 0 00000
2 72643 097.6840 155.8030 0000000 000.0000 327.7430 00.06258000000000
1 72643U          19292.72222222  .00000000  00000-0  00000-0 0 00000
2 72643 097.6830 156.2260 0000000 000.0000 125.2430 00.06258000000000
1 72643U          19293.07708333  .00000000  00000-0  00000-0 0 00000
2 72643 097.6830 156.5760 0000000 000.0000 241.4940 00.06258000000000
1 72643U          19293.39583333  .00000000  00000-0  00000-0 0 00000
2 72643 097.6820 156.8900 0000000 000.0000 162.7440 00.06258000000000
1 72643U          19293.71388889  .00000000  00000-0  00000-0 0 00000
2 72643 097.6810 157.2040 0000000 000.0000 080.2440 00.06258000000000
1 72643U          19294.02152778  .00000000  00000-0  00000-0 0 00000
2 72643 097.6810 157.5070 0000000 000.0000 301.4940 00.06258000000000
1 72643U          19294.35000000  .00000000  00000-0  00000-0 0 00000
2 72643 097.6800 157.8310 0000000 000.0000 275.2450 00.06258000000000
1 72643U          19294.62430556  .00000000  00000-0  00000-0 0 00000
2 72643 097.6800 158.1010 0000000 000.0000 316.4950 00.06258000000000
1 72643U          19294.98888889  .00000000  00000-0  00000-0 0 00000
2 72643 097.6790 158.4600 0000000 000.0000 125.2450 00.06258000000000
1 72643U          19295.35138889  .00000000  00000-0  00000-0 0 00000
2 72643 097.6790 158.8180 0000000 000.0000 282.7450 00.06258000000000
1 72643U          19295.63680556  .00000000  00000-0  00000-0 0 00000
2 72643 097.6780 159.0990 0000000 000.0000 023.9960 00.06258000000000
1 72643U          19296.05902778  .00000000  00000-0  00000-0 0 00000
2 72643 097.6770 159.5150 0000000 000.0000 143.9960 00.06258000000000
1 72643U          19296.29583333  .00000000  00000-0  00000-0 0 00000
2 72643 097.6770 159.7490 0000000 000.0000 342.7460 00.06258000000000
1 72643U          19296.73541667  .00000000  00000-0  00000-0 0 00000
2 72643 097.6760 160.1820 0000000 000.0000 196.4960 00.06258000000000
1 72643U          19296.98402778  .00000000  00000-0  00000-0 0 00000
2 72643 097.6760 160.4270 0000000 000.0000 098.9960 00.06258000000000
1 72643U          19297.34166667  .00000000  00000-0  00000-0 0 00000
2 72643 097.6750 160.7800 0000000 000.0000 230.2470 00.06258000000000
1 72643U          19297.72847222  .00000000  00000-0  00000-0 0 00000
2 72643 097.6740 161.1610 0000000 000.0000 158.9970 00.06258000000000
1 72643U          19297.96736111  .00000000  00000-0  00000-0 0 00000
2 72643 097.6740 161.3960 0000000 000.0000 008.9970 00.06258000000000
1 72643U          19298.31527778  .00000000  00000-0  00000-0 0 00000
2 72643 097.6730 161.7390 0000000 000.0000 087.7470 00.06258000000000
1 72643U          19298.64722222  .00000000  00000-0  00000-0 0 00000
2 72643 097.6730 162.0660 0000000 000.0000 080.2480 00.06258000000000
1 72643U          19298.95555556  .00000000  00000-0  00000-0 0 00000
2 72643 097.6720 162.3700 0000000 000.0000 305.2480 00.06258000000000
1 72643U          19299.30555556  .00000000  00000-0  00000-0 0 00000
2 72643 097.6720 162.7150 0000000 000.0000 035.2480 00.06258000000000
1 72643U          19299.59583333  .00000000  00000-0  00000-0 0 00000
2 72643 097.6710 163.0010 0000000 000.0000 162.7480 00.06258000000000
1 72643U          19299.95902778  .00000000  00000-0  00000-0 0 00000
2 72643 097.6710 163.3590 0000000 000.0000 323.9980 00.06258000000000
1 72643U          19300.38402778  .00000000  00000-0  00000-0 0 00000
2 72643 097.6700 163.7780 0000000 000.0000 098.9990 00.06258000000000
1 72643U          19300.60138889  .00000000  00000-0  00000-0 0 00000
2 72643 097.6690 163.9930 0000000 000.0000 192.7490 00.06258000000000
1 72643U          19300.98402778  .00000000  00000-0  00000-0 0 00000
2 72643 097.6690 164.3700 0000000 000.0000 098.9990 00.06258000000000
1 72643U          19301.36180556  .00000000  00000-0  00000-0 0 00000
2 72643 097.6680 164.7420 0000000 000.0000 338.9990 00.06258000000000
1 72643U          19301.74791667  .00000000  00000-0  00000-0 0 00000
2 72643 097.6670 165.1230 0000000 000.0000 263.9990 00.06258000000000
1 72643U          19301.96875000  .00000000  00000-0  00000-0 0 00000
2 72643 097.6670 165.3400 0000000 000.0000 016.4990 00.06258000000000
1 72643U          19302.36250000  .00000000  00000-0  00000-0 0 00000
2 72643 097.6660 165.7280 0000000 000.0000 342.7500 00.06258000000000
1 72643U          19302.64097222  .00000000  00000-0  00000-0 0 00000
2 72643 097.6660 166.0030 0000000 000.0000 046.5000 00.06258000000000
1 72643U          19303.04097222  .00000000  00000-0  00000-0 0 00000
2 72643 097.6650 166.3970 0000000 000.0000 046.5000 00.06258000000000
1 72643U          19303.34027778  .00000000  00000-0  00000-0 0 00000
2 72643 097.6640 166.6920 0000000 000.0000 222.7500 00.06258000000000
1 72643U          19303.69791667  .00000000  00000-0  00000-0 0 00000
2 72643 097.6640 167.0450 0000000 000.0000 354.0000 00.06258000000000
1 72643U          19303.93750000  .00000000  00000-0  00000-0 0 00000
2 72643 097.6630 167.2810 0000000 000.0000 207.7500 00.06258000000000
1 72643U          19304.28819444  .00000000  00000-0  00000-0 0 00000
2 72643 097.6630 167.6270 0000000 000.0000 301.5000 00.06258000000000
1 72643U          19304.62291667  .00000000  00000-0  00000-0 0 00000
2 72643 097.6620 167.9560 0000000 000.0000 309.0010 00.06258000000000
1 72643U          19304.96597222  .00000000  00000-0  00000-0 0 00000
2 72643 097.6610 168.2950 0000000 000.0000 001.5010 00.06258000000000
1 72643U          19305.36319444  .00000000  00000-0  00000-0 0 00000
2 72643 097.6610 168.6860 0000000 000.0000 346.5010 00.06258000000000
1 72643U          19305.65555556  .00000000  00000-0  00000-0 0 00000
2 72643 097.6600 168.9740 0000000 000.0000 125.2510 00.06258000000000
1 72643U          19306.01527778  .00000000  00000-0  00000-0 0 00000
2 72643 097.6600 169.3290 0000000 000.0000 267.7510 00.06258000000000
1 72643U          19306.32013889  .00000000  00000-0  00000-0 0 00000
2 72643 097.6590 169.6290 0000000 000.0000 114.0010 00.06258000000000
1 72643U          19306.68333333  .00000000  00000-0  00000-0 0 00000
2 72643 097.6580 169.9870 0000000 000.0000 275.2510 00.06258000000000
1 72643U          19306.96527778  .00000000  00000-0  00000-0 0 00000
2 72643 097.6580 170.2650 0000000 000.0000 357.7510 00.06258000000000
1 72643U          19307.34652778  .00000000  00000-0  00000-0 0 00000
2 72643 097.6570 170.6410 0000000 000.0000 256.5020 00.06258000000000
1 72643U          19307.74097222  .00000000  00000-0  00000-0 0 00000
2 72643 097.6560 171.0300 0000000 000.0000 226.5020 00.06258000000000
1 72643U          19308.04583333  .00000000  00000-0  00000-0 0 00000
2 72643 097.6560 171.3300 0000000 000.0000 072.7520 00.06258000000000
1 72643U          19308.28680556  .00000000  00000-0  00000-0 0 00000
2 72643 097.6550 171.5680 0000000 000.0000 294.0020 00.06258000000000
1 72643U          19308.59236111  .00000000  00000-0  00000-0 0 00000
2 72643 097.6550 171.8690 0000000 000.0000 144.0020 00.06258000000000
1 72643U          19309.04861111  .00000000  00000-0  00000-0 0 00000
2 72643 097.6540 172.3190 0000000 000.0000 087.7520 00.06258000000000
1 72643U          19309.41458333  .00000000  00000-0  00000-0 0 00000
2 72643 097.6530 172.6790 0000000 000.0000 264.0020 00.06258000000000
1 72643U          19309.71250000  .00000000  00000-0  00000-0 0 00000
2 72643 097.6530 172.9730 0000000 000.0000 072.7520 00.06258000000000
1 72643U          19309.92013889  .00000000  00000-0  00000-0 0 00000
2 72643 097.6520 173.1780 0000000 000.0000 114.0020 00.06258000000000
1 72643U          19310.30625000  .00000000  00000-0  00000-0 0 00000
2 72643 097.6520 173.5580 0000000 000.0000 039.0020 00.06258000000000
1 72643U          19310.74305556  .00000000  00000-0  00000-0 0 00000
2 72643 097.6510 173.9890 0000000 000.0000 237.7530 00.06258000000000
1 72643U          19310.92986111  .00000000  00000-0  00000-0 0 00000
2 72643 097.6510 174.1730 0000000 000.0000 166.5030 00.06258000000000
1 72643U          19311.37152778  .00000000  00000-0  00000-0 0 00000
2 72643 097.6500 174.6080 0000000 000.0000 031.5030 00.06258000000000
1 72643U          19311.71666667  .00000000  00000-0  00000-0 0 00000
2 72643 097.6490 174.9480 0000000 000.0000 095.2530 00.06258000000000
1 72643U          19311.89583333  .00000000  00000-0  00000-0 0 00000
2 72643 097.6490 175.1250 0000000 000.0000 342.7530 15.01914300000000
1 72643U          19312.22430556  .00000000  00000-0  00000-0 0 00000
2 72643 097.6480 175.4490 0000000 000.0000 316.5030 15.01914300000000
1 72643U          19312.53819444  .00000000  00000-0  00000-0 0 00000
2 72643 097.6480 175.7580 0000000 000.0000 211.5030 15.01914300000000
1 72643U          19312.83055556  .00000000  00000-0  00000-0 0 00000
2 72643 097.6470 176.0460 0000000 000.0000 350.2530 15.01914300000000
1 72643U          19313.29652778  .00000000  00000-0  00000-0 0 00000
2 72643 097.6460 176.5050 0000000 000.0000 346.5030 15.01914300000000
1 72643U          19313.48611111  .00000000  00000-0  00000-0 0 00000
2 72643 097.6460 176.6920 0000000 000.0000 290.2530 15.01914300000000
1 72643U          19313.89166667  .00000000  00000-0  00000-0 0 00000
2 72643 097.6450 177.0920 0000000 000.0000 320.2530 15.01914300000000
1 72643U          19314.25694444  .00000000  00000-0  00000-0 0 00000
2 72643 097.6440 177.4520 0000000 000.0000 132.7530 15.01914300000000
1 72643U          19314.52708333  .00000000  00000-0  00000-0 0 00000
2 72643 097.6440 177.7180 0000000 000.0000 151.5030 15.01914300000000
1 72643U          19314.94861111  .00000000  00000-0  00000-0 0 00000
2 72643 097.6430 178.1340 0000000 000.0000 267.7530 15.01914300000000
1 72643U          19315.20069444  .00000000  00000-0  00000-0 0 00000
2 72643 097.6430 178.3820 0000000 000.0000 189.0030 15.01914300000000
1 72643U          19315.52222222  .00000000  00000-0  00000-0 0 00000
2 72643 097.6420 178.6990 0000000 000.0000 125.2530 15.01914300000000
1 72643U          19315.86180556  .00000000  00000-0  00000-0 0 00000
2 72643 097.6410 179.0340 0000000 000.0000 159.0030 15.01914300000000
1 72643U          19316.30763889  .00000000  00000-0  00000-0 0 00000
2 72643 097.6410 179.4730 0000000 000.0000 046.5030 15.01914300000000
1 72643U          19316.51944444  .00000000  00000-0  00000-0 0 00000
2 72643 097.6400 179.6820 0000000 000.0000 110.2530 15.01914300000000
1 72643U          19316.86250000  .00000000  00000-0  00000-0 0 00000
2 72643 097.6390 180.0200 0000000 000.0000 162.7530 15.01914300000000
1 72643U          19317.19027778  .00000000  00000-0  00000-0 0 00000
2 72643 097.6390 180.3430 0000000 000.0000 132.7530 15.01914300000000
1 72643U          19317.60625000  .00000000  00000-0  00000-0 0 00000
2 72643 097.6380 180.7530 0000000 000.0000 219.0030 15.01914300000000
1 72643U          19317.81805556  .00000000  00000-0  00000-0 0 00000
2 72643 097.6380 180.9620 0000000 000.0000 282.7530 15.01914300000000
1 72643U          19318.25000000  .00000000  00000-0  00000-0 0 00000
2 72643 097.6370 181.3880 0000000 000.0000 095.2530 15.01914300000000
1 72643U          19318.56875000  .00000000  00000-0  00000-0 0 00000
2 72643 097.6360 181.7020 0000000 000.0000 016.5030 15.01914300000000
1 72643U          19318.89583333  .00000000  00000-0  00000-0 0 00000
2 72643 097.6360 182.0240 0000000 000.0000 342.7530 15.01914300000000
1 72643U          19318.93750000  .00000000  00000-0  00000-0 0 00000
2 72643 097.6360 182.0650 0000000 000.0000 207.7530 15.01914300000000
1 72643U          19319.28055556  .00000000  00000-0  00000-0 0 00000
2 72643 097.6350 182.4030 0000000 000.0000 260.2530 15.01914300000000
1 72643U          19319.51736111  .00000000  00000-0  00000-0 0 00000
2 72643 097.6350 182.6370 0000000 000.0000 099.0030 15.01914300000000
1 72643U          19319.94583333  .00000000  00000-0  00000-0 0 00000
2 72643 097.6340 183.0590 0000000 000.0000 252.7530 15.01914300000000
1 72643U          19320.17986111  .00000000  00000-0  00000-0 0 00000
2 72643 097.6330 183.2900 0000000 000.0000 076.5030 15.01914300000000
1 72643U          19320.63472222  .00000000  00000-0  00000-0 0 00000
2 72643 097.6320 183.7380 0000000 000.0000 012.7530 15.01914300000000
1 72643U          19320.87222222  .00000000  00000-0  00000-0 0 00000
2 72643 097.6320 183.9720 0000000 000.0000 215.2530 15.01914300000000
1 72643U          19321.16805556  .00000000  00000-0  00000-0 0 00000
2 72643 097.6310 184.2640 0000000 000.0000 012.7530 15.01914300000000
1 72643U          19321.48055556  .00000000  00000-0  00000-0 0 00000
2 72643 097.6310 184.5720 0000000 000.0000 260.2530 15.01914300000000
1 72643U          19321.85694444  .00000000  00000-0  00000-0 0 00000
2 72643 097.6300 184.9430 0000000 000.0000 132.7530 15.01914300000000
1 72643U          19322.16250000  .00000000  00000-0  00000-0 0 00000
2 72643 097.6300 185.2440 0000000 000.0000 342.7530 15.01914300000000
1 72643U          19322.54722222  .00000000  00000-0  00000-0 0 00000
2 72643 097.6290 185.6230 0000000 000.0000 260.2530 15.01914300000000
1 72643U          19322.85486111  .00000000  00000-0  00000-0 0 00000
2 72643 097.6280 185.9260 0000000 000.0000 121.5030 15.01914300000000
1 72643U          19323.15555556  .00000000  00000-0  00000-0 0 00000
2 72643 097.6280 186.2230 0000000 000.0000 305.2530 15.01914300000000
1 72643U          19323.57430556  .00000000  00000-0  00000-0 0 00000
2 72643 097.6270 186.6350 0000000 000.0000 046.5030 15.01914300000000
1 72643U          19323.88750000  .00000000  00000-0  00000-0 0 00000
2 72643 097.6260 186.9440 0000000 000.0000 297.7530 15.01914300000000
1 72643U          19324.21319444  .00000000  00000-0  00000-0 0 00000
2 72643 097.6260 187.2650 0000000 000.0000 256.5030 15.01914300000000
1 72643U          19324.53958333  .00000000  00000-0  00000-0 0 00000
2 72643 097.6250 187.5870 0000000 000.0000 219.0030 15.01914300000000
1 72643U          19324.97847222  .00000000  00000-0  00000-0 0 00000
2 72643 097.6240 188.0190 0000000 000.0000 069.0020 15.01914300000000
1 72643U          19325.22708333  .00000000  00000-0  00000-0 0 00000
2 72643 097.6240 188.2640 0000000 000.0000 331.5020 15.01914300000000
1 72643U          19325.54791667  .00000000  00000-0  00000-0 0 00000
2 72643 097.6230 188.5800 0000000 000.0000 264.0020 15.01914300000000
1 72643U          19325.89027778  .00000000  00000-0  00000-0 0 00000
2 72643 097.6230 188.9180 0000000 000.0000 312.7520 15.01914300000000
1 72643U          19325.89583333  .00000000  00000-0  00000-0 0 00000
2 72643 097.6230 188.9230 0000000 000.0000 342.7520 15.01914300000000
1 72643U          19326.24791667  .00000000  00000-0  00000-0 0 00000
2 72643 097.6230 189.1170 2000000 209.6040 120.7820 10.75226600000000
1 72643U          19326.55277778  .00000000  00000-0  00000-0 0 00000
2 72643 097.6270 189.2580 2006030 209.1140 221.5090 10.76463600000000
1 72643U          19326.89861111  .00000000  00000-0  00000-0 0 00000
2 72643 097.6240 189.4380 2000220 208.5120 120.8300 10.75238200000000
1 72643U          19327.20625000  .00000000  00000-0  00000-0 0 00000
2 72643 097.6270 189.5790 2006709 208.0670 232.2570 10.76681000000000
1 72643U          19327.51388889  .00000000  00000-0  00000-0 0 00000
2 72643 097.6210 189.7330 2005990 207.4010 343.8330 10.74019200000000
1 72643U          19327.95277778  .00000000  00000-0  00000-0 0 00000
2 72643 097.6280 189.9460 2006750 206.8740 243.3960 10.76930000000000
1 72643U          19328.26944444  .00000000  00000-0  00000-0 0 00000
2 72643 097.6270 190.1060 1988710 205.9680 030.1580 10.78394800000000
1 72643U          19328.57638889  .00000000  00000-0  00000-0 0 00000
2 72643 097.6200 190.2610 1999680 205.6710 138.6650 10.75198200000000
1 72643U          19328.84444444  .00000000  00000-0  00000-0 0 00000
2 72643 097.6230 190.3970 2004040 205.1370 096.8500 10.75829700000000
1 72643U          19329.25972222  .00000000  00000-0  00000-0 0 00000
2 72643 097.6250 190.5890 2004690 204.7760 264.8880 10.77355100000000
1 72643U          19329.58194444  .00000000  00000-0  00000-0 0 00000
2 72643 097.6230 190.7600 2003580 203.6820 073.2970 10.77006000000000
1 72643U          19329.95277778  .00000000  00000-0  00000-0 0 00000
2 72643 097.6240 190.9410 2002780 203.0190 069.5240 10.77275900000000
1 72643U          19330.15000000  .00000000  00000-0  00000-0 0 00000
2 72643 097.6180 191.0360 2003030 202.9960 113.0350 10.75471300000000
1 72643U          19330.53541667  .00000000  00000-0  00000-0 0 00000
2 72643 097.6180 191.2200 2000290 202.3190 165.7790 10.75322800000000
1 72643U          19330.81875000  .00000000  00000-0  00000-0 0 00000
2 72643 097.6190 191.3580 2001510 201.8230 183.1200 10.75514700000000
1 72643U          19331.22291667  .00000000  00000-0  00000-0 0 00000
2 72643 097.6200 191.5580 1996030 201.3100 308.1870 10.76818900000000
1 72643U          19331.52291667  .00000000  00000-0  00000-0 0 00000
2 72643 097.6220 191.7050 1990609 200.5150 030.3930 10.78079500000000
1 72643U          19331.97291667  .00000000  00000-0  00000-0 0 00000
2 72643 097.6150 191.9270 2002640 199.8110 333.0860 10.74751500000000
1 72643U          19332.16875000  .00000000  00000-0  00000-0 0 00000
2 72643 097.6160 192.0200 1998379 199.6860 011.3770 10.75911800000000
1 72643U          19332.58055556  .00000000  00000-0  00000-0 0 00000
2 72643 097.6140 192.2260 2000730 198.8750 166.3270 10.75285500000000
1 72643U          19332.89583333  .00000000  00000-0  00000-0 0 00000
2 72643 097.6190 192.3810 1996210 198.5190 307.1480 10.77039400000000
