1 74562U          19282.04097222  .00000000  00000-0  00000-0 0 00000
2 74562 097.7480 94.2580 0000000 000.0000 303.5450 15.01920000000000
1 74562U          19282.36527778  .00000000  00000-0  00000-0 0 00000
2 74562 097.7480 94.5780 0000000 000.0000 254.7950 15.01920000000000
1 74562U          19282.70069444  .00000000  00000-0  00000-0 0 00000
2 74562 097.7480 94.9080 0000000 000.0000 266.0460 15.01920000000000
1 74562U          19282.95277778  .00000000  00000-0  00000-0 0 00000
2 74562 097.7480 95.1570 0000000 000.0000 187.2960 15.01920000000000
1 74562U          19283.29583333  .00000000  00000-0  00000-0 0 00000
2 74562 097.7480 95.4950 0000000 000.0000 239.7970 15.01920000000000
1 74562U          19283.70902778  .00000000  00000-0  00000-0 0 00000
2 74562 097.7480 95.9020 0000000 000.0000 311.0480 15.01920000000000
1 74562U          19283.95347222  .00000000  00000-0  00000-0 0 00000
2 74562 097.7480 96.1430 0000000 000.0000 191.0480 15.01920000000000
1 74562U          19284.40347222  .00000000  00000-0  00000-0 0 00000
2 74562 097.7470 96.5870 0000000 000.0000 101.0490 15.01920000000000
1 74562U          19284.60694444  .00000000  00000-0  00000-0 0 00000
2 74562 097.7470 96.7880 0000000 000.0000 119.7990 15.01920000000000
1 74562U          19284.97083333  .00000000  00000-0  00000-0 0 00000
2 74562 097.7470 97.1460 0000000 000.0000 284.8000 15.01920000000000
1 74562U          19285.41319444  .00000000  00000-0  00000-0 0 00000
2 74562 097.7470 97.5820 0000000 000.0000 153.5510 15.01920000000000
1 74562U          19285.67152778  .00000000  00000-0  00000-0 0 00000
2 74562 097.7470 97.8370 0000000 000.0000 108.5510 15.01920000000000
1 74562U          19285.98958333  .00000000  00000-0  00000-0 0 00000
2 74562 097.7470 98.1510 0000000 000.0000 026.0520 15.01920000000000
1 74562U          19286.34930556  .00000000  00000-0  00000-0 0 00000
2 74562 097.7470 98.5050 0000000 000.0000 168.5530 15.01920000000000
1 74562U          19286.64097222  .00000000  00000-0  00000-0 0 00000
2 74562 097.7470 98.7930 0000000 000.0000 303.5530 15.01920000000000
1 74562U          19286.95208333  .00000000  00000-0  00000-0 0 00000
2 74562 097.7470 99.1000 0000000 000.0000 183.5540 15.01920000000000
1 74562U          19287.41527778  .00000000  00000-0  00000-0 0 00000
2 74562 097.7470 99.5560 0000000 000.0000 164.8050 15.01920000000000
1 74562U          19287.63888889  .00000000  00000-0  00000-0 0 00000
2 74562 097.7470 99.7770 0000000 000.0000 292.3050 15.01920000000000
1 74562U          19288.05208333  .00000000  00000-0  00000-0 0 00000
2 74562 097.7460 100.1840 0000000 000.0000 003.5560 15.01920000000000
1 74562U          19288.39236111  .00000000  00000-0  00000-0 0 00000
2 74562 097.7460 100.5190 0000000 000.0000 041.0570 15.01920000000000
1 74562U          19288.73680556  .00000000  00000-0  00000-0 0 00000
2 74562 097.7460 100.8590 0000000 000.0000 101.0570 15.01920000000000
1 74562U          19288.97013889  .00000000  00000-0  00000-0 0 00000
2 74562 097.7460 101.0890 0000000 000.0000 281.0580 15.01920000000000
1 74562U          19289.34513889  .00000000  00000-0  00000-0 0 00000
2 74562 097.7460 101.4590 0000000 000.0000 146.0580 15.01920000000000
1 74562U          19289.67361111  .00000000  00000-0  00000-0 0 00000
2 74562 097.7460 101.7830 0000000 000.0000 119.8090 15.01920000000000
1 74562U          19289.97152778  .00000000  00000-0  00000-0 0 00000
2 74562 097.7460 102.0760 0000000 000.0000 288.5600 15.01920000000000
1 74562U          19290.30416667  .00000000  00000-0  00000-0 0 00000
2 74562 097.7460 102.4040 0000000 000.0000 284.8100 15.01920000000000
1 74562U          19290.66875000  .00000000  00000-0  00000-0 0 00000
2 74562 097.7450 102.7640 0000000 000.0000 093.5610 15.01920000000000
1 74562U          19290.98194444  .00000000  00000-0  00000-0 0 00000
2 74562 097.7450 103.0720 0000000 000.0000 344.8110 15.01920000000000
1 74562U          19291.39027778  .00000000  00000-0  00000-0 0 00000
2 74562 097.7450 103.4750 0000000 000.0000 029.8120 15.01920000000000
1 74562U          19291.69166667  .00000000  00000-0  00000-0 0 00000
2 74562 097.7450 103.7720 0000000 000.0000 217.3130 15.01920000000000
1 74562U          19292.00902778  .00000000  00000-0  00000-0 0 00000
2 74562 097.7450 104.0850 0000000 000.0000 131.0630 15.01920000000000
1 74562U          19292.29583333  .00000000  00000-0  00000-0 0 00000
2 74562 097.7450 104.3680 0000000 000.0000 239.8140 15.01920000000000
1 74562U          19292.74513889  .00000000  00000-0  00000-0 0 00000
2 74562 097.7450 104.8110 0000000 000.0000 146.0650 15.01920000000000
1 74562U          19293.08194444  .00000000  00000-0  00000-0 0 00000
2 74562 097.7440 105.1430 0000000 000.0000 164.8150 15.01920000000000
1 74562U          19293.27013889  .00000000  00000-0  00000-0 0 00000
2 74562 097.7440 105.3280 0000000 000.0000 101.0660 15.01920000000000
1 74562U          19293.59444444  .00000000  00000-0  00000-0 0 00000
2 74562 097.7440 105.6480 0000000 000.0000 052.3160 15.01920000000000
1 74562U          19293.94652778  .00000000  00000-0  00000-0 0 00000
2 74562 097.7440 105.9950 0000000 000.0000 153.5670 15.01920000000000
1 74562U          19294.39166667  .00000000  00000-0  00000-0 0 00000
2 74562 097.7440 106.4340 0000000 000.0000 037.3180 15.01920000000000
1 74562U          19294.58402778  .00000000  00000-0  00000-0 0 00000
2 74562 097.7440 106.6230 0000000 000.0000 356.0680 15.01920000000000
1 74562U          19295.02430556  .00000000  00000-0  00000-0 0 00000
2 74562 097.7430 107.0580 0000000 000.0000 213.5690 15.01920000000000
1 74562U          19295.32291667  .00000000  00000-0  00000-0 0 00000
2 74562 097.7430 107.3520 0000000 000.0000 026.0690 15.01920000000000
1 74562U          19295.58541667  .00000000  00000-0  00000-0 0 00000
2 74562 097.7430 107.6110 0000000 000.0000 003.5700 15.01920000000000
1 74562U          19295.99166667  .00000000  00000-0  00000-0 0 00000
2 74562 097.7430 108.0110 0000000 000.0000 037.3210 15.01920000000000
1 74562U          19296.33680556  .00000000  00000-0  00000-0 0 00000
2 74562 097.7430 108.3510 0000000 000.0000 101.0710 15.01920000000000
1 74562U          19296.60833333  .00000000  00000-0  00000-0 0 00000
2 74562 097.7420 108.6190 0000000 000.0000 127.3220 15.01920000000000
1 74562U          19297.05486111  .00000000  00000-0  00000-0 0 00000
2 74562 097.7420 109.0590 0000000 000.0000 018.5730 15.01920000000000
1 74562U          19297.28194444  .00000000  00000-0  00000-0 0 00000
2 74562 097.7420 109.2830 0000000 000.0000 164.8230 15.01920000000000
1 74562U          19297.63125000  .00000000  00000-0  00000-0 0 00000
2 74562 097.7420 109.6280 0000000 000.0000 251.0740 15.01920000000000
1 74562U          19297.93333333  .00000000  00000-0  00000-0 0 00000
2 74562 097.7420 109.9250 0000000 000.0000 082.3240 15.01920000000000
1 74562U          19298.26319444  .00000000  00000-0  00000-0 0 00000
2 74562 097.7410 110.2510 0000000 000.0000 063.5750 15.01920000000000
1 74562U          19298.75000000  .00000000  00000-0  00000-0 0 00000
2 74562 097.7410 110.7300 0000000 000.0000 172.3260 15.01920000000000
1 74562U          19298.93402778  .00000000  00000-0  00000-0 0 00000
2 74562 097.7410 110.9120 0000000 000.0000 086.0760 15.01920000000000
1 74562U          19299.28125000  .00000000  00000-0  00000-0 0 00000
2 74562 097.7410 111.2540 0000000 000.0000 161.0770 15.01920000000000
1 74562U          19299.68958333  .00000000  00000-0  00000-0 0 00000
2 74562 097.7400 111.6570 0000000 000.0000 206.0770 15.01920000000000
1 74562U          19299.98680556  .00000000  00000-0  00000-0 0 00000
2 74562 097.7400 111.9500 0000000 000.0000 011.0780 15.01920000000000
1 74562U          19300.35763889  .00000000  00000-0  00000-0 0 00000
2 74562 097.7400 112.3150 0000000 000.0000 213.5780 15.01920000000000
1 74562U          19300.66597222  .00000000  00000-0  00000-0 0 00000
2 74562 097.7400 112.6190 0000000 000.0000 078.5790 15.01920000000000
1 74562U          19301.06944444  .00000000  00000-0  00000-0 0 00000
2 74562 097.7390 113.0170 0000000 000.0000 097.3300 15.01920000000000
1 74562U          19301.39375000  .00000000  00000-0  00000-0 0 00000
2 74562 097.7390 113.3370 0000000 000.0000 048.5800 15.01920000000000
1 74562U          19301.63055556  .00000000  00000-0  00000-0 0 00000
2 74562 097.7390 113.5700 0000000 000.0000 247.3310 15.01920000000000
1 74562U          19302.08055556  .00000000  00000-0  00000-0 0 00000
2 74562 097.7390 114.0140 0000000 000.0000 157.3320 15.01920000000000
1 74562U          19302.32083333  .00000000  00000-0  00000-0 0 00000
2 74562 097.7380 114.2510 0000000 000.0000 014.8320 15.01920000000000
1 74562U          19302.60416667  .00000000  00000-0  00000-0 0 00000
2 74562 097.7380 114.5300 0000000 000.0000 104.8320 15.01920000000000
1 74562U          19303.04722222  .00000000  00000-0  00000-0 0 00000
2 74562 097.7380 114.9670 0000000 000.0000 337.3330 15.01920000000000
1 74562U          19303.28333333  .00000000  00000-0  00000-0 0 00000
2 74562 097.7380 115.2000 0000000 000.0000 172.3340 15.01920000000000
1 74562U          19303.62430556  .00000000  00000-0  00000-0 0 00000
2 74562 097.7370 115.5360 0000000 000.0000 213.5840 15.01920000000000
1 74562U          19303.95069444  .00000000  00000-0  00000-0 0 00000
2 74562 097.7370 115.8580 0000000 000.0000 176.0850 15.01920000000000
1 74562U          19304.38750000  .00000000  00000-0  00000-0 0 00000
2 74562 097.7370 116.2880 0000000 000.0000 014.8360 15.01920000000000
1 74562U          19304.59166667  .00000000  00000-0  00000-0 0 00000
2 74562 097.7370 116.4890 0000000 000.0000 037.3360 15.01920000000000
1 74562U          19305.06805556  .00000000  00000-0  00000-0 0 00000
2 74562 097.7360 116.9590 0000000 000.0000 089.8370 15.01920000000000
1 74562U          19305.32083333  .00000000  00000-0  00000-0 0 00000
2 74562 097.7360 117.2080 0000000 000.0000 014.8370 15.01920000000000
1 74562U          19305.61180556  .00000000  00000-0  00000-0 0 00000
2 74562 097.7360 117.4950 0000000 000.0000 146.0880 15.01920000000000
1 74562U          19306.05763889  .00000000  00000-0  00000-0 0 00000
2 74562 097.7350 117.9350 0000000 000.0000 033.5880 15.01920000000000
1 74562U          19306.41666667  .00000000  00000-0  00000-0 0 00000
2 74562 097.7350 118.2890 0000000 000.0000 172.3390 15.01920000000000
1 74562U          19306.68055556  .00000000  00000-0  00000-0 0 00000
2 74562 097.7350 118.5490 0000000 000.0000 157.3390 15.01920000000000
1 74562U          19306.91736111  .00000000  00000-0  00000-0 0 00000
2 74562 097.7350 118.7820 0000000 000.0000 356.0900 15.01920000000000
1 74562U          19307.40763889  .00000000  00000-0  00000-0 0 00000
2 74562 097.7340 119.2660 0000000 000.0000 123.5910 15.01920000000000
1 74562U          19307.66875000  .00000000  00000-0  00000-0 0 00000
2 74562 097.7340 119.5230 0000000 000.0000 093.5910 15.01920000000000
1 74562U          19307.99722222  .00000000  00000-0  00000-0 0 00000
2 74562 097.7340 119.8470 0000000 000.0000 067.3420 15.01920000000000
1 74562U          19308.40138889  .00000000  00000-0  00000-0 0 00000
2 74562 097.7330 120.2450 0000000 000.0000 089.8420 15.01920000000000
1 74562U          19308.67152778  .00000000  00000-0  00000-0 0 00000
2 74562 097.7330 120.5110 0000000 000.0000 108.5930 15.01920000000000
1 74562U          19309.07152778  .00000000  00000-0  00000-0 0 00000
2 74562 097.7330 120.9060 0000000 000.0000 108.5930 15.01920000000000
1 74562U          19309.31250000  .00000000  00000-0  00000-0 0 00000
2 74562 097.7320 121.1430 0000000 000.0000 329.8440 15.01920000000000
1 74562U          19309.59097222  .00000000  00000-0  00000-0 0 00000
2 74562 097.7320 121.4180 0000000 000.0000 033.5940 15.01920000000000
1 74562U          19309.95902778  .00000000  00000-0  00000-0 0 00000
2 74562 097.7320 121.7810 0000000 000.0000 221.0950 15.01920000000000
1 74562U          19310.29097222  .00000000  00000-0  00000-0 0 00000
2 74562 097.7310 122.1080 0000000 000.0000 213.5950 15.01920000000000
1 74562U          19310.68055556  .00000000  00000-0  00000-0 0 00000
2 74562 097.7310 122.4920 0000000 000.0000 157.3460 15.01920000000000
1 74562U          19310.95486111  .00000000  00000-0  00000-0 0 00000
2 74562 097.7310 122.7620 0000000 000.0000 198.5960 15.01920000000000
1 74562U          19311.35972222  .00000000  00000-0  00000-0 0 00000
2 74562 097.7300 123.1620 0000000 000.0000 224.8470 15.01920000000000
1 74562U          19311.68055556  .00000000  00000-0  00000-0 0 00000
2 74562 097.7300 123.4780 0000000 000.0000 157.3480 15.01920000000000
1 74562U          19311.89583333  .00000000  00000-0  00000-0 0 00000
2 74562 097.7300 123.6900 0000000 000.0000 239.8480 15.01914300000000
1 74562U          19312.30416667  .00000000  00000-0  00000-0 0 00000
2 74562 097.7290 124.0930 0000000 000.0000 284.8490 15.01914300000000
1 74562U          19312.49861111  .00000000  00000-0  00000-0 0 00000
2 74562 097.7290 124.2840 0000000 000.0000 254.8490 15.01914300000000
1 74562U          19312.96250000  .00000000  00000-0  00000-0 0 00000
2 74562 097.7290 124.7420 0000000 000.0000 239.8500 15.01914300000000
1 74562U          19313.28750000  .00000000  00000-0  00000-0 0 00000
2 74562 097.7280 125.0620 0000000 000.0000 194.8500 15.01914300000000
1 74562U          19313.59722222  .00000000  00000-0  00000-0 0 00000
2 74562 097.7280 125.3670 0000000 000.0000 067.3510 15.01914300000000
1 74562U          19313.90694444  .00000000  00000-0  00000-0 0 00000
2 74562 097.7280 125.6730 0000000 000.0000 299.8510 15.01914300000000
1 74562U          19314.25972222  .00000000  00000-0  00000-0 0 00000
2 74562 097.7270 126.0200 0000000 000.0000 044.8520 15.01914300000000
1 74562U          19314.50763889  .00000000  00000-0  00000-0 0 00000
2 74562 097.7270 126.2650 0000000 000.0000 303.6020 15.01914300000000
1 74562U          19314.91458333  .00000000  00000-0  00000-0 0 00000
2 74562 097.7260 126.6660 0000000 000.0000 341.1030 15.01914300000000
1 74562U          19315.25416667  .00000000  00000-0  00000-0 0 00000
2 74562 097.7260 127.0010 0000000 000.0000 014.8530 15.01914300000000
1 74562U          19315.58750000  .00000000  00000-0  00000-0 0 00000
2 74562 097.7260 127.3290 0000000 000.0000 014.8540 15.01914300000000
1 74562U          19315.92777778  .00000000  00000-0  00000-0 0 00000
2 74562 097.7250 127.6650 0000000 000.0000 052.3540 15.01914300000000
1 74562U          19316.24513889  .00000000  00000-0  00000-0 0 00000
2 74562 097.7250 127.9780 0000000 000.0000 326.1050 15.01914300000000
1 74562U          19316.60000000  .00000000  00000-0  00000-0 0 00000
2 74562 097.7250 128.3270 0000000 000.0000 082.3550 15.01914300000000
1 74562U          19316.92291667  .00000000  00000-0  00000-0 0 00000
2 74562 097.7240 128.6460 0000000 000.0000 026.1060 15.01914300000000
1 74562U          19317.15138889  .00000000  00000-0  00000-0 0 00000
2 74562 097.7240 128.8710 0000000 000.0000 179.8560 15.01914300000000
1 74562U          19317.53402778  .00000000  00000-0  00000-0 0 00000
2 74562 097.7230 129.2480 0000000 000.0000 086.1070 15.01914300000000
1 74562U          19317.88750000  .00000000  00000-0  00000-0 0 00000
2 74562 097.7230 129.5970 0000000 000.0000 194.8570 15.01914300000000
1 74562U          19318.23680556  .00000000  00000-0  00000-0 0 00000
2 74562 097.7230 129.9410 0000000 000.0000 281.1080 15.01914300000000
1 74562U          19318.51388889  .00000000  00000-0  00000-0 0 00000
2 74562 097.7220 130.2140 0000000 000.0000 337.3580 15.01914300000000
1 74562U          19318.89583333  .00000000  00000-0  00000-0 0 00000
2 74562 097.7220 130.5910 0000000 000.0000 239.8590 15.01914300000000
1 74562U          19318.89583333  .00000000  00000-0  00000-0 0 00000
2 74562 097.7220 130.5910 0000000 000.0000 239.8590 15.01914300000000
1 74562U          19319.16666667  .00000000  00000-0  00000-0 0 00000
2 74562 097.7220 130.8580 0000000 000.0000 262.3590 15.01914300000000
1 74562U          19319.50416667  .00000000  00000-0  00000-0 0 00000
2 74562 097.7210 131.1900 0000000 000.0000 284.8600 15.01914300000000
1 74562U          19319.97152778  .00000000  00000-0  00000-0 0 00000
2 74562 097.7210 131.6510 0000000 000.0000 288.6100 15.01914300000000
1 74562U          19320.22152778  .00000000  00000-0  00000-0 0 00000
2 74562 097.7200 131.8980 0000000 000.0000 198.6110 15.01914300000000
1 74562U          19320.60347222  .00000000  00000-0  00000-0 0 00000
2 74562 097.7200 132.2740 0000000 000.0000 101.1110 15.01914300000000
1 74562U          19320.97847222  .00000000  00000-0  00000-0 0 00000
2 74562 097.7190 132.6440 0000000 000.0000 326.1120 15.01914300000000
1 74562U          19321.19791667  .00000000  00000-0  00000-0 0 00000
2 74562 097.7190 132.8600 0000000 000.0000 071.1120 15.01914300000000
1 74562U          19321.57569444  .00000000  00000-0  00000-0 0 00000
2 74562 097.7180 133.2330 0000000 000.0000 311.1120 15.01914300000000
1 74562U          19321.84930556  .00000000  00000-0  00000-0 0 00000
2 74562 097.7180 133.5020 0000000 000.0000 348.6130 15.01914300000000
1 74562U          19322.17222222  .00000000  00000-0  00000-0 0 00000
2 74562 097.7180 133.8210 0000000 000.0000 292.3630 15.01914300000000
1 74562U          19322.48611111  .00000000  00000-0  00000-0 0 00000
2 74562 097.7170 134.1300 0000000 000.0000 187.3640 15.01914300000000
1 74562U          19322.93611111  .00000000  00000-0  00000-0 0 00000
2 74562 097.7170 134.5740 0000000 000.0000 097.3640 15.01914300000000
1 74562U          19323.16875000  .00000000  00000-0  00000-0 0 00000
2 74562 097.7160 134.8030 0000000 000.0000 273.6150 15.01914300000000
1 74562U          19323.49861111  .00000000  00000-0  00000-0 0 00000
2 74562 097.7160 135.1280 0000000 000.0000 254.8650 15.01914300000000
1 74562U          19323.97708333  .00000000  00000-0  00000-0 0 00000
2 74562 097.7150 135.6000 0000000 000.0000 318.6160 15.01914300000000
1 74562U          19324.16458333  .00000000  00000-0  00000-0 0 00000
2 74562 097.7150 135.7850 0000000 000.0000 251.1160 15.01914300000000
1 74562U          19324.58611111  .00000000  00000-0  00000-0 0 00000
2 74562 097.7150 136.2000 0000000 000.0000 007.3670 15.01914300000000
1 74562U          19324.87291667  .00000000  00000-0  00000-0 0 00000
2 74562 097.7140 136.4830 0000000 000.0000 116.1170 15.01914300000000
1 74562U          19325.30277778  .00000000  00000-0  00000-0 0 00000
2 74562 097.7140 136.9070 0000000 000.0000 277.3680 15.01914300000000
1 74562U          19325.64583333  .00000000  00000-0  00000-0 0 00000
2 74562 097.7130 137.2450 0000000 000.0000 329.8680 15.01914300000000
1 74562U          19325.89583333  .00000000  00000-0  00000-0 0 00000
2 74562 097.7130 137.4910 0000000 000.0000 239.8680 15.01914300000000
1 74562U          19325.93333333  .00000000  00000-0  00000-0 0 00000
2 74562 097.7140 137.5310 0007559 254.1560 188.6170 15.08152200000000
1 74562U          19326.21944444  .00000000  00000-0  00000-0 0 00000
2 74562 097.7070 137.8120 0015740 098.0130 091.3570 15.00578400000000
1 74562U          19326.59097222  .00000000  00000-0  00000-0 0 00000
2 74562 097.7070 138.1770 0019110 099.5840 298.1420 15.02687700000000
1 74562U          19326.85000000  .00000000  00000-0  00000-0 0 00000
2 74562 097.7050 138.4360 0018200 067.6340 290.2360 15.00404800000000
1 74562U          19327.23680556  .00000000  00000-0  00000-0 0 00000
2 74562 097.7140 138.8200 0031590 099.7970 188.9450 15.05869400000000
1 74562U          19327.63750000  .00000000  00000-0  00000-0 0 00000
2 74562 097.7110 139.2170 0029200 102.1140 192.6040 15.05463200000000
1 74562U          19327.90763889  .00000000  00000-0  00000-0 0 00000
2 74562 097.7070 139.4830 0019520 106.3330 208.6390 15.03502200000000
1 74562U          19328.24305556  .00000000  00000-0  00000-0 0 00000
2 74562 097.7060 139.8140 0014679 093.9370 234.1580 15.02151000000000
1 74562U          19328.63263889  .00000000  00000-0  00000-0 0 00000
2 74562 097.7110 140.1950 0034650 087.9230 186.1420 15.06469900000000
1 74562U          19328.83333333  .00000000  00000-0  00000-0 0 00000
2 74562 097.7120 140.3920 0033780 092.0410 186.8960 15.06377800000000
1 74562U          19329.23541667  .00000000  00000-0  00000-0 0 00000
2 74562 097.7110 140.7910 0029650 100.8870 191.5220 15.05622900000000
1 74562U          19329.49513889  .00000000  00000-0  00000-0 0 00000
2 74562 097.7070 141.0420 0033660 074.5000 181.9310 15.06130700000000
1 74562U          19329.88819444  .00000000  00000-0  00000-0 0 00000
2 74562 097.7030 141.4250 0019300 059.6910 161.4790 15.03057000000000
1 74562U          19330.27986111  .00000000  00000-0  00000-0 0 00000
2 74562 097.7000 141.8160 0017329 095.9650 082.3360 15.00419500000000
1 74562U          19330.60902778  .00000000  00000-0  00000-0 0 00000
2 74562 097.6990 142.1460 0020420 080.1410 077.4620 15.01308500000000
1 74562U          19330.89097222  .00000000  00000-0  00000-0 0 00000
2 74562 097.7050 142.4140 0028780 063.8650 177.9210 15.05134500000000
1 74562U          19331.25555556  .00000000  00000-0  00000-0 0 00000
2 74562 097.7050 142.7730 0013150 115.6440 296.9400 15.04233700000000
1 74562U          19331.63611111  .00000000  00000-0  00000-0 0 00000
2 74562 097.7030 143.1590 0020830 103.7020 205.9040 15.04074200000000
1 74562U          19331.93263889  .00000000  00000-0  00000-0 0 00000
2 74562 097.7030 143.4490 0012810 018.1790 094.3670 15.05614300000000
1 74562U          19332.17430556  .00000000  00000-0  00000-0 0 00000
2 74562 097.6980 143.6860 0013390 071.0020 267.8950 15.01241100000000
1 74562U          19332.63819444  .00000000  00000-0  00000-0 0 00000
2 74562 097.6980 144.1470 0013800 089.4010 237.0950 15.02321300000000
1 74562U          19332.85555556  .00000000  00000-0  00000-0 0 00000
2 74562 097.7030 144.3500 0008530 129.1600 292.4210 15.05149600000000
