1 74796U          19281.92569444  .00000000  00000-0  00000-0 0 00000
2 74796 097.6560 171.3000 0000000 000.0000 267.4290 15.01920000000000
1 74796U          19282.25416667  .00000000  00000-0  00000-0 0 00000
2 74796 097.6550 171.6240 0000000 000.0000 241.1790 15.01920000000000
1 74796U          19282.71111111  .00000000  00000-0  00000-0 0 00000
2 74796 097.6540 172.0740 0000000 000.0000 188.6800 15.01920000000000
1 74796U          19283.07152778  .00000000  00000-0  00000-0 0 00000
2 74796 097.6540 172.4300 0000000 000.0000 334.9300 15.01920000000000
1 74796U          19283.28055556  .00000000  00000-0  00000-0 0 00000
2 74796 097.6530 172.6360 0000000 000.0000 023.6800 15.01920000000000
1 74796U          19283.73472222  .00000000  00000-0  00000-0 0 00000
2 74796 097.6530 173.0830 0000000 000.0000 316.1800 15.01920000000000
1 74796U          19284.06041667  .00000000  00000-0  00000-0 0 00000
2 74796 097.6520 173.4040 0000000 000.0000 274.9300 15.01920000000000
1 74796U          19284.31944444  .00000000  00000-0  00000-0 0 00000
2 74796 097.6510 173.6600 0000000 000.0000 233.6800 15.01920000000000
1 74796U          19284.65416667  .00000000  00000-0  00000-0 0 00000
2 74796 097.6510 173.9900 0000000 000.0000 241.1800 15.01920000000000
1 74796U          19285.07708333  .00000000  00000-0  00000-0 0 00000
2 74796 097.6500 174.4060 0000000 000.0000 004.9300 15.01920000000000
1 74796U          19285.34583333  .00000000  00000-0  00000-0 0 00000
2 74796 097.6500 174.6710 0000000 000.0000 016.1800 15.01920000000000
1 74796U          19285.63472222  .00000000  00000-0  00000-0 0 00000
2 74796 097.6490 174.9560 0000000 000.0000 136.1800 15.01920000000000
1 74796U          19285.91875000  .00000000  00000-0  00000-0 0 00000
2 74796 097.6490 175.2360 0000000 000.0000 229.9300 15.01920000000000
1 74796U          19286.37916667  .00000000  00000-0  00000-0 0 00000
2 74796 097.6480 175.6900 0000000 000.0000 196.1800 15.01920000000000
1 74796U          19286.60208333  .00000000  00000-0  00000-0 0 00000
2 74796 097.6470 175.9090 0000000 000.0000 319.9300 15.01920000000000
1 74796U          19287.00972222  .00000000  00000-0  00000-0 0 00000
2 74796 097.6460 176.3110 0000000 000.0000 001.1810 15.01920000000000
1 74796U          19287.30625000  .00000000  00000-0  00000-0 0 00000
2 74796 097.6460 176.6040 0000000 000.0000 162.4310 15.01920000000000
1 74796U          19287.67291667  .00000000  00000-0  00000-0 0 00000
2 74796 097.6450 176.9650 0000000 000.0000 342.4310 15.01920000000000
1 74796U          19287.96041667  .00000000  00000-0  00000-0 0 00000
2 74796 097.6450 177.2480 0000000 000.0000 094.9310 15.01920000000000
1 74796U          19288.31527778  .00000000  00000-0  00000-0 0 00000
2 74796 097.6440 177.5980 0000000 000.0000 211.1810 15.01920000000000
1 74796U          19288.70277778  .00000000  00000-0  00000-0 0 00000
2 74796 097.6430 177.9800 0000000 000.0000 143.6810 15.01920000000000
1 74796U          19288.92152778  .00000000  00000-0  00000-0 0 00000
2 74796 097.6430 178.1960 0000000 000.0000 244.9310 15.01920000000000
1 74796U          19289.39097222  .00000000  00000-0  00000-0 0 00000
2 74796 097.6420 178.6580 0000000 000.0000 259.9310 15.01920000000000
1 74796U          19289.69097222  .00000000  00000-0  00000-0 0 00000
2 74796 097.6420 178.9540 0000000 000.0000 079.9310 15.01920000000000
1 74796U          19290.02222222  .00000000  00000-0  00000-0 0 00000
2 74796 097.6410 179.2800 0000000 000.0000 068.6810 15.01920000000000
1 74796U          19290.26597222  .00000000  00000-0  00000-0 0 00000
2 74796 097.6400 179.5210 0000000 000.0000 304.9310 15.01920000000000
1 74796U          19290.67638889  .00000000  00000-0  00000-0 0 00000
2 74796 097.6400 179.9250 0000000 000.0000 001.1810 15.01920000000000
1 74796U          19290.96736111  .00000000  00000-0  00000-0 0 00000
2 74796 097.6390 180.2120 0000000 000.0000 132.4310 15.01920000000000
1 74796U          19291.36319444  .00000000  00000-0  00000-0 0 00000
2 74796 097.6380 180.6020 0000000 000.0000 109.9310 15.01920000000000
1 74796U          19291.60277778  .00000000  00000-0  00000-0 0 00000
2 74796 097.6380 180.8380 0000000 000.0000 323.6810 15.01920000000000
1 74796U          19291.95555556  .00000000  00000-0  00000-0 0 00000
2 74796 097.6370 181.1860 0000000 000.0000 068.6810 15.01920000000000
1 74796U          19292.31875000  .00000000  00000-0  00000-0 0 00000
2 74796 097.6370 181.5440 0000000 000.0000 229.9310 15.01920000000000
1 74796U          19292.72708333  .00000000  00000-0  00000-0 0 00000
2 74796 097.6360 181.9460 0000000 000.0000 274.9310 15.01920000000000
1 74796U          19292.95069444  .00000000  00000-0  00000-0 0 00000
2 74796 097.6350 182.1670 0000000 000.0000 042.4310 15.01920000000000
1 74796U          19293.25069444  .00000000  00000-0  00000-0 0 00000
2 74796 097.6350 182.4620 0000000 000.0000 222.4310 15.01920000000000
1 74796U          19293.72777778  .00000000  00000-0  00000-0 0 00000
2 74796 097.6340 182.9330 0000000 000.0000 278.6810 15.01920000000000
1 74796U          19293.93125000  .00000000  00000-0  00000-0 0 00000
2 74796 097.6340 183.1330 0000000 000.0000 297.4310 15.01920000000000
1 74796U          19294.32638889  .00000000  00000-0  00000-0 0 00000
2 74796 097.6330 183.5230 0000000 000.0000 271.1810 15.01920000000000
1 74796U          19294.61388889  .00000000  00000-0  00000-0 0 00000
2 74796 097.6320 183.8060 0000000 000.0000 023.6810 15.01920000000000
1 74796U          19294.98819444  .00000000  00000-0  00000-0 0 00000
2 74796 097.6320 184.1750 0000000 000.0000 244.9310 15.01920000000000
1 74796U          19295.36180556  .00000000  00000-0  00000-0 0 00000
2 74796 097.6310 184.5430 0000000 000.0000 102.4310 15.01920000000000
1 74796U          19295.71805556  .00000000  00000-0  00000-0 0 00000
2 74796 097.6300 184.8940 0000000 000.0000 226.1810 15.01920000000000
1 74796U          19296.07361111  .00000000  00000-0  00000-0 0 00000
2 74796 097.6300 185.2450 0000000 000.0000 346.1810 15.01920000000000
1 74796U          19296.34444444  .00000000  00000-0  00000-0 0 00000
2 74796 097.6290 185.5120 0000000 000.0000 008.6810 15.01920000000000
1 74796U          19296.72986111  .00000000  00000-0  00000-0 0 00000
2 74796 097.6280 185.8910 0000000 000.0000 289.9300 15.01920000000000
1 74796U          19296.98680556  .00000000  00000-0  00000-0 0 00000
2 74796 097.6280 186.1450 0000000 000.0000 237.4300 15.01920000000000
1 74796U          19297.36458333  .00000000  00000-0  00000-0 0 00000
2 74796 097.6270 186.5170 0000000 000.0000 117.4300 15.01920000000000
1 74796U          19297.71875000  .00000000  00000-0  00000-0 0 00000
2 74796 097.6270 186.8660 0000000 000.0000 229.9300 15.01920000000000
1 74796U          19298.01944444  .00000000  00000-0  00000-0 0 00000
2 74796 097.6260 187.1620 0000000 000.0000 053.6800 15.01920000000000
1 74796U          19298.29722222  .00000000  00000-0  00000-0 0 00000
2 74796 097.6260 187.4360 0000000 000.0000 113.6800 15.01920000000000
1 74796U          19298.68263889  .00000000  00000-0  00000-0 0 00000
2 74796 097.6250 187.8160 0000000 000.0000 034.9300 15.01920000000000
1 74796U          19298.97361111  .00000000  00000-0  00000-0 0 00000
2 74796 097.6240 188.1030 0000000 000.0000 166.1800 15.01920000000000
1 74796U          19299.31944444  .00000000  00000-0  00000-0 0 00000
2 74796 097.6240 188.4440 0000000 000.0000 233.6800 15.01920000000000
1 74796U          19299.68541667  .00000000  00000-0  00000-0 0 00000
2 74796 097.6230 188.8040 0000000 000.0000 049.9300 15.01920000000000
1 74796U          19299.92083333  .00000000  00000-0  00000-0 0 00000
2 74796 097.6230 189.0360 0000000 000.0000 241.1800 15.01920000000000
1 74796U          19300.36250000  .00000000  00000-0  00000-0 0 00000
2 74796 097.6220 189.4720 0000000 000.0000 106.1800 15.01920000000000
1 74796U          19300.64513889  .00000000  00000-0  00000-0 0 00000
2 74796 097.6210 189.7500 0000000 000.0000 192.4300 15.01920000000000
1 74796U          19301.03819444  .00000000  00000-0  00000-0 0 00000
2 74796 097.6210 190.1380 0000000 000.0000 154.9290 15.01920000000000
1 74796U          19301.25000000  .00000000  00000-0  00000-0 0 00000
2 74796 097.6200 190.3460 0000000 000.0000 218.6790 15.01920000000000
1 74796U          19301.71805556  .00000000  00000-0  00000-0 0 00000
2 74796 097.6190 190.8080 0000000 000.0000 226.1790 15.01920000000000
1 74796U          19301.92013889  .00000000  00000-0  00000-0 0 00000
2 74796 097.6190 191.0070 0000000 000.0000 237.4290 15.01920000000000
1 74796U          19302.36180556  .00000000  00000-0  00000-0 0 00000
2 74796 097.6180 191.4420 0000000 000.0000 102.4290 15.01920000000000
1 74796U          19302.67777778  .00000000  00000-0  00000-0 0 00000
2 74796 097.6180 191.7540 0000000 000.0000 008.6790 15.01920000000000
1 74796U          19302.93750000  .00000000  00000-0  00000-0 0 00000
2 74796 097.6170 192.0090 0000000 000.0000 331.1790 15.01920000000000
1 74796U          19303.29722222  .00000000  00000-0  00000-0 0 00000
2 74796 097.6160 192.3640 0000000 000.0000 113.6790 15.01920000000000
1 74796U          19303.63263889  .00000000  00000-0  00000-0 0 00000
2 74796 097.6160 192.6950 0000000 000.0000 124.9290 15.01920000000000
1 74796U          19304.00138889  .00000000  00000-0  00000-0 0 00000
2 74796 097.6150 193.0580 0000000 000.0000 316.1780 15.01920000000000
1 74796U          19304.32013889  .00000000  00000-0  00000-0 0 00000
2 74796 097.6150 193.3720 0000000 000.0000 237.4280 15.01920000000000
1 74796U          19304.73472222  .00000000  00000-0  00000-0 0 00000
2 74796 097.6140 193.7810 0000000 000.0000 316.1780 15.01920000000000
1 74796U          19304.92916667  .00000000  00000-0  00000-0 0 00000
2 74796 097.6130 193.9720 0000000 000.0000 286.1780 15.01920000000000
1 74796U          19305.29791667  .00000000  00000-0  00000-0 0 00000
2 74796 097.6130 194.3360 0000000 000.0000 117.4280 15.01920000000000
1 74796U          19305.63194444  .00000000  00000-0  00000-0 0 00000
2 74796 097.6120 194.6650 0000000 000.0000 121.1780 15.01920000000000
1 74796U          19306.07777778  .00000000  00000-0  00000-0 0 00000
2 74796 097.6110 195.1040 0000000 000.0000 008.6780 15.01920000000000
1 74796U          19306.26180556  .00000000  00000-0  00000-0 0 00000
2 74796 097.6110 195.2860 0000000 000.0000 282.4270 15.01920000000000
1 74796U          19306.58402778  .00000000  00000-0  00000-0 0 00000
2 74796 097.6100 195.6030 0000000 000.0000 222.4270 15.01920000000000
1 74796U          19307.05000000  .00000000  00000-0  00000-0 0 00000
2 74796 097.6100 196.0630 0000000 000.0000 218.6770 15.01920000000000
1 74796U          19307.33680556  .00000000  00000-0  00000-0 0 00000
2 74796 097.6090 196.3450 0000000 000.0000 327.4270 15.01920000000000
1 74796U          19307.68402778  .00000000  00000-0  00000-0 0 00000
2 74796 097.6090 196.6870 0000000 000.0000 042.4270 15.01920000000000
1 74796U          19307.95069444  .00000000  00000-0  00000-0 0 00000
2 74796 097.6080 196.9500 0000000 000.0000 042.4270 15.01920000000000
1 74796U          19308.26250000  .00000000  00000-0  00000-0 0 00000
2 74796 097.6070 197.2580 0000000 000.0000 286.1760 15.01920000000000
1 74796U          19308.69791667  .00000000  00000-0  00000-0 0 00000
2 74796 097.6070 197.6870 0000000 000.0000 117.4260 15.01920000000000
1 74796U          19308.99513889  .00000000  00000-0  00000-0 0 00000
2 74796 097.6060 197.9800 0000000 000.0000 282.4260 15.01920000000000
1 74796U          19309.28402778  .00000000  00000-0  00000-0 0 00000
2 74796 097.6060 198.2640 0000000 000.0000 042.4260 15.01920000000000
1 74796U          19309.69097222  .00000000  00000-0  00000-0 0 00000
2 74796 097.6050 198.6650 0000000 000.0000 079.9260 15.01920000000000
1 74796U          19310.03680556  .00000000  00000-0  00000-0 0 00000
2 74796 097.6040 199.0060 0000000 000.0000 147.4250 15.01920000000000
1 74796U          19310.25347222  .00000000  00000-0  00000-0 0 00000
2 74796 097.6040 199.2200 0000000 000.0000 237.4250 15.01920000000000
1 74796U          19310.74722222  .00000000  00000-0  00000-0 0 00000
2 74796 097.6030 199.7060 0000000 000.0000 023.6750 15.01920000000000
1 74796U          19311.04375000  .00000000  00000-0  00000-0 0 00000
2 74796 097.6030 199.9980 0000000 000.0000 184.9250 15.01920000000000
1 74796U          19311.36111111  .00000000  00000-0  00000-0 0 00000
2 74796 097.6020 200.3110 0000000 000.0000 098.6750 15.01920000000000
1 74796U          19311.71180556  .00000000  00000-0  00000-0 0 00000
2 74796 097.6010 200.6570 0000000 000.0000 192.4240 15.01920000000000
1 74796U          19311.89583333  .00000000  00000-0  00000-0 0 00000
2 74796 097.6010 200.8380 0000000 000.0000 106.1740 15.01914300000000
1 74796U          19312.25347222  .00000000  00000-0  00000-0 0 00000
2 74796 097.6000 201.1910 0000000 000.0000 237.4240 15.01914300000000
1 74796U          19312.51458333  .00000000  00000-0  00000-0 0 00000
2 74796 097.6000 201.4480 0000000 000.0000 207.4240 15.01914300000000
1 74796U          19312.89652778  .00000000  00000-0  00000-0 0 00000
2 74796 097.5990 201.8240 0000000 000.0000 109.9240 15.01914300000000
1 74796U          19313.28194444  .00000000  00000-0  00000-0 0 00000
2 74796 097.5990 202.2040 0000000 000.0000 031.1730 15.01914300000000
1 74796U          19313.60486111  .00000000  00000-0  00000-0 0 00000
2 74796 097.5980 202.5230 0000000 000.0000 334.9230 15.01914300000000
1 74796U          19313.83888889  .00000000  00000-0  00000-0 0 00000
2 74796 097.5980 202.7530 0000000 000.0000 158.6730 15.01914300000000
1 74796U          19314.24861111  .00000000  00000-0  00000-0 0 00000
2 74796 097.5970 203.1570 0000000 000.0000 211.1730 15.01914300000000
1 74796U          19314.59861111  .00000000  00000-0  00000-0 0 00000
2 74796 097.5960 203.5020 0000000 000.0000 301.1720 15.01914300000000
1 74796U          19314.83888889  .00000000  00000-0  00000-0 0 00000
2 74796 097.5960 203.7390 0000000 000.0000 158.6720 15.01914300000000
1 74796U          19315.24027778  .00000000  00000-0  00000-0 0 00000
2 74796 097.5950 204.1340 0000000 000.0000 166.1720 15.01914300000000
1 74796U          19315.62708333  .00000000  00000-0  00000-0 0 00000
2 74796 097.5950 204.5150 0000000 000.0000 094.9220 15.01914300000000
1 74796U          19315.83472222  .00000000  00000-0  00000-0 0 00000
2 74796 097.5940 204.7200 0000000 000.0000 136.1720 15.01914300000000
1 74796U          19316.20486111  .00000000  00000-0  00000-0 0 00000
2 74796 097.5940 205.0850 0000000 000.0000 334.9210 15.01914300000000
1 74796U          19316.63402778  .00000000  00000-0  00000-0 0 00000
2 74796 097.5930 205.5080 0000000 000.0000 132.4210 15.01914300000000
1 74796U          19316.83819444  .00000000  00000-0  00000-0 0 00000
2 74796 097.5930 205.7090 0000000 000.0000 154.9210 15.01914300000000
1 74796U          19317.23680556  .00000000  00000-0  00000-0 0 00000
2 74796 097.5920 206.1020 0000000 000.0000 147.4200 15.01914300000000
1 74796U          19317.48888889  .00000000  00000-0  00000-0 0 00000
2 74796 097.5920 206.3500 0000000 000.0000 068.6700 15.01914300000000
1 74796U          19317.86319444  .00000000  00000-0  00000-0 0 00000
2 74796 097.5910 206.7190 0000000 000.0000 289.9200 15.01914300000000
1 74796U          19318.19652778  .00000000  00000-0  00000-0 0 00000
2 74796 097.5900 207.0480 0000000 000.0000 289.9200 15.01914300000000
1 74796U          19318.62847222  .00000000  00000-0  00000-0 0 00000
2 74796 097.5900 207.4730 0000000 000.0000 102.4190 15.01914300000000
1 74796U          19318.89583333  .00000000  00000-0  00000-0 0 00000
2 74796 097.5890 207.7370 0000000 000.0000 106.1690 15.01914300000000
1 74796U          19318.96180556  .00000000  00000-0  00000-0 0 00000
2 74796 097.5890 207.8020 0000000 000.0000 102.4190 15.01914300000000
1 74796U          19319.20416667  .00000000  00000-0  00000-0 0 00000
2 74796 097.5890 208.0410 0000000 000.0000 331.1690 15.01914300000000
1 74796U          19319.58680556  .00000000  00000-0  00000-0 0 00000
2 74796 097.5880 208.4180 0000000 000.0000 237.4190 15.01914300000000
1 74796U          19319.90277778  .00000000  00000-0  00000-0 0 00000
2 74796 097.5880 208.7290 0000000 000.0000 143.6680 15.01914300000000
1 74796U          19320.30000000  .00000000  00000-0  00000-0 0 00000
2 74796 097.5870 209.1210 0000000 000.0000 128.6680 15.01914300000000
1 74796U          19320.57777778  .00000000  00000-0  00000-0 0 00000
2 74796 097.5870 209.3940 0000000 000.0000 188.6680 15.01914300000000
1 74796U          19320.83958333  .00000000  00000-0  00000-0 0 00000
2 74796 097.5860 209.6520 0000000 000.0000 162.4170 15.01914300000000
1 74796U          19321.26250000  .00000000  00000-0  00000-0 0 00000
2 74796 097.5850 210.0690 0000000 000.0000 286.1670 15.01914300000000
1 74796U          19321.64444444  .00000000  00000-0  00000-0 0 00000
2 74796 097.5850 210.4450 0000000 000.0000 188.6670 15.01914300000000
1 74796U          19321.84791667  .00000000  00000-0  00000-0 0 00000
2 74796 097.5850 210.6460 0000000 000.0000 207.4170 15.01914300000000
1 74796U          19322.29305556  .00000000  00000-0  00000-0 0 00000
2 74796 097.5840 211.0850 0000000 000.0000 091.1660 15.01914300000000
1 74796U          19322.60694444  .00000000  00000-0  00000-0 0 00000
2 74796 097.5830 211.3940 0000000 000.0000 346.1660 15.01914300000000
1 74796U          19322.83125000  .00000000  00000-0  00000-0 0 00000
2 74796 097.5830 211.6150 0000000 000.0000 117.4160 15.01914300000000
1 74796U          19323.18750000  .00000000  00000-0  00000-0 0 00000
2 74796 097.5820 211.9660 0000000 000.0000 241.1650 15.01914300000000
1 74796U          19323.61944444  .00000000  00000-0  00000-0 0 00000
2 74796 097.5820 212.3920 0000000 000.0000 053.6650 15.01914300000000
1 74796U          19323.92916667  .00000000  00000-0  00000-0 0 00000
2 74796 097.5810 212.6970 0000000 000.0000 286.1650 15.01914300000000
1 74796U          19324.23958333  .00000000  00000-0  00000-0 0 00000
2 74796 097.5810 213.0030 0000000 000.0000 162.4140 15.01914300000000
1 74796U          19324.50069444  .00000000  00000-0  00000-0 0 00000
2 74796 097.5800 213.2600 0000000 000.0000 132.4140 15.01914300000000
1 74796U          19324.85555556  .00000000  00000-0  00000-0 0 00000
2 74796 097.5800 213.6100 0000000 000.0000 248.6640 15.01914300000000
1 74796U          19325.15347222  .00000000  00000-0  00000-0 0 00000
2 74796 097.5790 213.9040 0000000 000.0000 057.4130 15.01914300000000
1 74796U          19325.52361111  .00000000  00000-0  00000-0 0 00000
2 74796 097.5790 214.2680 0000000 000.0000 256.1630 15.01914300000000
1 74796U          19325.89583333  .00000000  00000-0  00000-0 0 00000
2 74796 097.5780 214.6350 0000000 000.0000 106.1630 15.01914300000000
1 74796U          19325.94513889  .00000000  00000-0  00000-0 0 00000
2 74796 097.5780 214.6840 0000000 000.0000 012.4120 15.01914300000000
1 74796U          19326.23611111  .00000000  00000-0  00000-0 0 00000
2 74796 097.5780 214.9700 0000000 000.0000 143.6620 15.01914300000000
1 74796U          19326.59722222  .00000000  00000-0  00000-0 0 00000
2 74796 097.5770 215.3260 0000000 000.0000 293.6620 15.01914300000000
1 74796U          19326.90069444  .00000000  00000-0  00000-0 0 00000
2 74796 097.5770 215.6250 0000000 000.0000 132.4110 15.01914300000000
1 74796U          19327.27222222  .00000000  00000-0  00000-0 0 00000
2 74796 097.5760 215.9910 0000000 000.0000 338.6610 15.01914300000000
1 74796U          19327.58750000  .00000000  00000-0  00000-0 0 00000
2 74796 097.5760 216.3020 0000000 000.0000 241.1610 15.01914300000000
1 74796U          19327.82013889  .00000000  00000-0  00000-0 0 00000
2 74796 097.5750 216.5310 0000000 000.0000 057.4100 15.01914300000000
1 74796U          19328.19305556  .00000000  00000-0  00000-0 0 00000
2 74796 097.5750 216.8990 0000000 000.0000 271.1600 15.01914300000000
1 74796U          19328.61944444  .00000000  00000-0  00000-0 0 00000
2 74796 097.5740 217.3190 0000000 000.0000 053.6600 15.01914300000000
1 74796U          19328.89027778  .00000000  00000-0  00000-0 0 00000
2 74796 097.5740 217.5860 0000000 000.0000 076.1590 15.01914300000000
1 74796U          19329.17916667  .00000000  00000-0  00000-0 0 00000
2 74796 097.5730 217.8710 0000000 000.0000 196.1590 15.01914300000000
1 74796U          19329.64305556  .00000000  00000-0  00000-0 0 00000
2 74796 097.5730 218.3280 0000000 000.0000 181.1580 15.01914300000000
1 74796U          19329.86597222  .00000000  00000-0  00000-0 0 00000
2 74796 097.5720 218.5480 0000000 000.0000 304.9080 15.01914300000000
1 74796U          19330.26527778  .00000000  00000-0  00000-0 0 00000
2 74796 097.5720 218.9410 0000000 000.0000 301.1580 15.01914300000000
1 74796U          19330.49722222  .00000000  00000-0  00000-0 0 00000
2 74796 097.5710 219.1700 0000000 000.0000 113.6570 15.01914300000000
1 74796U          19330.81736111  .00000000  00000-0  00000-0 0 00000
2 74796 097.5710 219.4850 0000000 000.0000 042.4070 15.01914300000000
1 74796U          19331.16597222  .00000000  00000-0  00000-0 0 00000
2 74796 097.5700 219.8290 0000000 000.0000 124.9070 15.01914300000000
1 74796U          19331.49097222  .00000000  00000-0  00000-0 0 00000
2 74796 097.5700 220.1490 0000000 000.0000 079.9060 15.01914300000000
1 74796U          19331.94305556  .00000000  00000-0  00000-0 0 00000
2 74796 097.5690 220.5940 0000000 000.0000 001.1560 15.01914300000000
1 74796U          19332.28055556  .00000000  00000-0  00000-0 0 00000
2 74796 097.5690 220.9270 0000000 000.0000 023.6550 15.01914300000000
1 74796U          19332.63194444  .00000000  00000-0  00000-0 0 00000
2 74796 097.5680 221.2730 0000000 000.0000 121.1550 15.01914300000000
1 74796U          19332.82361111  .00000000  00000-0  00000-0 0 00000
2 74796 097.5680 221.4620 0000000 000.0000 076.1550 15.01914300000000
