1 74866U          19282.01250000  .00000000  00000-0  00000-0 0 00000
2 74866 097.7010 145.6690 0000000 000.0000 204.7330 00.06258000000000
1 74866U          19282.29861111  .00000000  00000-0  00000-0 0 00000
2 74866 097.7000 145.9510 0000000 000.0000 309.7340 00.06258000000000
1 74866U          19282.64583333  .00000000  00000-0  00000-0 0 00000
2 74866 097.7000 146.2940 0000000 000.0000 024.7340 00.06258000000000
1 74866U          19282.97083333  .00000000  00000-0  00000-0 0 00000
2 74866 097.6990 146.6140 0000000 000.0000 339.7340 00.06258000000000
1 74866U          19283.25416667  .00000000  00000-0  00000-0 0 00000
2 74866 097.6990 146.8930 0000000 000.0000 069.7350 00.06258000000000
1 74866U          19283.68680556  .00000000  00000-0  00000-0 0 00000
2 74866 097.6980 147.3200 0000000 000.0000 245.9850 00.06258000000000
1 74866U          19284.01736111  .00000000  00000-0  00000-0 0 00000
2 74866 097.6970 147.6460 0000000 000.0000 230.9850 00.06258000000000
1 74866U          19284.36666667  .00000000  00000-0  00000-0 0 00000
2 74866 097.6970 147.9900 0000000 000.0000 317.2360 00.06258000000000
1 74866U          19284.72916667  .00000000  00000-0  00000-0 0 00000
2 74866 097.6960 148.3470 0000000 000.0000 114.7360 00.06258000000000
1 74866U          19285.01736111  .00000000  00000-0  00000-0 0 00000
2 74866 097.6960 148.6310 0000000 000.0000 230.9860 00.06258000000000
1 74866U          19285.31666667  .00000000  00000-0  00000-0 0 00000
2 74866 097.6950 148.9260 0000000 000.0000 047.2370 00.06258000000000
1 74866U          19285.64027778  .00000000  00000-0  00000-0 0 00000
2 74866 097.6950 149.2450 0000000 000.0000 354.7370 00.06258000000000
1 74866U          19286.03819444  .00000000  00000-0  00000-0 0 00000
2 74866 097.6940 149.6380 0000000 000.0000 343.4870 00.06258000000000
1 74866U          19286.32291667  .00000000  00000-0  00000-0 0 00000
2 74866 097.6940 149.9180 0000000 000.0000 080.9880 00.06258000000000
1 74866U          19286.63819444  .00000000  00000-0  00000-0 0 00000
2 74866 097.6930 150.2290 0000000 000.0000 343.4880 00.06258000000000
1 74866U          19287.04513889  .00000000  00000-0  00000-0 0 00000
2 74866 097.6930 150.6300 0000000 000.0000 020.9880 00.06258000000000
1 74866U          19287.38055556  .00000000  00000-0  00000-0 0 00000
2 74866 097.6920 150.9610 0000000 000.0000 032.2390 00.06258000000000
1 74866U          19287.61458333  .00000000  00000-0  00000-0 0 00000
2 74866 097.6920 151.1910 0000000 000.0000 215.9890 00.06258000000000
1 74866U          19288.02430556  .00000000  00000-0  00000-0 0 00000
2 74866 097.6910 151.5950 0000000 000.0000 268.4890 00.06258000000000
1 74866U          19288.26597222  .00000000  00000-0  00000-0 0 00000
2 74866 097.6910 151.8340 0000000 000.0000 133.4900 00.06258000000000
1 74866U          19288.67847222  .00000000  00000-0  00000-0 0 00000
2 74866 097.6900 152.2400 0000000 000.0000 200.9900 00.06258000000000
1 74866U          19288.99513889  .00000000  00000-0  00000-0 0 00000
2 74866 097.6890 152.5520 0000000 000.0000 110.9900 00.06258000000000
1 74866U          19289.35138889  .00000000  00000-0  00000-0 0 00000
2 74866 097.6890 152.9030 0000000 000.0000 234.7410 00.06258000000000
1 74866U          19289.64513889  .00000000  00000-0  00000-0 0 00000
2 74866 097.6880 153.1930 0000000 000.0000 020.9910 00.06258000000000
1 74866U          19290.07638889  .00000000  00000-0  00000-0 0 00000
2 74866 097.6880 153.6180 0000000 000.0000 189.7410 00.06258000000000
1 74866U          19290.34097222  .00000000  00000-0  00000-0 0 00000
2 74866 097.6870 153.8790 0000000 000.0000 178.4910 00.06258000000000
1 74866U          19290.66250000  .00000000  00000-0  00000-0 0 00000
2 74866 097.6870 154.1960 0000000 000.0000 114.7420 00.06258000000000
1 74866U          19291.05069444  .00000000  00000-0  00000-0 0 00000
2 74866 097.6860 154.5780 0000000 000.0000 050.9920 00.06258000000000
1 74866U          19291.33888889  .00000000  00000-0  00000-0 0 00000
2 74866 097.6860 154.8630 0000000 000.0000 167.2420 00.06258000000000
1 74866U          19291.59652778  .00000000  00000-0  00000-0 0 00000
2 74866 097.6850 155.1170 0000000 000.0000 118.4920 00.06258000000000
1 74866U          19291.94513889  .00000000  00000-0  00000-0 0 00000
2 74866 097.6840 155.4600 0000000 000.0000 200.9930 00.06258000000000
1 74866U          19292.26458333  .00000000  00000-0  00000-0 0 00000
2 74866 097.6840 155.7750 0000000 000.0000 125.9930 00.06258000000000
1 74866U          19292.72638889  .00000000  00000-0  00000-0 0 00000
2 74866 097.6830 156.2300 0000000 000.0000 099.7430 00.06258000000000
1 74866U          19292.95763889  .00000000  00000-0  00000-0 0 00000
2 74866 097.6830 156.4580 0000000 000.0000 268.4940 00.06258000000000
1 74866U          19293.31388889  .00000000  00000-0  00000-0 0 00000
2 74866 097.6820 156.8090 0000000 000.0000 032.2440 00.06258000000000
1 74866U          19293.62847222  .00000000  00000-0  00000-0 0 00000
2 74866 097.6820 157.1190 0000000 000.0000 290.9940 00.06258000000000
1 74866U          19293.93819444  .00000000  00000-0  00000-0 0 00000
2 74866 097.6810 157.4250 0000000 000.0000 163.4940 00.06258000000000
1 74866U          19294.39652778  .00000000  00000-0  00000-0 0 00000
2 74866 097.6800 157.8760 0000000 000.0000 118.4950 00.06258000000000
1 74866U          19294.69513889  .00000000  00000-0  00000-0 0 00000
2 74866 097.6800 158.1710 0000000 000.0000 290.9950 00.06258000000000
1 74866U          19295.01527778  .00000000  00000-0  00000-0 0 00000
2 74866 097.6790 158.4860 0000000 000.0000 219.7450 00.06258000000000
1 74866U          19295.33472222  .00000000  00000-0  00000-0 0 00000
2 74866 097.6790 158.8010 0000000 000.0000 144.7450 00.06258000000000
1 74866U          19295.72777778  .00000000  00000-0  00000-0 0 00000
2 74866 097.6780 159.1890 0000000 000.0000 107.2460 00.06258000000000
1 74866U          19296.03750000  .00000000  00000-0  00000-0 0 00000
2 74866 097.6770 159.4940 0000000 000.0000 339.7460 00.06258000000000
1 74866U          19296.38402778  .00000000  00000-0  00000-0 0 00000
2 74866 097.6770 159.8360 0000000 000.0000 050.9960 00.06258000000000
1 74866U          19296.71319444  .00000000  00000-0  00000-0 0 00000
2 74866 097.6760 160.1600 0000000 000.0000 028.4960 00.06258000000000
1 74866U          19296.96458333  .00000000  00000-0  00000-0 0 00000
2 74866 097.6760 160.4080 0000000 000.0000 305.9960 00.06258000000000
1 74866U          19297.39583333  .00000000  00000-0  00000-0 0 00000
2 74866 097.6750 160.8330 0000000 000.0000 114.7470 00.06258000000000
1 74866U          19297.69375000  .00000000  00000-0  00000-0 0 00000
2 74866 097.6750 161.1270 0000000 000.0000 283.4970 00.06258000000000
1 74866U          19297.98472222  .00000000  00000-0  00000-0 0 00000
2 74866 097.6740 161.4130 0000000 000.0000 054.7470 00.06258000000000
1 74866U          19298.25277778  .00000000  00000-0  00000-0 0 00000
2 74866 097.6740 161.6780 0000000 000.0000 062.2470 00.06258000000000
1 74866U          19298.74930556  .00000000  00000-0  00000-0 0 00000
2 74866 097.6730 162.1670 0000000 000.0000 223.4980 00.06258000000000
1 74866U          19299.04305556  .00000000  00000-0  00000-0 0 00000
2 74866 097.6720 162.4570 0000000 000.0000 009.7480 00.06258000000000
1 74866U          19299.35763889  .00000000  00000-0  00000-0 0 00000
2 74866 097.6720 162.7670 0000000 000.0000 268.4980 00.06258000000000
1 74866U          19299.67291667  .00000000  00000-0  00000-0 0 00000
2 74866 097.6710 163.0770 0000000 000.0000 170.9980 00.06258000000000
1 74866U          19300.04722222  .00000000  00000-0  00000-0 0 00000
2 74866 097.6700 163.4460 0000000 000.0000 032.2480 00.06258000000000
1 74866U          19300.39305556  .00000000  00000-0  00000-0 0 00000
2 74866 097.6700 163.7870 0000000 000.0000 099.7490 00.06258000000000
1 74866U          19300.67083333  .00000000  00000-0  00000-0 0 00000
2 74866 097.6690 164.0610 0000000 000.0000 159.7490 00.06258000000000
1 74866U          19301.01041667  .00000000  00000-0  00000-0 0 00000
2 74866 097.6690 164.3960 0000000 000.0000 193.4990 00.06258000000000
1 74866U          19301.27708333  .00000000  00000-0  00000-0 0 00000
2 74866 097.6680 164.6590 0000000 000.0000 193.4990 00.06258000000000
1 74866U          19301.61805556  .00000000  00000-0  00000-0 0 00000
2 74866 097.6680 164.9950 0000000 000.0000 234.7490 00.06258000000000
1 74866U          19301.93125000  .00000000  00000-0  00000-0 0 00000
2 74866 097.6670 165.3030 0000000 000.0000 125.9990 00.06258000000000
1 74866U          19302.37777778  .00000000  00000-0  00000-0 0 00000
2 74866 097.6660 165.7430 0000000 000.0000 017.2500 00.06258000000000
1 74866U          19302.73263889  .00000000  00000-0  00000-0 0 00000
2 74866 097.6660 166.0930 0000000 000.0000 133.5000 00.06258000000000
1 74866U          19303.04652778  .00000000  00000-0  00000-0 0 00000
2 74866 097.6650 166.4030 0000000 000.0000 028.5000 00.06258000000000
1 74866U          19303.28819444  .00000000  00000-0  00000-0 0 00000
2 74866 097.6650 166.6410 0000000 000.0000 253.5000 00.06258000000000
1 74866U          19303.71805556  .00000000  00000-0  00000-0 0 00000
2 74866 097.6640 167.0650 0000000 000.0000 054.7500 00.06258000000000
1 74866U          19304.06875000  .00000000  00000-0  00000-0 0 00000
2 74866 097.6630 167.4100 0000000 000.0000 148.5000 00.06258000000000
1 74866U          19304.26736111  .00000000  00000-0  00000-0 0 00000
2 74866 097.6630 167.6060 0000000 000.0000 141.0000 00.06258000000000
1 74866U          19304.68333333  .00000000  00000-0  00000-0 0 00000
2 74866 097.6620 168.0160 0000000 000.0000 227.2510 00.06258000000000
1 74866U          19305.03402778  .00000000  00000-0  00000-0 0 00000
2 74866 097.6610 168.3620 0000000 000.0000 321.0010 00.06258000000000
1 74866U          19305.34861111  .00000000  00000-0  00000-0 0 00000
2 74866 097.6610 168.6720 0000000 000.0000 219.7510 00.06258000000000
1 74866U          19305.74652778  .00000000  00000-0  00000-0 0 00000
2 74866 097.6600 169.0640 0000000 000.0000 208.5010 00.06258000000000
1 74866U          19305.93194444  .00000000  00000-0  00000-0 0 00000
2 74866 097.6600 169.2470 0000000 000.0000 129.7510 00.06258000000000
1 74866U          19306.34236111  .00000000  00000-0  00000-0 0 00000
2 74866 097.6590 169.6510 0000000 000.0000 186.0010 00.06258000000000
1 74866U          19306.64722222  .00000000  00000-0  00000-0 0 00000
2 74866 097.6580 169.9520 0000000 000.0000 032.2510 00.06258000000000
1 74866U          19307.02916667  .00000000  00000-0  00000-0 0 00000
2 74866 097.6580 170.3280 0000000 000.0000 294.7510 00.06258000000000
1 74866U          19307.29513889  .00000000  00000-0  00000-0 0 00000
2 74866 097.6570 170.5900 0000000 000.0000 291.0020 00.06258000000000
1 74866U          19307.63472222  .00000000  00000-0  00000-0 0 00000
2 74866 097.6570 170.9250 0000000 000.0000 324.7520 00.06258000000000
1 74866U          19308.02708333  .00000000  00000-0  00000-0 0 00000
2 74866 097.6560 171.3120 0000000 000.0000 283.5020 00.06258000000000
1 74866U          19308.29097222  .00000000  00000-0  00000-0 0 00000
2 74866 097.6550 171.5720 0000000 000.0000 268.5020 00.06258000000000
1 74866U          19308.74861111  .00000000  00000-0  00000-0 0 00000
2 74866 097.6550 172.0230 0000000 000.0000 219.7520 00.06258000000000
1 74866U          19309.08333333  .00000000  00000-0  00000-0 0 00000
2 74866 097.6540 172.3530 0000000 000.0000 227.2520 00.06258000000000
1 74866U          19309.38333333  .00000000  00000-0  00000-0 0 00000
2 74866 097.6530 172.6490 0000000 000.0000 047.2520 00.06258000000000
1 74866U          19309.65138889  .00000000  00000-0  00000-0 0 00000
2 74866 097.6530 172.9130 0000000 000.0000 054.7520 00.06258000000000
1 74866U          19310.02847222  .00000000  00000-0  00000-0 0 00000
2 74866 097.6520 173.2840 0000000 000.0000 291.0020 00.06258000000000
1 74866U          19310.25625000  .00000000  00000-0  00000-0 0 00000
2 74866 097.6520 173.5090 0000000 000.0000 081.0020 00.06258000000000
1 74866U          19310.64722222  .00000000  00000-0  00000-0 0 00000
2 74866 097.6510 173.8940 0000000 000.0000 032.2530 00.06258000000000
1 74866U          19310.97222222  .00000000  00000-0  00000-0 0 00000
2 74866 097.6500 174.2150 0000000 000.0000 347.2530 00.06258000000000
1 74866U          19311.32500000  .00000000  00000-0  00000-0 0 00000
2 74866 097.6500 174.5620 0000000 000.0000 092.2530 00.06258000000000
1 74866U          19311.65486111  .00000000  00000-0  00000-0 0 00000
2 74866 097.6490 174.8870 0000000 000.0000 073.5030 00.06258000000000
1 74866U          19311.97222222  .00000000  00000-0  00000-0 0 00000
2 74866 097.6490 175.2000 0000000 000.0000 347.2530 15.01914300000000
1 74866U          19312.23055556  .00000000  00000-0  00000-0 0 00000
2 74866 097.6480 175.4550 0000000 000.0000 302.2530 15.01914300000000
1 74866U          19312.47986111  .00000000  00000-0  00000-0 0 00000
2 74866 097.6480 175.7010 0000000 000.0000 208.5030 15.01914300000000
1 74866U          19312.88055556  .00000000  00000-0  00000-0 0 00000
2 74866 097.6470 176.0950 0000000 000.0000 212.2530 15.01914300000000
1 74866U          19313.23819444  .00000000  00000-0  00000-0 0 00000
2 74866 097.6460 176.4480 0000000 000.0000 343.5030 15.01914300000000
1 74866U          19313.48263889  .00000000  00000-0  00000-0 0 00000
2 74866 097.6460 176.6890 0000000 000.0000 223.5030 15.01914300000000
1 74866U          19313.97916667  .00000000  00000-0  00000-0 0 00000
2 74866 097.6450 177.1780 0000000 000.0000 024.7530 15.01914300000000
1 74866U          19314.22361111  .00000000  00000-0  00000-0 0 00000
2 74866 097.6440 177.4190 0000000 000.0000 264.7530 15.01914300000000
1 74866U          19314.49930556  .00000000  00000-0  00000-0 0 00000
2 74866 097.6440 177.6910 0000000 000.0000 313.5030 15.01914300000000
1 74866U          19314.89166667  .00000000  00000-0  00000-0 0 00000
2 74866 097.6430 178.0780 0000000 000.0000 272.2530 15.01914300000000
1 74866U          19315.29236111  .00000000  00000-0  00000-0 0 00000
2 74866 097.6420 178.4730 0000000 000.0000 276.0030 15.01914300000000
1 74866U          19315.61527778  .00000000  00000-0  00000-0 0 00000
2 74866 097.6420 178.7910 0000000 000.0000 219.7530 15.01914300000000
1 74866U          19315.82152778  .00000000  00000-0  00000-0 0 00000
2 74866 097.6410 178.9940 0000000 000.0000 253.5030 15.01914300000000
1 74866U          19316.18958333  .00000000  00000-0  00000-0 0 00000
2 74866 097.6410 179.3570 0000000 000.0000 081.0030 15.01914300000000
1 74866U          19316.50763889  .00000000  00000-0  00000-0 0 00000
2 74866 097.6400 179.6700 0000000 000.0000 358.5030 15.01914300000000
1 74866U          19316.81666667  .00000000  00000-0  00000-0 0 00000
2 74866 097.6400 179.9750 0000000 000.0000 227.2530 15.01914300000000
1 74866U          19317.17013889  .00000000  00000-0  00000-0 0 00000
2 74866 097.6390 180.3230 0000000 000.0000 336.0030 15.01914300000000
1 74866U          19317.55902778  .00000000  00000-0  00000-0 0 00000
2 74866 097.6380 180.7070 0000000 000.0000 276.0030 15.01914300000000
1 74866U          19317.97708333  .00000000  00000-0  00000-0 0 00000
2 74866 097.6370 181.1190 0000000 000.0000 013.5030 15.01914300000000
1 74866U          19318.24027778  .00000000  00000-0  00000-0 0 00000
2 74866 097.6370 181.3780 0000000 000.0000 354.7530 15.01914300000000
1 74866U          19318.62291667  .00000000  00000-0  00000-0 0 00000
2 74866 097.6360 181.7550 0000000 000.0000 261.0030 15.01914300000000
1 74866U          19318.89583333  .00000000  00000-0  00000-0 0 00000
2 74866 097.6360 182.0240 0000000 000.0000 294.7530 15.01914300000000
1 74866U          19318.89583333  .00000000  00000-0  00000-0 0 00000
2 74866 097.6360 182.0240 0000000 000.0000 294.7530 15.01914300000000
1 74866U          19319.20138889  .00000000  00000-0  00000-0 0 00000
2 74866 097.6350 182.3250 0000000 000.0000 144.7530 15.01914300000000
1 74866U          19319.51805556  .00000000  00000-0  00000-0 0 00000
2 74866 097.6350 182.6370 0000000 000.0000 054.7530 15.01914300000000
1 74866U          19319.82430556  .00000000  00000-0  00000-0 0 00000
2 74866 097.6340 182.9390 0000000 000.0000 268.5030 15.01914300000000
1 74866U          19320.26041667  .00000000  00000-0  00000-0 0 00000
2 74866 097.6330 183.3690 0000000 000.0000 103.5030 15.01914300000000
1 74866U          19320.54375000  .00000000  00000-0  00000-0 0 00000
2 74866 097.6330 183.6480 0000000 000.0000 193.5030 15.01914300000000
1 74866U          19320.96527778  .00000000  00000-0  00000-0 0 00000
2 74866 097.6320 184.0640 0000000 000.0000 309.7530 15.01914300000000
1 74866U          19321.23333333  .00000000  00000-0  00000-0 0 00000
2 74866 097.6310 184.3280 0000000 000.0000 317.2530 15.01914300000000
1 74866U          19321.57152778  .00000000  00000-0  00000-0 0 00000
2 74866 097.6310 184.6610 0000000 000.0000 343.5030 15.01914300000000
1 74866U          19321.83055556  .00000000  00000-0  00000-0 0 00000
2 74866 097.6300 184.9170 0000000 000.0000 302.2530 15.01914300000000
1 74866U          19322.16944444  .00000000  00000-0  00000-0 0 00000
2 74866 097.6300 185.2510 0000000 000.0000 332.2530 15.01914300000000
1 74866U          19322.57569444  .00000000  00000-0  00000-0 0 00000
2 74866 097.6290 185.6510 0000000 000.0000 006.0030 15.01914300000000
1 74866U          19322.95277778  .00000000  00000-0  00000-0 0 00000
2 74866 097.6280 186.0230 0000000 000.0000 242.2530 15.01914300000000
1 74866U          19323.20625000  .00000000  00000-0  00000-0 0 00000
2 74866 097.6280 186.2730 0000000 000.0000 171.0030 15.01914300000000
1 74866U          19323.49513889  .00000000  00000-0  00000-0 0 00000
2 74866 097.6270 186.5570 0000000 000.0000 291.0030 15.01914300000000
1 74866U          19323.88333333  .00000000  00000-0  00000-0 0 00000
2 74866 097.6260 186.9400 0000000 000.0000 227.2530 15.01914300000000
1 74866U          19324.25972222  .00000000  00000-0  00000-0 0 00000
2 74866 097.6260 187.3110 0000000 000.0000 099.7530 15.01914300000000
1 74866U          19324.51180556  .00000000  00000-0  00000-0 0 00000
2 74866 097.6250 187.5590 0000000 000.0000 021.0030 15.01914300000000
1 74866U          19324.88402778  .00000000  00000-0  00000-0 0 00000
2 74866 097.6250 187.9260 0000000 000.0000 231.0020 15.01914300000000
1 74866U          19325.30972222  .00000000  00000-0  00000-0 0 00000
2 74866 097.6240 188.3460 0000000 000.0000 009.7520 15.01914300000000
1 74866U          19325.58055556  .00000000  00000-0  00000-0 0 00000
2 74866 097.6230 188.6130 0000000 000.0000 032.2520 15.01914300000000
1 74866U          19325.88541667  .00000000  00000-0  00000-0 0 00000
2 74866 097.6230 188.9130 0000000 000.0000 238.5020 15.01914300000000
1 74866U          19325.95694444  .00000000  00000-0  00000-0 0 00000
2 74866 097.6220 188.9710 2002220 144.8570 085.3840 10.71414000000000
1 74866U          19326.18402778  .00000000  00000-0  00000-0 0 00000
2 74866 097.6150 189.0750 2001429 144.7260 239.8210 10.69314100000000
1 74866U          19326.60000000  .00000000  00000-0  00000-0 0 00000
2 74866 097.6140 189.2810 2000869 144.1410 041.9410 10.69247600000000
1 74866U          19326.88958333  .00000000  00000-0  00000-0 0 00000
2 74866 097.6200 189.4220 2000260 143.3450 077.6550 10.71237100000000
1 74866U          19327.15763889  .00000000  00000-0  00000-0 0 00000
2 74866 097.6120 189.5530 2005250 143.2450 029.7820 10.68432000000000
1 74866U          19327.56736111  .00000000  00000-0  00000-0 0 00000
2 74866 097.6160 189.7520 2005910 142.5050 167.9670 10.70209800000000
1 74866U          19327.81805556  .00000000  00000-0  00000-0 0 00000
2 74866 097.6160 189.8700 1998600 142.0320 053.6880 10.69997800000000
1 74866U          19328.16805556  .00000000  00000-0  00000-0 0 00000
2 74866 097.6190 190.0360 1993050 141.8300 321.4230 10.72730000000000
1 74866U          19328.50069444  .00000000  00000-0  00000-0 0 00000
2 74866 097.6160 190.2040 2007000 140.9450 162.9530 10.70355500000000
1 74866U          19328.94722222  .00000000  00000-0  00000-0 0 00000
2 74866 097.6180 190.4180 2001650 139.9350 083.1780 10.71234200000000
1 74866U          19329.28263889  .00000000  00000-0  00000-0 0 00000
2 74866 097.6160 190.5720 2004450 139.8560 294.6850 10.70808700000000
1 74866U          19329.50625000  .00000000  00000-0  00000-0 0 00000
2 74866 097.6150 190.6880 2000330 139.0510 076.3820 10.71025400000000
1 74866U          19329.83472222  .00000000  00000-0  00000-0 0 00000
2 74866 097.6120 190.8400 2003700 138.6890 261.4100 10.69396600000000
1 74866U          19330.30972222  .00000000  00000-0  00000-0 0 00000
2 74866 097.6140 191.0690 2005319 138.1040 290.8130 10.70462500000000
1 74866U          19330.54791667  .00000000  00000-0  00000-0 0 00000
2 74866 097.6150 191.1950 2009530 137.3910 128.5280 10.71073800000000
1 74866U          19330.85069444  .00000000  00000-0  00000-0 0 00000
2 74866 097.6110 191.3380 2001530 137.0560 214.5940 10.69540800000000
1 74866U          19331.16180556  .00000000  00000-0  00000-0 0 00000
2 74866 097.6150 191.4880 1989460 136.7750 332.6960 10.73014400000000
1 74866U          19331.60208333  .00000000  00000-0  00000-0 0 00000
2 74866 097.6070 191.7010 2001410 135.7870 228.8000 10.69372400000000
1 74866U          19331.94166667  .00000000  00000-0  00000-0 0 00000
2 74866 097.6140 191.8680 2004930 134.9720 097.0480 10.71275300000000
1 74866U          19332.15555556  .00000000  00000-0  00000-0 0 00000
2 74866 097.6080 191.9710 2003460 134.9280 200.5600 10.69814000000000
1 74866U          19332.61666667  .00000000  00000-0  00000-0 0 00000
2 74866 097.6090 192.1970 2006990 134.1540 176.6530 10.70274600000000
1 74866U          19332.89583333  .00000000  00000-0  00000-0 0 00000
2 74866 097.6110 192.3310 2007640 133.6800 171.9450 10.70387700000000
