1 74906U          19282.00486111  .00000000  00000-0  00000-0 0 00000
2 74906 097.7140 42.7820 0000000 000.0000 341.5990 15.01920000000000
1 74906U          19282.26597222  .00000000  00000-0  00000-0 0 00000
2 74906 097.7140 43.0390 0000000 000.0000 311.5990 15.01920000000000
1 74906U          19282.68333333  .00000000  00000-0  00000-0 0 00000
2 74906 097.7150 43.4510 0000000 000.0000 045.3500 15.01920000000000
1 74906U          19283.00902778  .00000000  00000-0  00000-0 0 00000
2 74906 097.7150 43.7720 0000000 000.0000 004.1000 15.01920000000000
1 74906U          19283.36597222  .00000000  00000-0  00000-0 0 00000
2 74906 097.7160 44.1240 0000000 000.0000 131.6010 15.01920000000000
1 74906U          19283.66944444  .00000000  00000-0  00000-0 0 00000
2 74906 097.7160 44.4230 0000000 000.0000 330.3510 15.01920000000000
1 74906U          19283.99930556  .00000000  00000-0  00000-0 0 00000
2 74906 097.7170 44.7480 0000000 000.0000 311.6020 15.01920000000000
1 74906U          19284.40972222  .00000000  00000-0  00000-0 0 00000
2 74906 097.7170 45.1530 0000000 000.0000 007.8520 15.01920000000000
1 74906U          19284.74722222  .00000000  00000-0  00000-0 0 00000
2 74906 097.7180 45.4850 0000000 000.0000 030.3530 15.01920000000000
1 74906U          19285.02291667  .00000000  00000-0  00000-0 0 00000
2 74906 097.7180 45.7570 0000000 000.0000 079.1030 15.01920000000000
1 74906U          19285.27222222  .00000000  00000-0  00000-0 0 00000
2 74906 097.7180 46.0030 0000000 000.0000 345.3530 15.01920000000000
1 74906U          19285.69791667  .00000000  00000-0  00000-0 0 00000
2 74906 097.7190 46.4220 0000000 000.0000 124.1040 15.01920000000000
1 74906U          19285.98611111  .00000000  00000-0  00000-0 0 00000
2 74906 097.7190 46.7070 0000000 000.0000 240.3540 15.01920000000000
1 74906U          19286.30069444  .00000000  00000-0  00000-0 0 00000
2 74906 097.7200 47.0170 0000000 000.0000 139.1050 15.01920000000000
1 74906U          19286.65555556  .00000000  00000-0  00000-0 0 00000
2 74906 097.7200 47.3660 0000000 000.0000 255.3550 15.01920000000000
1 74906U          19286.95277778  .00000000  00000-0  00000-0 0 00000
2 74906 097.7210 47.6590 0000000 000.0000 060.3560 15.01920000000000
1 74906U          19287.35277778  .00000000  00000-0  00000-0 0 00000
2 74906 097.7210 48.0540 0000000 000.0000 060.3560 15.01920000000000
1 74906U          19287.60138889  .00000000  00000-0  00000-0 0 00000
2 74906 097.7210 48.2990 0000000 000.0000 322.8570 15.01920000000000
1 74906U          19287.95347222  .00000000  00000-0  00000-0 0 00000
2 74906 097.7220 48.6460 0000000 000.0000 064.1070 15.01920000000000
1 74906U          19288.31180556  .00000000  00000-0  00000-0 0 00000
2 74906 097.7220 48.9990 0000000 000.0000 199.1080 15.01920000000000
1 74906U          19288.64097222  .00000000  00000-0  00000-0 0 00000
2 74906 097.7230 49.3240 0000000 000.0000 176.6080 15.01920000000000
1 74906U          19289.07152778  .00000000  00000-0  00000-0 0 00000
2 74906 097.7230 49.7480 0000000 000.0000 341.6090 15.01920000000000
1 74906U          19289.37638889  .00000000  00000-0  00000-0 0 00000
2 74906 097.7230 50.0490 0000000 000.0000 187.8590 15.01920000000000
1 74906U          19289.68333333  .00000000  00000-0  00000-0 0 00000
2 74906 097.7240 50.3510 0000000 000.0000 045.3600 15.01920000000000
1 74906U          19290.05069444  .00000000  00000-0  00000-0 0 00000
2 74906 097.7240 50.7130 0000000 000.0000 229.1100 15.01920000000000
1 74906U          19290.26944444  .00000000  00000-0  00000-0 0 00000
2 74906 097.7250 50.9290 0000000 000.0000 330.3610 15.01920000000000
1 74906U          19290.67847222  .00000000  00000-0  00000-0 0 00000
2 74906 097.7250 51.3320 0000000 000.0000 019.1110 15.01920000000000
1 74906U          19290.93680556  .00000000  00000-0  00000-0 0 00000
2 74906 097.7250 51.5870 0000000 000.0000 334.1120 15.01920000000000
1 74906U          19291.25833333  .00000000  00000-0  00000-0 0 00000
2 74906 097.7260 51.9040 0000000 000.0000 270.3620 15.01920000000000
1 74906U          19291.64444444  .00000000  00000-0  00000-0 0 00000
2 74906 097.7260 52.2850 0000000 000.0000 195.3630 15.01920000000000
1 74906U          19291.97708333  .00000000  00000-0  00000-0 0 00000
2 74906 097.7260 52.6120 0000000 000.0000 191.6130 15.01920000000000
1 74906U          19292.27152778  .00000000  00000-0  00000-0 0 00000
2 74906 097.7270 52.9030 0000000 000.0000 341.6140 15.01920000000000
1 74906U          19292.62500000  .00000000  00000-0  00000-0 0 00000
2 74906 097.7270 53.2510 0000000 000.0000 090.3640 15.01920000000000
1 74906U          19293.02638889  .00000000  00000-0  00000-0 0 00000
2 74906 097.7280 53.6470 0000000 000.0000 097.8650 15.01920000000000
1 74906U          19293.27777778  .00000000  00000-0  00000-0 0 00000
2 74906 097.7280 53.8950 0000000 000.0000 015.3650 15.01920000000000
1 74906U          19293.65902778  .00000000  00000-0  00000-0 0 00000
2 74906 097.7280 54.2710 0000000 000.0000 274.1160 15.01920000000000
1 74906U          19294.01666667  .00000000  00000-0  00000-0 0 00000
2 74906 097.7290 54.6230 0000000 000.0000 045.3660 15.01920000000000
1 74906U          19294.26736111  .00000000  00000-0  00000-0 0 00000
2 74906 097.7290 54.8700 0000000 000.0000 319.1170 15.01920000000000
1 74906U          19294.65833333  .00000000  00000-0  00000-0 0 00000
2 74906 097.7290 55.2560 0000000 000.0000 270.3670 15.01920000000000
1 74906U          19294.97291667  .00000000  00000-0  00000-0 0 00000
2 74906 097.7300 55.5660 0000000 000.0000 169.1180 15.01920000000000
1 74906U          19295.34027778  .00000000  00000-0  00000-0 0 00000
2 74906 097.7300 55.9280 0000000 000.0000 352.8690 15.01920000000000
1 74906U          19295.63888889  .00000000  00000-0  00000-0 0 00000
2 74906 097.7300 56.2220 0000000 000.0000 165.3690 15.01920000000000
1 74906U          19296.03680556  .00000000  00000-0  00000-0 0 00000
2 74906 097.7310 56.6150 0000000 000.0000 154.1200 15.01920000000000
1 74906U          19296.38333333  .00000000  00000-0  00000-0 0 00000
2 74906 097.7310 56.9560 0000000 000.0000 225.3700 15.01920000000000
1 74906U          19296.74097222  .00000000  00000-0  00000-0 0 00000
2 74906 097.7310 57.3090 0000000 000.0000 356.6210 15.01920000000000
1 74906U          19297.00763889  .00000000  00000-0  00000-0 0 00000
2 74906 097.7320 57.5720 0000000 000.0000 356.6210 15.01920000000000
1 74906U          19297.36666667  .00000000  00000-0  00000-0 0 00000
2 74906 097.7320 57.9260 0000000 000.0000 135.3720 15.01920000000000
1 74906U          19297.65625000  .00000000  00000-0  00000-0 0 00000
2 74906 097.7320 58.2110 0000000 000.0000 259.1220 15.01920000000000
1 74906U          19297.98750000  .00000000  00000-0  00000-0 0 00000
2 74906 097.7330 58.5380 0000000 000.0000 247.8730 15.01920000000000
1 74906U          19298.37638889  .00000000  00000-0  00000-0 0 00000
2 74906 097.7330 58.9210 0000000 000.0000 187.8730 15.01920000000000
1 74906U          19298.61944444  .00000000  00000-0  00000-0 0 00000
2 74906 097.7330 59.1610 0000000 000.0000 060.3740 15.01920000000000
1 74906U          19299.05069444  .00000000  00000-0  00000-0 0 00000
2 74906 097.7340 59.5860 0000000 000.0000 229.1250 15.01920000000000
1 74906U          19299.30000000  .00000000  00000-0  00000-0 0 00000
2 74906 097.7340 59.8320 0000000 000.0000 135.3750 15.01920000000000
1 74906U          19299.71805556  .00000000  00000-0  00000-0 0 00000
2 74906 097.7340 60.2440 0000000 000.0000 232.8760 15.01920000000000
1 74906U          19300.07569444  .00000000  00000-0  00000-0 0 00000
2 74906 097.7350 60.5960 0000000 000.0000 004.1260 15.01920000000000
1 74906U          19300.29513889  .00000000  00000-0  00000-0 0 00000
2 74906 097.7350 60.8130 0000000 000.0000 109.1270 15.01920000000000
1 74906U          19300.72500000  .00000000  00000-0  00000-0 0 00000
2 74906 097.7350 61.2360 0000000 000.0000 270.3770 15.01920000000000
1 74906U          19301.01319444  .00000000  00000-0  00000-0 0 00000
2 74906 097.7350 61.5200 0000000 000.0000 026.6280 15.01920000000000
1 74906U          19301.25972222  .00000000  00000-0  00000-0 0 00000
2 74906 097.7360 61.7630 0000000 000.0000 277.8780 15.01920000000000
1 74906U          19301.65833333  .00000000  00000-0  00000-0 0 00000
2 74906 097.7360 62.1560 0000000 000.0000 270.3790 15.01920000000000
1 74906U          19302.04305556  .00000000  00000-0  00000-0 0 00000
2 74906 097.7360 62.5360 0000000 000.0000 187.8800 15.01920000000000
1 74906U          19302.40625000  .00000000  00000-0  00000-0 0 00000
2 74906 097.7370 62.8940 0000000 000.0000 349.1300 15.01920000000000
1 74906U          19302.70486111  .00000000  00000-0  00000-0 0 00000
2 74906 097.7370 63.1880 0000000 000.0000 161.6310 15.01920000000000
1 74906U          19303.00347222  .00000000  00000-0  00000-0 0 00000
2 74906 097.7370 63.4820 0000000 000.0000 334.1310 15.01920000000000
1 74906U          19303.27152778  .00000000  00000-0  00000-0 0 00000
2 74906 097.7370 63.7470 0000000 000.0000 341.6320 15.01920000000000
1 74906U          19303.72986111  .00000000  00000-0  00000-0 0 00000
2 74906 097.7380 64.1990 0000000 000.0000 296.6330 15.01920000000000
1 74906U          19303.93263889  .00000000  00000-0  00000-0 0 00000
2 74906 097.7380 64.3990 0000000 000.0000 311.6330 15.01920000000000
1 74906U          19304.32916667  .00000000  00000-0  00000-0 0 00000
2 74906 097.7380 64.7890 0000000 000.0000 292.8840 15.01920000000000
1 74906U          19304.68333333  .00000000  00000-0  00000-0 0 00000
2 74906 097.7390 65.1390 0000000 000.0000 045.3840 15.01920000000000
1 74906U          19305.03680556  .00000000  00000-0  00000-0 0 00000
2 74906 097.7390 65.4870 0000000 000.0000 154.1350 15.01920000000000
1 74906U          19305.32777778  .00000000  00000-0  00000-0 0 00000
2 74906 097.7390 65.7740 0000000 000.0000 285.3850 15.01920000000000
1 74906U          19305.61180556  .00000000  00000-0  00000-0 0 00000
2 74906 097.7390 66.0540 0000000 000.0000 019.1360 15.01920000000000
1 74906U          19305.94583333  .00000000  00000-0  00000-0 0 00000
2 74906 097.7390 66.3830 0000000 000.0000 022.8860 15.01920000000000
1 74906U          19306.30347222  .00000000  00000-0  00000-0 0 00000
2 74906 097.7400 66.7360 0000000 000.0000 154.1370 15.01920000000000
1 74906U          19306.74513889  .00000000  00000-0  00000-0 0 00000
2 74906 097.7400 67.1710 0000000 000.0000 019.1380 15.01920000000000
1 74906U          19306.92361111  .00000000  00000-0  00000-0 0 00000
2 74906 097.7400 67.3470 0000000 000.0000 262.8880 15.01920000000000
1 74906U          19307.38194444  .00000000  00000-0  00000-0 0 00000
2 74906 097.7400 67.7990 0000000 000.0000 217.8890 15.01920000000000
1 74906U          19307.72013889  .00000000  00000-0  00000-0 0 00000
2 74906 097.7410 68.1320 0000000 000.0000 244.1400 15.01920000000000
1 74906U          19308.06041667  .00000000  00000-0  00000-0 0 00000
2 74906 097.7410 68.4680 0000000 000.0000 281.6400 15.01920000000000
1 74906U          19308.37430556  .00000000  00000-0  00000-0 0 00000
2 74906 097.7410 68.7770 0000000 000.0000 176.6410 15.01920000000000
1 74906U          19308.65625000  .00000000  00000-0  00000-0 0 00000
2 74906 097.7410 69.0550 0000000 000.0000 259.1410 15.01920000000000
1 74906U          19309.07986111  .00000000  00000-0  00000-0 0 00000
2 74906 097.7420 69.4730 0000000 000.0000 026.6420 15.01920000000000
1 74906U          19309.30208333  .00000000  00000-0  00000-0 0 00000
2 74906 097.7420 69.6920 0000000 000.0000 146.6420 15.01920000000000
1 74906U          19309.70000000  .00000000  00000-0  00000-0 0 00000
2 74906 097.7420 70.0840 0000000 000.0000 135.3930 15.01920000000000
1 74906U          19309.96180556  .00000000  00000-0  00000-0 0 00000
2 74906 097.7420 70.3420 0000000 000.0000 109.1440 15.01920000000000
1 74906U          19310.27569444  .00000000  00000-0  00000-0 0 00000
2 74906 097.7420 70.6520 0000000 000.0000 004.1440 15.01920000000000
1 74906U          19310.62569444  .00000000  00000-0  00000-0 0 00000
2 74906 097.7430 70.9970 0000000 000.0000 094.1450 15.01920000000000
1 74906U          19311.05416667  .00000000  00000-0  00000-0 0 00000
2 74906 097.7430 71.4190 0000000 000.0000 247.8960 15.01920000000000
1 74906U          19311.36805556  .00000000  00000-0  00000-0 0 00000
2 74906 097.7430 71.7290 0000000 000.0000 142.8960 15.01920000000000
1 74906U          19311.60972222  .00000000  00000-0  00000-0 0 00000
2 74906 097.7430 71.9670 0000000 000.0000 007.8970 15.01920000000000
1 74906U          19311.89583333  .00000000  00000-0  00000-0 0 00000
2 74906 097.7430 72.2490 0000000 000.0000 112.8970 15.01914300000000
1 74906U          19312.16527778  .00000000  00000-0  00000-0 0 00000
2 74906 097.7430 72.5150 0000000 000.0000 127.8980 15.01914300000000
1 74906U          19312.58333333  .00000000  00000-0  00000-0 0 00000
2 74906 097.7440 72.9270 0000000 000.0000 225.3980 15.01914300000000
1 74906U          19312.85000000  .00000000  00000-0  00000-0 0 00000
2 74906 097.7440 73.1900 0000000 000.0000 225.3990 15.01914300000000
1 74906U          19313.20902778  .00000000  00000-0  00000-0 0 00000
2 74906 097.7440 73.5440 0000000 000.0000 004.1500 15.01914300000000
1 74906U          19313.59722222  .00000000  00000-0  00000-0 0 00000
2 74906 097.7440 73.9260 0000000 000.0000 300.4000 15.01914300000000
1 74906U          19313.95555556  .00000000  00000-0  00000-0 0 00000
2 74906 097.7440 74.2800 0000000 000.0000 075.4010 15.01914300000000
1 74906U          19314.16736111  .00000000  00000-0  00000-0 0 00000
2 74906 097.7450 74.4880 0000000 000.0000 139.1510 15.01914300000000
1 74906U          19314.55486111  .00000000  00000-0  00000-0 0 00000
2 74906 097.7450 74.8700 0000000 000.0000 071.6520 15.01914300000000
1 74906U          19314.84097222  .00000000  00000-0  00000-0 0 00000
2 74906 097.7450 75.1520 0000000 000.0000 176.6530 15.01914300000000
1 74906U          19315.21805556  .00000000  00000-0  00000-0 0 00000
2 74906 097.7450 75.5240 0000000 000.0000 052.9030 15.01914300000000
1 74906U          19315.49097222  .00000000  00000-0  00000-0 0 00000
2 74906 097.7450 75.7930 0000000 000.0000 086.6540 15.01914300000000
1 74906U          19315.96805556  .00000000  00000-0  00000-0 0 00000
2 74906 097.7450 76.2640 0000000 000.0000 142.9050 15.01914300000000
1 74906U          19316.19513889  .00000000  00000-0  00000-0 0 00000
2 74906 097.7450 76.4870 0000000 000.0000 289.1550 15.01914300000000
1 74906U          19316.49375000  .00000000  00000-0  00000-0 0 00000
2 74906 097.7460 76.7820 0000000 000.0000 101.6560 15.01914300000000
1 74906U          19316.92986111  .00000000  00000-0  00000-0 0 00000
2 74906 097.7460 77.2120 0000000 000.0000 296.6560 15.01914300000000
1 74906U          19317.29166667  .00000000  00000-0  00000-0 0 00000
2 74906 097.7460 77.5680 0000000 000.0000 090.4070 15.01914300000000
1 74906U          19317.59097222  .00000000  00000-0  00000-0 0 00000
2 74906 097.7460 77.8640 0000000 000.0000 266.6580 15.01914300000000
1 74906U          19317.96666667  .00000000  00000-0  00000-0 0 00000
2 74906 097.7460 78.2340 0000000 000.0000 135.4080 15.01914300000000
1 74906U          19318.19652778  .00000000  00000-0  00000-0 0 00000
2 74906 097.7460 78.4610 0000000 000.0000 296.6590 15.01914300000000
1 74906U          19318.49513889  .00000000  00000-0  00000-0 0 00000
2 74906 097.7460 78.7550 0000000 000.0000 109.1590 15.01914300000000
1 74906U          19318.81944444  .00000000  00000-0  00000-0 0 00000
2 74906 097.7460 79.0750 0000000 000.0000 060.4100 15.01914300000000
1 74906U          19318.89583333  .00000000  00000-0  00000-0 0 00000
2 74906 097.7460 79.1500 0000000 000.0000 112.9100 15.01914300000000
1 74906U          19319.23680556  .00000000  00000-0  00000-0 0 00000
2 74906 097.7470 79.4860 0000000 000.0000 154.1610 15.01914300000000
1 74906U          19319.49652778  .00000000  00000-0  00000-0 0 00000
2 74906 097.7470 79.7420 0000000 000.0000 116.6610 15.01914300000000
1 74906U          19319.93472222  .00000000  00000-0  00000-0 0 00000
2 74906 097.7470 80.1740 0000000 000.0000 322.9120 15.01914300000000
1 74906U          19320.28333333  .00000000  00000-0  00000-0 0 00000
2 74906 097.7470 80.5180 0000000 000.0000 045.4130 15.01914300000000
1 74906U          19320.52152778  .00000000  00000-0  00000-0 0 00000
2 74906 097.7470 80.7530 0000000 000.0000 251.6630 15.01914300000000
1 74906U          19320.85902778  .00000000  00000-0  00000-0 0 00000
2 74906 097.7470 81.0850 0000000 000.0000 274.1640 15.01914300000000
1 74906U          19321.14583333  .00000000  00000-0  00000-0 0 00000
2 74906 097.7470 81.3680 0000000 000.0000 022.9140 15.01914300000000
1 74906U          19321.63194444  .00000000  00000-0  00000-0 0 00000
2 74906 097.7470 81.8470 0000000 000.0000 127.9150 15.01914300000000
1 74906U          19321.81944444  .00000000  00000-0  00000-0 0 00000
2 74906 097.7470 82.0320 0000000 000.0000 060.4160 15.01914300000000
1 74906U          19322.30208333  .00000000  00000-0  00000-0 0 00000
2 74906 097.7470 82.5080 0000000 000.0000 146.6670 15.01914300000000
1 74906U          19322.60555556  .00000000  00000-0  00000-0 0 00000
2 74906 097.7470 82.8070 0000000 000.0000 345.4170 15.01914300000000
1 74906U          19322.97708333  .00000000  00000-0  00000-0 0 00000
2 74906 097.7480 83.1730 0000000 000.0000 191.6680 15.01914300000000
1 74906U          19323.20208333  .00000000  00000-0  00000-0 0 00000
2 74906 097.7480 83.3950 0000000 000.0000 326.6680 15.01914300000000
1 74906U          19323.57638889  .00000000  00000-0  00000-0 0 00000
2 74906 097.7480 83.7640 0000000 000.0000 187.9190 15.01914300000000
1 74906U          19323.97638889  .00000000  00000-0  00000-0 0 00000
2 74906 097.7480 84.1590 0000000 000.0000 187.9200 15.01914300000000
1 74906U          19324.17986111  .00000000  00000-0  00000-0 0 00000
2 74906 097.7480 84.3590 0000000 000.0000 206.6700 15.01914300000000
1 74906U          19324.61597222  .00000000  00000-0  00000-0 0 00000
2 74906 097.7480 84.7890 0000000 000.0000 041.6710 15.01914300000000
1 74906U          19324.85763889  .00000000  00000-0  00000-0 0 00000
2 74906 097.7480 85.0270 0000000 000.0000 266.6710 15.01914300000000
1 74906U          19325.28541667  .00000000  00000-0  00000-0 0 00000
2 74906 097.7480 85.4490 0000000 000.0000 056.6720 15.01914300000000
1 74906U          19325.56666667  .00000000  00000-0  00000-0 0 00000
2 74906 097.7480 85.7260 0000000 000.0000 135.4230 15.01914300000000
1 74906U          19325.89583333  .00000000  00000-0  00000-0 0 00000
2 74906 097.7480 86.0510 0000000 000.0000 112.9230 15.01914300000000
1 74906U          19325.96250000  .00000000  00000-0  00000-0 0 00000
2 74906 097.7480 86.1170 0000000 000.0000 112.9240 15.01914300000000
1 74906U          19326.28194444  .00000000  00000-0  00000-0 0 00000
2 74906 097.7480 86.4320 0000000 000.0000 037.9240 15.01914300000000
1 74906U          19326.64097222  .00000000  00000-0  00000-0 0 00000
2 74906 097.7480 86.7860 0000000 000.0000 176.6750 15.01914300000000
1 74906U          19326.91111111  .00000000  00000-0  00000-0 0 00000
2 74906 097.7480 87.0520 0000000 000.0000 195.4250 15.01914300000000
1 74906U          19327.18750000  .00000000  00000-0  00000-0 0 00000
2 74906 097.7480 87.3240 0000000 000.0000 247.9260 15.01914300000000
1 74906U          19327.58819444  .00000000  00000-0  00000-0 0 00000
2 74906 097.7480 87.7190 0000000 000.0000 251.6770 15.01914300000000
1 74906U          19327.83750000  .00000000  00000-0  00000-0 0 00000
2 74906 097.7480 87.9650 0000000 000.0000 157.9270 15.01914300000000
1 74906U          19328.23819444  .00000000  00000-0  00000-0 0 00000
2 74906 097.7480 88.3600 0000000 000.0000 161.6780 15.01914300000000
1 74906U          19328.49375000  .00000000  00000-0  00000-0 0 00000
2 74906 097.7480 88.6120 0000000 000.0000 101.6780 15.01914300000000
1 74906U          19328.84583333  .00000000  00000-0  00000-0 0 00000
2 74906 097.7480 88.9590 0000000 000.0000 202.9290 15.01914300000000
1 74906U          19329.28472222  .00000000  00000-0  00000-0 0 00000
2 74906 097.7480 89.3920 0000000 000.0000 052.9300 15.01914300000000
1 74906U          19329.60000000  .00000000  00000-0  00000-0 0 00000
2 74906 097.7480 89.7030 0000000 000.0000 315.4310 15.01914300000000
1 74906U          19329.82152778  .00000000  00000-0  00000-0 0 00000
2 74906 097.7480 89.9210 0000000 000.0000 071.6810 15.01914300000000
1 74906U          19330.15694444  .00000000  00000-0  00000-0 0 00000
2 74906 097.7480 90.2520 0000000 000.0000 082.9320 15.01914300000000
1 74906U          19330.55069444  .00000000  00000-0  00000-0 0 00000
2 74906 097.7480 90.6400 0000000 000.0000 049.1820 15.01914300000000
1 74906U          19330.91527778  .00000000  00000-0  00000-0 0 00000
2 74906 097.7480 90.9990 0000000 000.0000 217.9330 15.01914300000000
1 74906U          19331.15069444  .00000000  00000-0  00000-0 0 00000
2 74906 097.7480 91.2310 0000000 000.0000 049.1830 15.01914300000000
1 74906U          19331.63958333  .00000000  00000-0  00000-0 0 00000
2 74906 097.7480 91.7130 0000000 000.0000 169.1840 15.01914300000000
1 74906U          19331.90416667  .00000000  00000-0  00000-0 0 00000
2 74906 097.7480 91.9740 0000000 000.0000 157.9350 15.01914300000000
1 74906U          19332.29305556  .00000000  00000-0  00000-0 0 00000
2 74906 097.7480 92.3580 0000000 000.0000 097.9360 15.01914300000000
1 74906U          19332.51041667  .00000000  00000-0  00000-0 0 00000
2 74906 097.7480 92.5720 0000000 000.0000 191.6860 15.01914300000000
1 74906U          19332.89583333  .00000000  00000-0  00000-0 0 00000
2 74906 097.7480 92.9520 0000000 000.0000 112.9370 15.01914300000000
