1 75276U          19282.01180556  .00000000  00000-0  00000-0 0 00000
2 75276 097.7010 145.6690 0000000 000.0000 224.9830 00.06258000000000
1 75276U          19282.38402778  .00000000  00000-0  00000-0 0 00000
2 75276 097.7000 146.0350 0000000 000.0000 074.9840 00.06258000000000
1 75276U          19282.58472222  .00000000  00000-0  00000-0 0 00000
2 75276 097.7000 146.2330 0000000 000.0000 078.7340 00.06258000000000
1 75276U          19283.00347222  .00000000  00000-0  00000-0 0 00000
2 75276 097.6990 146.6460 0000000 000.0000 179.9840 00.06258000000000
1 75276U          19283.36805556  .00000000  00000-0  00000-0 0 00000
2 75276 097.6980 147.0050 0000000 000.0000 348.7350 00.06258000000000
1 75276U          19283.59305556  .00000000  00000-0  00000-0 0 00000
2 75276 097.6980 147.2270 0000000 000.0000 123.7350 00.06258000000000
1 75276U          19284.06527778  .00000000  00000-0  00000-0 0 00000
2 75276 097.6970 147.6930 0000000 000.0000 153.7360 00.06258000000000
1 75276U          19284.33194444  .00000000  00000-0  00000-0 0 00000
2 75276 097.6970 147.9560 0000000 000.0000 153.7360 00.06258000000000
1 75276U          19284.63888889  .00000000  00000-0  00000-0 0 00000
2 75276 097.6960 148.2580 0000000 000.0000 011.2360 00.06258000000000
1 75276U          19284.95625000  .00000000  00000-0  00000-0 0 00000
2 75276 097.6960 148.5710 0000000 000.0000 284.9860 00.06258000000000
1 75276U          19285.27222222  .00000000  00000-0  00000-0 0 00000
2 75276 097.6950 148.8830 0000000 000.0000 191.2370 00.06258000000000
1 75276U          19285.67083333  .00000000  00000-0  00000-0 0 00000
2 75276 097.6950 149.2750 0000000 000.0000 183.7370 00.06258000000000
1 75276U          19285.96944444  .00000000  00000-0  00000-0 0 00000
2 75276 097.6940 149.5700 0000000 000.0000 356.2370 00.06258000000000
1 75276U          19286.28472222  .00000000  00000-0  00000-0 0 00000
2 75276 097.6940 149.8810 0000000 000.0000 258.7380 00.06258000000000
1 75276U          19286.62916667  .00000000  00000-0  00000-0 0 00000
2 75276 097.6930 150.2200 0000000 000.0000 318.7380 00.06258000000000
1 75276U          19286.97013889  .00000000  00000-0  00000-0 0 00000
2 75276 097.6930 150.5560 0000000 000.0000 359.9880 00.06258000000000
1 75276U          19287.35000000  .00000000  00000-0  00000-0 0 00000
2 75276 097.6920 150.9310 0000000 000.0000 251.2390 00.06258000000000
1 75276U          19287.69652778  .00000000  00000-0  00000-0 0 00000
2 75276 097.6920 151.2720 0000000 000.0000 322.4890 00.06258000000000
1 75276U          19288.07569444  .00000000  00000-0  00000-0 0 00000
2 75276 097.6910 151.6460 0000000 000.0000 209.9890 00.06258000000000
1 75276U          19288.40763889  .00000000  00000-0  00000-0 0 00000
2 75276 097.6900 151.9730 0000000 000.0000 202.4900 00.06258000000000
1 75276U          19288.65000000  .00000000  00000-0  00000-0 0 00000
2 75276 097.6900 152.2120 0000000 000.0000 071.2400 00.06258000000000
1 75276U          19289.00277778  .00000000  00000-0  00000-0 0 00000
2 75276 097.6890 152.5600 0000000 000.0000 176.2400 00.06258000000000
1 75276U          19289.29236111  .00000000  00000-0  00000-0 0 00000
2 75276 097.6890 152.8450 0000000 000.0000 299.9910 00.06258000000000
1 75276U          19289.58611111  .00000000  00000-0  00000-0 0 00000
2 75276 097.6880 153.1350 0000000 000.0000 086.2410 00.06258000000000
1 75276U          19289.96944444  .00000000  00000-0  00000-0 0 00000
2 75276 097.6880 153.5130 0000000 000.0000 356.2410 00.06258000000000
1 75276U          19290.36597222  .00000000  00000-0  00000-0 0 00000
2 75276 097.6870 153.9040 0000000 000.0000 337.4910 00.06258000000000
1 75276U          19290.74930556  .00000000  00000-0  00000-0 0 00000
2 75276 097.6870 154.2810 0000000 000.0000 247.4920 00.06258000000000
1 75276U          19290.95625000  .00000000  00000-0  00000-0 0 00000
2 75276 097.6860 154.4850 0000000 000.0000 284.9920 00.06258000000000
1 75276U          19291.34305556  .00000000  00000-0  00000-0 0 00000
2 75276 097.6860 154.8670 0000000 000.0000 213.7420 00.06258000000000
1 75276U          19291.61875000  .00000000  00000-0  00000-0 0 00000
2 75276 097.6850 155.1380 0000000 000.0000 262.4930 00.06258000000000
1 75276U          19291.96458333  .00000000  00000-0  00000-0 0 00000
2 75276 097.6840 155.4790 0000000 000.0000 329.9930 00.06258000000000
1 75276U          19292.41041667  .00000000  00000-0  00000-0 0 00000
2 75276 097.6840 155.9190 0000000 000.0000 217.4930 00.06258000000000
1 75276U          19292.60069444  .00000000  00000-0  00000-0 0 00000
2 75276 097.6830 156.1060 0000000 000.0000 164.9930 00.06258000000000
1 75276U          19293.05902778  .00000000  00000-0  00000-0 0 00000
2 75276 097.6830 156.5580 0000000 000.0000 119.9940 00.06258000000000
1 75276U          19293.25625000  .00000000  00000-0  00000-0 0 00000
2 75276 097.6820 156.7530 0000000 000.0000 104.9940 00.06258000000000
1 75276U          19293.58958333  .00000000  00000-0  00000-0 0 00000
2 75276 097.6820 157.0810 0000000 000.0000 104.9940 00.06258000000000
1 75276U          19293.93958333  .00000000  00000-0  00000-0 0 00000
2 75276 097.6810 157.4260 0000000 000.0000 194.9940 00.06258000000000
1 75276U          19294.28541667  .00000000  00000-0  00000-0 0 00000
2 75276 097.6800 157.7670 0000000 000.0000 262.4950 00.06258000000000
1 75276U          19294.70416667  .00000000  00000-0  00000-0 0 00000
2 75276 097.6800 158.1800 0000000 000.0000 003.7450 00.06258000000000
1 75276U          19295.00347222  .00000000  00000-0  00000-0 0 00000
2 75276 097.6790 158.4750 0000000 000.0000 179.9950 00.06258000000000
1 75276U          19295.27777778  .00000000  00000-0  00000-0 0 00000
2 75276 097.6790 158.7450 0000000 000.0000 221.2450 00.06258000000000
1 75276U          19295.65625000  .00000000  00000-0  00000-0 0 00000
2 75276 097.6780 159.1180 0000000 000.0000 104.9960 00.06258000000000
1 75276U          19296.04375000  .00000000  00000-0  00000-0 0 00000
2 75276 097.6770 159.5000 0000000 000.0000 037.4960 00.06258000000000
1 75276U          19296.29375000  .00000000  00000-0  00000-0 0 00000
2 75276 097.6770 159.7470 0000000 000.0000 307.4960 00.06258000000000
1 75276U          19296.71388889  .00000000  00000-0  00000-0 0 00000
2 75276 097.6760 160.1610 0000000 000.0000 056.2460 00.06258000000000
1 75276U          19296.93472222  .00000000  00000-0  00000-0 0 00000
2 75276 097.6760 160.3780 0000000 000.0000 168.7460 00.06258000000000
1 75276U          19297.37500000  .00000000  00000-0  00000-0 0 00000
2 75276 097.6750 160.8120 0000000 000.0000 026.2470 00.06258000000000
1 75276U          19297.62777778  .00000000  00000-0  00000-0 0 00000
2 75276 097.6750 161.0620 0000000 000.0000 311.2470 00.06258000000000
1 75276U          19297.97777778  .00000000  00000-0  00000-0 0 00000
2 75276 097.6740 161.4070 0000000 000.0000 041.2470 00.06258000000000
1 75276U          19298.30347222  .00000000  00000-0  00000-0 0 00000
2 75276 097.6730 161.7280 0000000 000.0000 359.9970 00.06258000000000
1 75276U          19298.62638889  .00000000  00000-0  00000-0 0 00000
2 75276 097.6730 162.0460 0000000 000.0000 303.7470 00.06258000000000
1 75276U          19299.07708333  .00000000  00000-0  00000-0 0 00000
2 75276 097.6720 162.4900 0000000 000.0000 217.4980 00.06258000000000
1 75276U          19299.30138889  .00000000  00000-0  00000-0 0 00000
2 75276 097.6720 162.7110 0000000 000.0000 348.7480 00.06258000000000
1 75276U          19299.61250000  .00000000  00000-0  00000-0 0 00000
2 75276 097.6710 163.0180 0000000 000.0000 228.7480 00.06258000000000
1 75276U          19299.99375000  .00000000  00000-0  00000-0 0 00000
2 75276 097.6700 163.3940 0000000 000.0000 127.4980 00.06258000000000
1 75276U          19300.39791667  .00000000  00000-0  00000-0 0 00000
2 75276 097.6700 163.7920 0000000 000.0000 149.9990 00.06258000000000
1 75276U          19300.60902778  .00000000  00000-0  00000-0 0 00000
2 75276 097.6690 164.0000 0000000 000.0000 209.9990 00.06258000000000
1 75276U          19301.07500000  .00000000  00000-0  00000-0 0 00000
2 75276 097.6690 164.4590 0000000 000.0000 206.2490 00.06258000000000
1 75276U          19301.26805556  .00000000  00000-0  00000-0 0 00000
2 75276 097.6680 164.6500 0000000 000.0000 168.7490 00.06258000000000
1 75276U          19301.59166667  .00000000  00000-0  00000-0 0 00000
2 75276 097.6680 164.9690 0000000 000.0000 116.2490 00.06258000000000
1 75276U          19301.95763889  .00000000  00000-0  00000-0 0 00000
2 75276 097.6670 165.3290 0000000 000.0000 292.4990 00.06258000000000
1 75276U          19302.28680556  .00000000  00000-0  00000-0 0 00000
2 75276 097.6660 165.6540 0000000 000.0000 270.0000 00.06258000000000
1 75276U          19302.73125000  .00000000  00000-0  00000-0 0 00000
2 75276 097.6660 166.0920 0000000 000.0000 150.0000 00.06258000000000
1 75276U          19302.95833333  .00000000  00000-0  00000-0 0 00000
2 75276 097.6650 166.3160 0000000 000.0000 296.2500 00.06258000000000
1 75276U          19303.38194444  .00000000  00000-0  00000-0 0 00000
2 75276 097.6640 166.7330 0000000 000.0000 063.7500 00.06258000000000
1 75276U          19303.70208333  .00000000  00000-0  00000-0 0 00000
2 75276 097.6640 167.0490 0000000 000.0000 352.5000 00.06258000000000
1 75276U          19304.03402778  .00000000  00000-0  00000-0 0 00000
2 75276 097.6630 167.3760 0000000 000.0000 345.0000 00.06258000000000
1 75276U          19304.32013889  .00000000  00000-0  00000-0 0 00000
2 75276 097.6630 167.6580 0000000 000.0000 090.0000 00.06258000000000
1 75276U          19304.66319444  .00000000  00000-0  00000-0 0 00000
2 75276 097.6620 167.9960 0000000 000.0000 142.5010 00.06258000000000
1 75276U          19305.07847222  .00000000  00000-0  00000-0 0 00000
2 75276 097.6610 168.4050 0000000 000.0000 225.0010 00.06258000000000
1 75276U          19305.28263889  .00000000  00000-0  00000-0 0 00000
2 75276 097.6610 168.6070 0000000 000.0000 247.5010 00.06258000000000
1 75276U          19305.67986111  .00000000  00000-0  00000-0 0 00000
2 75276 097.6600 168.9980 0000000 000.0000 232.5010 00.06258000000000
1 75276U          19305.94305556  .00000000  00000-0  00000-0 0 00000
2 75276 097.6600 169.2580 0000000 000.0000 213.7510 00.06258000000000
1 75276U          19306.27083333  .00000000  00000-0  00000-0 0 00000
2 75276 097.6590 169.5810 0000000 000.0000 183.7510 00.06258000000000
1 75276U          19306.60972222  .00000000  00000-0  00000-0 0 00000
2 75276 097.6580 169.9150 0000000 000.0000 213.7510 00.06258000000000
1 75276U          19306.92361111  .00000000  00000-0  00000-0 0 00000
2 75276 097.6580 170.2240 0000000 000.0000 108.7510 00.06258000000000
1 75276U          19307.30069444  .00000000  00000-0  00000-0 0 00000
2 75276 097.6570 170.5960 0000000 000.0000 345.0020 00.06258000000000
1 75276U          19307.58472222  .00000000  00000-0  00000-0 0 00000
2 75276 097.6570 170.8760 0000000 000.0000 078.7520 00.06258000000000
1 75276U          19308.07152778  .00000000  00000-0  00000-0 0 00000
2 75276 097.6560 171.3560 0000000 000.0000 187.5020 00.06258000000000
1 75276U          19308.25694444  .00000000  00000-0  00000-0 0 00000
2 75276 097.6550 171.5380 0000000 000.0000 108.7520 00.06258000000000
1 75276U          19308.63541667  .00000000  00000-0  00000-0 0 00000
2 75276 097.6550 171.9110 0000000 000.0000 352.5020 00.06258000000000
1 75276U          19309.00486111  .00000000  00000-0  00000-0 0 00000
2 75276 097.6540 172.2750 0000000 000.0000 187.5020 00.06258000000000
1 75276U          19309.27986111  .00000000  00000-0  00000-0 0 00000
2 75276 097.6540 172.5470 0000000 000.0000 232.5020 00.06258000000000
1 75276U          19309.72500000  .00000000  00000-0  00000-0 0 00000
2 75276 097.6530 172.9850 0000000 000.0000 116.2520 00.06258000000000
1 75276U          19310.05555556  .00000000  00000-0  00000-0 0 00000
2 75276 097.6520 173.3110 0000000 000.0000 101.2520 00.06258000000000
1 75276U          19310.35277778  .00000000  00000-0  00000-0 0 00000
2 75276 097.6520 173.6040 0000000 000.0000 266.2520 00.06258000000000
1 75276U          19310.72847222  .00000000  00000-0  00000-0 0 00000
2 75276 097.6510 173.9740 0000000 000.0000 135.0030 00.06258000000000
1 75276U          19310.92916667  .00000000  00000-0  00000-0 0 00000
2 75276 097.6510 174.1720 0000000 000.0000 138.7530 00.06258000000000
1 75276U          19311.27708333  .00000000  00000-0  00000-0 0 00000
2 75276 097.6500 174.5150 0000000 000.0000 217.5030 00.06258000000000
1 75276U          19311.58750000  .00000000  00000-0  00000-0 0 00000
2 75276 097.6490 174.8210 0000000 000.0000 093.7530 00.06258000000000
1 75276U          19311.94722222  .00000000  00000-0  00000-0 0 00000
2 75276 097.6490 175.1760 0000000 000.0000 236.2530 15.01914300000000
1 75276U          19312.25069444  .00000000  00000-0  00000-0 0 00000
2 75276 097.6480 175.4750 0000000 000.0000 075.0030 15.01914300000000
1 75276U          19312.50347222  .00000000  00000-0  00000-0 0 00000
2 75276 097.6480 175.7240 0000000 000.0000 000.0030 15.01914300000000
1 75276U          19312.96458333  .00000000  00000-0  00000-0 0 00000
2 75276 097.6470 176.1780 0000000 000.0000 330.0030 15.01914300000000
1 75276U          19313.25416667  .00000000  00000-0  00000-0 0 00000
2 75276 097.6460 176.4640 0000000 000.0000 093.7530 15.01914300000000
1 75276U          19313.51805556  .00000000  00000-0  00000-0 0 00000
2 75276 097.6460 176.7240 0000000 000.0000 078.7530 15.01914300000000
1 75276U          19313.94513889  .00000000  00000-0  00000-0 0 00000
2 75276 097.6450 177.1450 0000000 000.0000 225.0030 15.01914300000000
1 75276U          19314.23680556  .00000000  00000-0  00000-0 0 00000
2 75276 097.6440 177.4320 0000000 000.0000 000.0030 15.01914300000000
1 75276U          19314.50625000  .00000000  00000-0  00000-0 0 00000
2 75276 097.6440 177.6980 0000000 000.0000 015.0030 15.01914300000000
1 75276U          19314.83055556  .00000000  00000-0  00000-0 0 00000
2 75276 097.6430 178.0170 0000000 000.0000 326.2530 15.01914300000000
1 75276U          19315.27083333  .00000000  00000-0  00000-0 0 00000
2 75276 097.6420 178.4510 0000000 000.0000 183.7530 15.01914300000000
1 75276U          19315.49722222  .00000000  00000-0  00000-0 0 00000
2 75276 097.6420 178.6750 0000000 000.0000 326.2530 15.01914300000000
1 75276U          19315.95138889  .00000000  00000-0  00000-0 0 00000
2 75276 097.6410 179.1220 0000000 000.0000 258.7530 15.01914300000000
1 75276U          19316.15277778  .00000000  00000-0  00000-0 0 00000
2 75276 097.6410 179.3210 0000000 000.0000 266.2530 15.01914300000000
1 75276U          19316.48680556  .00000000  00000-0  00000-0 0 00000
2 75276 097.6400 179.6500 0000000 000.0000 270.0030 15.01914300000000
1 75276U          19316.91111111  .00000000  00000-0  00000-0 0 00000
2 75276 097.6390 180.0680 0000000 000.0000 041.2530 15.01914300000000
1 75276U          19317.18263889  .00000000  00000-0  00000-0 0 00000
2 75276 097.6390 180.3360 0000000 000.0000 067.5030 15.01914300000000
1 75276U          19317.50833333  .00000000  00000-0  00000-0 0 00000
2 75276 097.6380 180.6570 0000000 000.0000 026.2530 15.01914300000000
1 75276U          19317.83125000  .00000000  00000-0  00000-0 0 00000
2 75276 097.6380 180.9750 0000000 000.0000 330.0030 15.01914300000000
1 75276U          19318.29791667  .00000000  00000-0  00000-0 0 00000
2 75276 097.6370 181.4350 0000000 000.0000 330.0030 15.01914300000000
1 75276U          19318.61944444  .00000000  00000-0  00000-0 0 00000
2 75276 097.6360 181.7520 0000000 000.0000 266.2530 15.01914300000000
1 75276U          19318.89583333  .00000000  00000-0  00000-0 0 00000
2 75276 097.6360 182.0240 0000000 000.0000 318.7530 15.01914300000000
1 75276U          19318.89583333  .00000000  00000-0  00000-0 0 00000
2 75276 097.6360 182.0240 0000000 000.0000 318.7530 15.01914300000000
1 75276U          19319.17013889  .00000000  00000-0  00000-0 0 00000
2 75276 097.6360 182.1570 1984800 357.9350 314.7430 10.78713800000000
1 75276U          19319.56250000  .00000000  00000-0  00000-0 0 00000
2 75276 097.6340 182.3490 1985660 356.9810 035.9160 10.77744400000000
1 75276U          19319.96388889  .00000000  00000-0  00000-0 0 00000
2 75276 097.6330 182.5520 1993359 356.3950 151.5810 10.76381700000000
1 75276U          19320.17361111  .00000000  00000-0  00000-0 0 00000
2 75276 097.6320 182.6440 1996619 356.0570 244.5310 10.76910000000000
1 75276U          19320.60347222  .00000000  00000-0  00000-0 0 00000
2 75276 097.6330 182.8690 1997750 355.1620 110.7940 10.77377200000000
1 75276U          19320.95347222  .00000000  00000-0  00000-0 0 00000
2 75276 097.6310 183.0330 1989050 354.7570 027.3140 10.76648700000000
1 75276U          19321.18055556  .00000000  00000-0  00000-0 0 00000
2 75276 097.6290 183.1460 1991000 354.3020 187.5380 10.76136400000000
1 75276U          19321.63888889  .00000000  00000-0  00000-0 0 00000
2 75276 097.6290 183.3750 1992070 353.5660 164.0200 10.76283700000000
1 75276U          19321.93611111  .00000000  00000-0  00000-0 0 00000
2 75276 097.6310 183.5120 1994810 353.0360 236.1650 10.76598700000000
1 75276U          19322.20347222  .00000000  00000-0  00000-0 0 00000
2 75276 097.6280 183.6480 1990730 352.5710 192.4510 10.76135900000000
1 75276U          19322.64305556  .00000000  00000-0  00000-0 0 00000
2 75276 097.6330 183.8720 1996750 351.6010 096.5050 10.77976500000000
1 75276U          19322.85902778  .00000000  00000-0  00000-0 0 00000
2 75276 097.6300 183.9690 1991680 351.4450 213.4790 10.76214500000000
1 75276U          19323.26805556  .00000000  00000-0  00000-0 0 00000
2 75276 097.6270 184.1740 1996760 350.7280 358.8890 10.75051700000000
1 75276U          19323.53402778  .00000000  00000-0  00000-0 0 00000
2 75276 097.6340 184.3020 1984840 350.6780 309.4480 10.79103800000000
1 75276U          19323.82013889  .00000000  00000-0  00000-0 0 00000
2 75276 097.6300 184.4470 1986000 349.8050 338.7830 10.77253000000000
1 75276U          19324.20347222  .00000000  00000-0  00000-0 0 00000
2 75276 097.6270 184.6310 1991000 349.3040 024.5360 10.75962600000000
1 75276U          19324.57152778  .00000000  00000-0  00000-0 0 00000
2 75276 097.6240 184.8150 1996570 348.6520 011.1650 10.74928300000000
1 75276U          19324.90555556  .00000000  00000-0  00000-0 0 00000
2 75276 097.6280 184.9740 1991950 347.9970 225.9960 10.76288300000000
1 75276U          19325.29583333  .00000000  00000-0  00000-0 0 00000
2 75276 097.6330 185.1650 1988849 347.7430 298.3300 10.78888700000000
1 75276U          19325.64375000  .00000000  00000-0  00000-0 0 00000
2 75276 097.6250 185.3390 1989999 346.7620 207.2680 10.76136400000000
1 75276U          19325.85972222  .00000000  00000-0  00000-0 0 00000
2 75276 097.6310 185.4480 1980930 346.6070 324.1480 10.78900300000000
1 75276U          19325.89583333  .00000000  00000-0  00000-0 0 00000
2 75276 097.6320 185.4710 1996490 346.1480 104.5040 10.77858500000000
1 75276U          19326.24444444  .00000000  00000-0  00000-0 0 00000
2 75276 097.6240 185.6360 1995240 345.8480 015.5020 10.75060100000000
1 75276U          19326.59166667  .00000000  00000-0  00000-0 0 00000
2 75276 097.6300 185.8000 1993730 345.4530 281.2150 10.77981000000000
1 75276U          19326.93333333  .00000000  00000-0  00000-0 0 00000
2 75276 097.6270 185.9780 1991290 344.6410 165.7100 10.76434000000000
1 75276U          19327.18194444  .00000000  00000-0  00000-0 0 00000
2 75276 097.6270 186.0970 1984450 344.0370 049.5790 10.77884200000000
1 75276U          19327.55763889  .00000000  00000-0  00000-0 0 00000
2 75276 097.6290 186.2840 1987040 343.2550 065.9390 10.78494300000000
1 75276U          19327.82847222  .00000000  00000-0  00000-0 0 00000
2 75276 097.6250 186.4150 1987060 343.1390 035.3910 10.76628100000000
1 75276U          19328.22152778  .00000000  00000-0  00000-0 0 00000
2 75276 097.6270 186.6140 1996190 342.3050 119.0080 10.77540400000000
1 75276U          19328.51041667  .00000000  00000-0  00000-0 0 00000
2 75276 097.6240 186.7540 1992060 341.9780 158.6190 10.76611600000000
1 75276U          19328.90972222  .00000000  00000-0  00000-0 0 00000
2 75276 097.6250 186.9400 1994190 341.3930 266.3520 10.77109400000000
1 75276U          19329.29791667  .00000000  00000-0  00000-0 0 00000
2 75276 097.6260 187.1380 1979240 340.7410 330.9390 10.78789600000000
1 75276U          19329.55277778  .00000000  00000-0  00000-0 0 00000
2 75276 097.6210 187.2570 1991100 340.1680 239.0130 10.76304300000000
1 75276U          19329.83263889  .00000000  00000-0  00000-0 0 00000
2 75276 097.6220 187.3950 1991690 339.7040 243.7700 10.76372200000000
1 75276U          19330.25069444  .00000000  00000-0  00000-0 0 00000
2 75276 097.6250 187.6070 1985820 338.7480 064.4140 10.78276700000000
1 75276U          19330.49513889  .00000000  00000-0  00000-0 0 00000
2 75276 097.6240 187.7190 1990820 338.9200 291.3540 10.78292800000000
1 75276U          19330.87083333  .00000000  00000-0  00000-0 0 00000
2 75276 097.6260 187.9070 1984890 338.3480 307.4950 10.79140200000000
1 75276U          19331.28611111  .00000000  00000-0  00000-0 0 00000
2 75276 097.6240 188.1200 1995720 337.1060 117.6300 10.77720900000000
1 75276U          19331.62638889  .00000000  00000-0  00000-0 0 00000
2 75276 097.6170 188.2870 1989650 336.5730 356.5320 10.76112800000000
1 75276U          19331.85625000  .00000000  00000-0  00000-0 0 00000
2 75276 097.6200 188.3990 1991110 336.3390 167.3540 10.76604800000000
1 75276U          19332.17500000  .00000000  00000-0  00000-0 0 00000
2 75276 097.6220 188.5510 1978790 336.0440 322.6340 10.79408200000000
1 75276U          19332.51944444  .00000000  00000-0  00000-0 0 00000
2 75276 097.6160 188.7190 1988000 335.1580 218.0580 10.76095600000000
1 75276U          19332.89583333  .00000000  00000-0  00000-0 0 00000
2 75276 097.6170 188.9030 1989499 334.5110 237.0020 10.76165100000000
