1 76684U          19281.95138889  .00000000  00000-0  00000-0 0 00000
2 76684 097.6720 17.0120 0000000 000.0000 001.3960 15.01920000000000
1 76684U          19282.36180556  .00000000  00000-0  00000-0 0 00000
2 76684 097.6730 17.4160 0000000 000.0000 057.6460 15.01920000000000
1 76684U          19282.64236111  .00000000  00000-0  00000-0 0 00000
2 76684 097.6740 17.6930 0000000 000.0000 132.6460 15.01920000000000
1 76684U          19282.92361111  .00000000  00000-0  00000-0 0 00000
2 76684 097.6740 17.9700 0000000 000.0000 211.3970 15.01920000000000
1 76684U          19283.40555556  .00000000  00000-0  00000-0 0 00000
2 76684 097.6750 18.4450 0000000 000.0000 293.8970 15.01920000000000
1 76684U          19283.68888889  .00000000  00000-0  00000-0 0 00000
2 76684 097.6750 18.7240 0000000 000.0000 023.8970 15.01920000000000
1 76684U          19283.98472222  .00000000  00000-0  00000-0 0 00000
2 76684 097.6760 19.0160 0000000 000.0000 181.3970 15.01920000000000
1 76684U          19284.30000000  .00000000  00000-0  00000-0 0 00000
2 76684 097.6770 19.3270 0000000 000.0000 083.8970 15.01920000000000
1 76684U          19284.67986111  .00000000  00000-0  00000-0 0 00000
2 76684 097.6770 19.7010 0000000 000.0000 335.1480 15.01920000000000
1 76684U          19285.07916667  .00000000  00000-0  00000-0 0 00000
2 76684 097.6780 20.0950 0000000 000.0000 331.3980 15.01920000000000
1 76684U          19285.30208333  .00000000  00000-0  00000-0 0 00000
2 76684 097.6780 20.3140 0000000 000.0000 095.1480 15.01920000000000
1 76684U          19285.66458333  .00000000  00000-0  00000-0 0 00000
2 76684 097.6790 20.6720 0000000 000.0000 252.6480 15.01920000000000
1 76684U          19286.00347222  .00000000  00000-0  00000-0 0 00000
2 76684 097.6800 21.0060 0000000 000.0000 282.6490 15.01920000000000
1 76684U          19286.38541667  .00000000  00000-0  00000-0 0 00000
2 76684 097.6800 21.3820 0000000 000.0000 185.1490 15.01920000000000
1 76684U          19286.71250000  .00000000  00000-0  00000-0 0 00000
2 76684 097.6810 21.7050 0000000 000.0000 151.3990 15.01920000000000
1 76684U          19287.04375000  .00000000  00000-0  00000-0 0 00000
2 76684 097.6810 22.0310 0000000 000.0000 140.1490 15.01920000000000
1 76684U          19287.34930556  .00000000  00000-0  00000-0 0 00000
2 76684 097.6820 22.3320 0000000 000.0000 350.1500 15.01920000000000
1 76684U          19287.71805556  .00000000  00000-0  00000-0 0 00000
2 76684 097.6820 22.6960 0000000 000.0000 181.4000 15.01920000000000
1 76684U          19288.00416667  .00000000  00000-0  00000-0 0 00000
2 76684 097.6830 22.9780 0000000 000.0000 286.4000 15.01920000000000
1 76684U          19288.38541667  .00000000  00000-0  00000-0 0 00000
2 76684 097.6840 23.3540 0000000 000.0000 185.1500 15.01920000000000
1 76684U          19288.63333333  .00000000  00000-0  00000-0 0 00000
2 76684 097.6840 23.5980 0000000 000.0000 083.9010 15.01920000000000
1 76684U          19288.98819444  .00000000  00000-0  00000-0 0 00000
2 76684 097.6850 23.9480 0000000 000.0000 200.1510 15.01920000000000
1 76684U          19289.26875000  .00000000  00000-0  00000-0 0 00000
2 76684 097.6850 24.2240 0000000 000.0000 275.1510 15.01920000000000
1 76684U          19289.68958333  .00000000  00000-0  00000-0 0 00000
2 76684 097.6860 24.6390 0000000 000.0000 027.6510 15.01920000000000
1 76684U          19289.92638889  .00000000  00000-0  00000-0 0 00000
2 76684 097.6860 24.8730 0000000 000.0000 226.4020 15.01920000000000
1 76684U          19290.31458333  .00000000  00000-0  00000-0 0 00000
2 76684 097.6870 25.2550 0000000 000.0000 162.6520 15.01920000000000
1 76684U          19290.70277778  .00000000  00000-0  00000-0 0 00000
2 76684 097.6880 25.6380 0000000 000.0000 098.9020 15.01920000000000
1 76684U          19290.98263889  .00000000  00000-0  00000-0 0 00000
2 76684 097.6880 25.9140 0000000 000.0000 170.1530 15.01920000000000
1 76684U          19291.32500000  .00000000  00000-0  00000-0 0 00000
2 76684 097.6890 26.2510 0000000 000.0000 218.9030 15.01920000000000
1 76684U          19291.67708333  .00000000  00000-0  00000-0 0 00000
2 76684 097.6890 26.5980 0000000 000.0000 320.1530 15.01920000000000
1 76684U          19292.05625000  .00000000  00000-0  00000-0 0 00000
2 76684 097.6900 26.9720 0000000 000.0000 207.6540 15.01920000000000
1 76684U          19292.37500000  .00000000  00000-0  00000-0 0 00000
2 76684 097.6900 27.2860 0000000 000.0000 128.9040 15.01920000000000
1 76684U          19292.59375000  .00000000  00000-0  00000-0 0 00000
2 76684 097.6910 27.5020 0000000 000.0000 230.1540 15.01920000000000
1 76684U          19293.04375000  .00000000  00000-0  00000-0 0 00000
2 76684 097.6910 27.9450 0000000 000.0000 140.1540 15.01920000000000
1 76684U          19293.38263889  .00000000  00000-0  00000-0 0 00000
2 76684 097.6920 28.2790 0000000 000.0000 170.1550 15.01920000000000
1 76684U          19293.63263889  .00000000  00000-0  00000-0 0 00000
2 76684 097.6920 28.5260 0000000 000.0000 080.1550 15.01920000000000
1 76684U          19293.95902778  .00000000  00000-0  00000-0 0 00000
2 76684 097.6930 28.8480 0000000 000.0000 042.6550 15.01920000000000
1 76684U          19294.26111111  .00000000  00000-0  00000-0 0 00000
2 76684 097.6930 29.1450 0000000 000.0000 233.9060 15.01920000000000
1 76684U          19294.67430556  .00000000  00000-0  00000-0 0 00000
2 76684 097.6940 29.5530 0000000 000.0000 305.1560 15.01920000000000
1 76684U          19294.97708333  .00000000  00000-0  00000-0 0 00000
2 76684 097.6950 29.8510 0000000 000.0000 140.1560 15.01920000000000
1 76684U          19295.36666667  .00000000  00000-0  00000-0 0 00000
2 76684 097.6950 30.2350 0000000 000.0000 083.9070 15.01920000000000
1 76684U          19295.64375000  .00000000  00000-0  00000-0 0 00000
2 76684 097.6960 30.5080 0000000 000.0000 140.1570 15.01920000000000
1 76684U          19295.96666667  .00000000  00000-0  00000-0 0 00000
2 76684 097.6960 30.8270 0000000 000.0000 083.9070 15.01920000000000
1 76684U          19296.28750000  .00000000  00000-0  00000-0 0 00000
2 76684 097.6970 31.1430 0000000 000.0000 016.4080 15.01920000000000
1 76684U          19296.67152778  .00000000  00000-0  00000-0 0 00000
2 76684 097.6970 31.5210 0000000 000.0000 290.1580 15.01920000000000
1 76684U          19296.94305556  .00000000  00000-0  00000-0 0 00000
2 76684 097.6980 31.7890 0000000 000.0000 316.4080 15.01920000000000
1 76684U          19297.30347222  .00000000  00000-0  00000-0 0 00000
2 76684 097.6980 32.1440 0000000 000.0000 102.6590 15.01920000000000
1 76684U          19297.61250000  .00000000  00000-0  00000-0 0 00000
2 76684 097.6990 32.4490 0000000 000.0000 331.4090 15.01920000000000
1 76684U          19298.02430556  .00000000  00000-0  00000-0 0 00000
2 76684 097.6990 32.8550 0000000 000.0000 035.1590 15.01920000000000
1 76684U          19298.26805556  .00000000  00000-0  00000-0 0 00000
2 76684 097.7000 33.0950 0000000 000.0000 271.4100 15.01920000000000
1 76684U          19298.67916667  .00000000  00000-0  00000-0 0 00000
2 76684 097.7000 33.5000 0000000 000.0000 331.4100 15.01920000000000
1 76684U          19298.92777778  .00000000  00000-0  00000-0 0 00000
2 76684 097.7010 33.7460 0000000 000.0000 233.9100 15.01920000000000
1 76684U          19299.40555556  .00000000  00000-0  00000-0 0 00000
2 76684 097.7010 34.2170 0000000 000.0000 293.9110 15.01920000000000
1 76684U          19299.58541667  .00000000  00000-0  00000-0 0 00000
2 76684 097.7020 34.3940 0000000 000.0000 185.1610 15.01920000000000
1 76684U          19300.03680556  .00000000  00000-0  00000-0 0 00000
2 76684 097.7020 34.8390 0000000 000.0000 102.6620 15.01920000000000
1 76684U          19300.33958333  .00000000  00000-0  00000-0 0 00000
2 76684 097.7030 35.1370 0000000 000.0000 297.6620 15.01920000000000
1 76684U          19300.69722222  .00000000  00000-0  00000-0 0 00000
2 76684 097.7030 35.4900 0000000 000.0000 068.9120 15.01920000000000
1 76684U          19300.98263889  .00000000  00000-0  00000-0 0 00000
2 76684 097.7040 35.7710 0000000 000.0000 170.1630 15.01920000000000
1 76684U          19301.31666667  .00000000  00000-0  00000-0 0 00000
2 76684 097.7040 36.1000 0000000 000.0000 173.9130 15.01920000000000
1 76684U          19301.74583333  .00000000  00000-0  00000-0 0 00000
2 76684 097.7050 36.5230 0000000 000.0000 331.4140 15.01920000000000
1 76684U          19301.91875000  .00000000  00000-0  00000-0 0 00000
2 76684 097.7050 36.6940 0000000 000.0000 185.1640 15.01920000000000
1 76684U          19302.39236111  .00000000  00000-0  00000-0 0 00000
2 76684 097.7060 37.1610 0000000 000.0000 222.6640 15.01920000000000
1 76684U          19302.65347222  .00000000  00000-0  00000-0 0 00000
2 76684 097.7060 37.4180 0000000 000.0000 192.6650 15.01920000000000
1 76684U          19303.00000000  .00000000  00000-0  00000-0 0 00000
2 76684 097.7070 37.7600 0000000 000.0000 263.9150 15.01920000000000
1 76684U          19303.33333333  .00000000  00000-0  00000-0 0 00000
2 76684 097.7070 38.0880 0000000 000.0000 263.9150 15.01920000000000
1 76684U          19303.73402778  .00000000  00000-0  00000-0 0 00000
2 76684 097.7080 38.4830 0000000 000.0000 267.6660 15.01920000000000
1 76684U          19304.01527778  .00000000  00000-0  00000-0 0 00000
2 76684 097.7080 38.7610 0000000 000.0000 346.4160 15.01920000000000
1 76684U          19304.32291667  .00000000  00000-0  00000-0 0 00000
2 76684 097.7090 39.0640 0000000 000.0000 207.6670 15.01920000000000
1 76684U          19304.59583333  .00000000  00000-0  00000-0 0 00000
2 76684 097.7090 39.3330 0000000 000.0000 241.4170 15.01920000000000
1 76684U          19304.94305556  .00000000  00000-0  00000-0 0 00000
2 76684 097.7100 39.6750 0000000 000.0000 316.4170 15.01920000000000
1 76684U          19305.35000000  .00000000  00000-0  00000-0 0 00000
2 76684 097.7100 40.0760 0000000 000.0000 353.9180 15.01920000000000
1 76684U          19305.60694444  .00000000  00000-0  00000-0 0 00000
2 76684 097.7110 40.3300 0000000 000.0000 301.4180 15.01920000000000
1 76684U          19305.96527778  .00000000  00000-0  00000-0 0 00000
2 76684 097.7110 40.6830 0000000 000.0000 076.4190 15.01920000000000
1 76684U          19306.37430556  .00000000  00000-0  00000-0 0 00000
2 76684 097.7120 41.0860 0000000 000.0000 125.1690 15.01920000000000
1 76684U          19306.73888889  .00000000  00000-0  00000-0 0 00000
2 76684 097.7120 41.4450 0000000 000.0000 293.9200 15.01920000000000
1 76684U          19306.92361111  .00000000  00000-0  00000-0 0 00000
2 76684 097.7120 41.6280 0000000 000.0000 211.4200 15.01920000000000
1 76684U          19307.41180556  .00000000  00000-0  00000-0 0 00000
2 76684 097.7130 42.1090 0000000 000.0000 327.6710 15.01920000000000
1 76684U          19307.69583333  .00000000  00000-0  00000-0 0 00000
2 76684 097.7140 42.3890 0000000 000.0000 061.4210 15.01920000000000
1 76684U          19307.97500000  .00000000  00000-0  00000-0 0 00000
2 76684 097.7140 42.6640 0000000 000.0000 128.9210 15.01920000000000
1 76684U          19308.41250000  .00000000  00000-0  00000-0 0 00000
2 76684 097.7150 43.0950 0000000 000.0000 331.4220 15.01920000000000
1 76684U          19308.73541667  .00000000  00000-0  00000-0 0 00000
2 76684 097.7150 43.4140 0000000 000.0000 275.1720 15.01920000000000
1 76684U          19308.95625000  .00000000  00000-0  00000-0 0 00000
2 76684 097.7150 43.6310 0000000 000.0000 027.6730 15.01920000000000
1 76684U          19309.40902778  .00000000  00000-0  00000-0 0 00000
2 76684 097.7160 44.0780 0000000 000.0000 312.6730 15.01920000000000
1 76684U          19309.65277778  .00000000  00000-0  00000-0 0 00000
2 76684 097.7160 44.3180 0000000 000.0000 188.9240 15.01920000000000
1 76684U          19310.00486111  .00000000  00000-0  00000-0 0 00000
2 76684 097.7170 44.6650 0000000 000.0000 290.1740 15.01920000000000
1 76684U          19310.25833333  .00000000  00000-0  00000-0 0 00000
2 76684 097.7170 44.9150 0000000 000.0000 218.9240 15.01920000000000
1 76684U          19310.66319444  .00000000  00000-0  00000-0 0 00000
2 76684 097.7170 45.3140 0000000 000.0000 245.1750 15.01920000000000
1 76684U          19311.02152778  .00000000  00000-0  00000-0 0 00000
2 76684 097.7180 45.6670 0000000 000.0000 020.1750 15.01920000000000
1 76684U          19311.36736111  .00000000  00000-0  00000-0 0 00000
2 76684 097.7180 46.0080 0000000 000.0000 087.6760 15.01920000000000
1 76684U          19311.62152778  .00000000  00000-0  00000-0 0 00000
2 76684 097.7190 46.2590 0000000 000.0000 020.1760 15.01920000000000
1 76684U          19311.92152778  .00000000  00000-0  00000-0 0 00000
2 76684 097.7190 46.5540 0000000 000.0000 200.1770 15.01914300000000
1 76684U          19312.29583333  .00000000  00000-0  00000-0 0 00000
2 76684 097.7200 46.9230 0000000 000.0000 061.4270 15.01914300000000
1 76684U          19312.63472222  .00000000  00000-0  00000-0 0 00000
2 76684 097.7200 47.2570 0000000 000.0000 091.4280 15.01914300000000
1 76684U          19312.91597222  .00000000  00000-0  00000-0 0 00000
2 76684 097.7200 47.5350 0000000 000.0000 170.1780 15.01914300000000
1 76684U          19313.16111111  .00000000  00000-0  00000-0 0 00000
2 76684 097.7210 47.7760 0000000 000.0000 053.9280 15.01914300000000
1 76684U          19313.57152778  .00000000  00000-0  00000-0 0 00000
2 76684 097.7210 48.1810 0000000 000.0000 110.1790 15.01914300000000
1 76684U          19313.87847222  .00000000  00000-0  00000-0 0 00000
2 76684 097.7220 48.4840 0000000 000.0000 327.6790 15.01914300000000
1 76684U          19314.17638889  .00000000  00000-0  00000-0 0 00000
2 76684 097.7220 48.7770 0000000 000.0000 136.4300 15.01914300000000
1 76684U          19314.61805556  .00000000  00000-0  00000-0 0 00000
2 76684 097.7220 49.2130 0000000 000.0000 001.4310 15.01914300000000
1 76684U          19314.89513889  .00000000  00000-0  00000-0 0 00000
2 76684 097.7230 49.4860 0000000 000.0000 057.6810 15.01914300000000
1 76684U          19315.16250000  .00000000  00000-0  00000-0 0 00000
2 76684 097.7230 49.7490 0000000 000.0000 061.4310 15.01914300000000
1 76684U          19315.61666667  .00000000  00000-0  00000-0 0 00000
2 76684 097.7240 50.1970 0000000 000.0000 353.9320 15.01914300000000
1 76684U          19315.88194444  .00000000  00000-0  00000-0 0 00000
2 76684 097.7240 50.4590 0000000 000.0000 346.4320 15.01914300000000
1 76684U          19316.21666667  .00000000  00000-0  00000-0 0 00000
2 76684 097.7240 50.7890 0000000 000.0000 353.9330 15.01914300000000
1 76684U          19316.51111111  .00000000  00000-0  00000-0 0 00000
2 76684 097.7250 51.0790 0000000 000.0000 143.9330 15.01914300000000
1 76684U          19316.95833333  .00000000  00000-0  00000-0 0 00000
2 76684 097.7250 51.5200 0000000 000.0000 038.9340 15.01914300000000
1 76684U          19317.27569444  .00000000  00000-0  00000-0 0 00000
2 76684 097.7260 51.8330 0000000 000.0000 312.6850 15.01914300000000
1 76684U          19317.63333333  .00000000  00000-0  00000-0 0 00000
2 76684 097.7260 52.1850 0000000 000.0000 083.9350 15.01914300000000
1 76684U          19317.97500000  .00000000  00000-0  00000-0 0 00000
2 76684 097.7260 52.5220 0000000 000.0000 128.9360 15.01914300000000
1 76684U          19318.21944444  .00000000  00000-0  00000-0 0 00000
2 76684 097.7270 52.7630 0000000 000.0000 008.9360 15.01914300000000
1 76684U          19318.61597222  .00000000  00000-0  00000-0 0 00000
2 76684 097.7270 53.1540 0000000 000.0000 350.1870 15.01914300000000
1 76684U          19318.81458333  .00000000  00000-0  00000-0 0 00000
2 76684 097.7270 53.3500 0000000 000.0000 342.6870 15.01914300000000
1 76684U          19318.94444444  .00000000  00000-0  00000-0 0 00000
2 76684 097.7270 53.4780 0000000 000.0000 323.9370 15.01914300000000
1 76684U          19319.15416667  .00000000  00000-0  00000-0 0 00000
2 76684 097.7280 53.6840 0000000 000.0000 016.4370 15.01914300000000
1 76684U          19319.57638889  .00000000  00000-0  00000-0 0 00000
2 76684 097.7280 54.1010 0000000 000.0000 136.4380 15.01914300000000
1 76684U          19319.97708333  .00000000  00000-0  00000-0 0 00000
2 76684 097.7290 54.4960 0000000 000.0000 140.1890 15.01914300000000
1 76684U          19320.16180556  .00000000  00000-0  00000-0 0 00000
2 76684 097.7290 54.6780 0000000 000.0000 057.6890 15.01914300000000
1 76684U          19320.52777778  .00000000  00000-0  00000-0 0 00000
2 76684 097.7290 55.0380 0000000 000.0000 233.9400 15.01914300000000
1 76684U          19320.95000000  .00000000  00000-0  00000-0 0 00000
2 76684 097.7300 55.4550 0000000 000.0000 353.9400 15.01914300000000
1 76684U          19321.23958333  .00000000  00000-0  00000-0 0 00000
2 76684 097.7300 55.7400 0000000 000.0000 117.6910 15.01914300000000
1 76684U          19321.50000000  .00000000  00000-0  00000-0 0 00000
2 76684 097.7300 55.9970 0000000 000.0000 083.9410 15.01914300000000
1 76684U          19321.92152778  .00000000  00000-0  00000-0 0 00000
2 76684 097.7310 56.4120 0000000 000.0000 200.1920 15.01914300000000
1 76684U          19322.30000000  .00000000  00000-0  00000-0 0 00000
2 76684 097.7310 56.7860 0000000 000.0000 083.9420 15.01914300000000
1 76684U          19322.51597222  .00000000  00000-0  00000-0 0 00000
2 76684 097.7310 56.9980 0000000 000.0000 170.1930 15.01914300000000
1 76684U          19322.87083333  .00000000  00000-0  00000-0 0 00000
2 76684 097.7320 57.3480 0000000 000.0000 286.4430 15.01914300000000
1 76684U          19323.29722222  .00000000  00000-0  00000-0 0 00000
2 76684 097.7320 57.7690 0000000 000.0000 068.9440 15.01914300000000
1 76684U          19323.56111111  .00000000  00000-0  00000-0 0 00000
2 76684 097.7320 58.0290 0000000 000.0000 053.9440 15.01914300000000
1 76684U          19323.86388889  .00000000  00000-0  00000-0 0 00000
2 76684 097.7330 58.3270 0000000 000.0000 248.9450 15.01914300000000
1 76684U          19324.14930556  .00000000  00000-0  00000-0 0 00000
2 76684 097.7330 58.6090 0000000 000.0000 350.1950 15.01914300000000
1 76684U          19324.48194444  .00000000  00000-0  00000-0 0 00000
2 76684 097.7330 58.9370 0000000 000.0000 346.4460 15.01914300000000
1 76684U          19324.91041667  .00000000  00000-0  00000-0 0 00000
2 76684 097.7340 59.3590 0000000 000.0000 140.1970 15.01914300000000
1 76684U          19325.17500000  .00000000  00000-0  00000-0 0 00000
2 76684 097.7340 59.6200 0000000 000.0000 128.9470 15.01914300000000
1 76684U          19325.55694444  .00000000  00000-0  00000-0 0 00000
2 76684 097.7340 59.9960 0000000 000.0000 031.4480 15.01914300000000
1 76684U          19325.81736111  .00000000  00000-0  00000-0 0 00000
2 76684 097.7340 60.2530 0000000 000.0000 357.6980 15.01914300000000
1 76684U          19325.94583333  .00000000  00000-0  00000-0 0 00000
2 76684 097.7340 60.3800 0000000 000.0000 331.4480 15.01914300000000
1 76684U          19326.22152778  .00000000  00000-0  00000-0 0 00000
2 76684 097.7350 60.6510 0000000 000.0000 020.1990 15.01914300000000
1 76684U          19326.55833333  .00000000  00000-0  00000-0 0 00000
2 76684 097.7350 60.9840 0000000 000.0000 038.9490 15.01914300000000
1 76684U          19326.88402778  .00000000  00000-0  00000-0 0 00000
2 76684 097.7350 61.3050 0000000 000.0000 357.7000 15.01914300000000
1 76684U          19327.16597222  .00000000  00000-0  00000-0 0 00000
2 76684 097.7360 61.5830 0000000 000.0000 080.2000 15.01914300000000
1 76684U          19327.48194444  .00000000  00000-0  00000-0 0 00000
2 76684 097.7360 61.8940 0000000 000.0000 346.4510 15.01914300000000
1 76684U          19327.91041667  .00000000  00000-0  00000-0 0 00000
2 76684 097.7360 62.3160 0000000 000.0000 140.2020 15.01914300000000
1 76684U          19328.20972222  .00000000  00000-0  00000-0 0 00000
2 76684 097.7360 62.6120 0000000 000.0000 316.4520 15.01914300000000
1 76684U          19328.55416667  .00000000  00000-0  00000-0 0 00000
2 76684 097.7370 62.9510 0000000 000.0000 016.4530 15.01914300000000
1 76684U          19328.84652778  .00000000  00000-0  00000-0 0 00000
2 76684 097.7370 63.2390 0000000 000.0000 155.2030 15.01914300000000
1 76684U          19329.25000000  .00000000  00000-0  00000-0 0 00000
2 76684 097.7370 63.6370 0000000 000.0000 173.9540 15.01914300000000
1 76684U          19329.62083333  .00000000  00000-0  00000-0 0 00000
2 76684 097.7380 64.0030 0000000 000.0000 016.4550 15.01914300000000
1 76684U          19329.86388889  .00000000  00000-0  00000-0 0 00000
2 76684 097.7380 64.2420 0000000 000.0000 248.9550 15.01914300000000
1 76684U          19330.25694444  .00000000  00000-0  00000-0 0 00000
2 76684 097.7380 64.6300 0000000 000.0000 211.4560 15.01914300000000
1 76684U          19330.55833333  .00000000  00000-0  00000-0 0 00000
2 76684 097.7380 64.9270 0000000 000.0000 038.9560 15.01914300000000
1 76684U          19330.85277778  .00000000  00000-0  00000-0 0 00000
2 76684 097.7390 65.2170 0000000 000.0000 188.9570 15.01914300000000
1 76684U          19331.14583333  .00000000  00000-0  00000-0 0 00000
2 76684 097.7390 65.5060 0000000 000.0000 331.4570 15.01914300000000
1 76684U          19331.60486111  .00000000  00000-0  00000-0 0 00000
2 76684 097.7390 65.9590 0000000 000.0000 290.2080 15.01914300000000
1 76684U          19331.96527778  .00000000  00000-0  00000-0 0 00000
2 76684 097.7390 66.3140 0000000 000.0000 076.4590 15.01914300000000
1 76684U          19332.17638889  .00000000  00000-0  00000-0 0 00000
2 76684 097.7400 66.5220 0000000 000.0000 136.4590 15.01914300000000
1 76684U          19332.56805556  .00000000  00000-0  00000-0 0 00000
2 76684 097.7400 66.9080 0000000 000.0000 091.4600 15.01914300000000
1 76684U          19332.82847222  .00000000  00000-0  00000-0 0 00000
2 76684 097.7400 67.1650 0000000 000.0000 057.7100 15.01914300000000
