1 79359U          19281.97986111  .00000000  00000-0  00000-0 0 00000
2 79359 097.6560 171.354  0000000 000.0000 079.9290 15.01920000000000
1 79359U          19282.27083333  .00000000  00000-0  00000-0 0 00000
2 79359 097.6550 171.640  0000000 000.0000 211.1790 15.01920000000000
1 79359U          19282.58611111  .00000000  00000-0  00000-0 0 00000
2 79359 097.6550 171.951  0000000 000.0000 113.6800 15.01920000000000
1 79359U          19283.01736111  .00000000  00000-0  00000-0 0 00000
2 79359 097.6540 172.376  0000000 000.0000 282.4300 15.01920000000000
1 79359U          19283.32500000  .00000000  00000-0  00000-0 0 00000
2 79359 097.6530 172.679  0000000 000.0000 143.6800 15.01920000000000
1 79359U          19283.64305556  .00000000  00000-0  00000-0 0 00000
2 79359 097.6530 172.993  0000000 000.0000 061.1800 15.01920000000000
1 79359U          19283.94583333  .00000000  00000-0  00000-0 0 00000
2 79359 097.6520 173.291  0000000 000.0000 256.1800 15.01920000000000
1 79359U          19284.36388889  .00000000  00000-0  00000-0 0 00000
2 79359 097.6510 173.703  0000000 000.0000 353.6800 15.01920000000000
1 79359U          19284.60138889  .00000000  00000-0  00000-0 0 00000
2 79359 097.6510 173.938  0000000 000.0000 196.1800 15.01920000000000
1 79359U          19284.94444444  .00000000  00000-0  00000-0 0 00000
2 79359 097.6500 174.276  0000000 000.0000 248.6800 15.01920000000000
1 79359U          19285.30902778  .00000000  00000-0  00000-0 0 00000
2 79359 097.6500 174.635  0000000 000.0000 057.4300 15.01920000000000
1 79359U          19285.72500000  .00000000  00000-0  00000-0 0 00000
2 79359 097.6490 175.045  0000000 000.0000 143.6800 15.01920000000000
1 79359U          19285.96180556  .00000000  00000-0  00000-0 0 00000
2 79359 097.6480 175.278  0000000 000.0000 342.4300 15.01920000000000
1 79359U          19286.27500000  .00000000  00000-0  00000-0 0 00000
2 79359 097.6480 175.587  0000000 000.0000 233.6800 15.01920000000000
1 79359U          19286.72222222  .00000000  00000-0  00000-0 0 00000
2 79359 097.6470 176.028  0000000 000.0000 128.6810 15.01920000000000
1 79359U          19286.96944444  .00000000  00000-0  00000-0 0 00000
2 79359 097.6470 176.272  0000000 000.0000 023.6810 15.01920000000000
1 79359U          19287.34166667  .00000000  00000-0  00000-0 0 00000
2 79359 097.6460 176.638  0000000 000.0000 233.6810 15.01920000000000
1 79359U          19287.62083333  .00000000  00000-0  00000-0 0 00000
2 79359 097.6450 176.914  0000000 000.0000 301.1810 15.01920000000000
1 79359U          19287.94791667  .00000000  00000-0  00000-0 0 00000
2 79359 097.6450 177.236  0000000 000.0000 267.4310 15.01920000000000
1 79359U          19288.26597222  .00000000  00000-0  00000-0 0 00000
2 79359 097.6440 177.549  0000000 000.0000 184.9310 15.01920000000000
1 79359U          19288.67777778  .00000000  00000-0  00000-0 0 00000
2 79359 097.6430 177.955  0000000 000.0000 248.6810 15.01920000000000
1 79359U          19289.00902778  .00000000  00000-0  00000-0 0 00000
2 79359 097.6430 178.282  0000000 000.0000 237.4310 15.01920000000000
1 79359U          19289.40138889  .00000000  00000-0  00000-0 0 00000
2 79359 097.6420 178.669  0000000 000.0000 196.1810 15.01920000000000
1 79359U          19289.65069444  .00000000  00000-0  00000-0 0 00000
2 79359 097.6420 178.914  0000000 000.0000 102.4310 15.01920000000000
1 79359U          19289.95069444  .00000000  00000-0  00000-0 0 00000
2 79359 097.6410 179.210  0000000 000.0000 282.4310 15.01920000000000
1 79359U          19290.38888889  .00000000  00000-0  00000-0 0 00000
2 79359 097.6400 179.642  0000000 000.0000 128.6810 15.01920000000000
1 79359U          19290.64236111  .00000000  00000-0  00000-0 0 00000
2 79359 097.6400 179.892  0000000 000.0000 057.4310 15.01920000000000
1 79359U          19290.99305556  .00000000  00000-0  00000-0 0 00000
2 79359 097.6390 180.237  0000000 000.0000 151.1810 15.01920000000000
1 79359U          19291.31944444  .00000000  00000-0  00000-0 0 00000
2 79359 097.6380 180.559  0000000 000.0000 113.6810 15.01920000000000
1 79359U          19291.73541667  .00000000  00000-0  00000-0 0 00000
2 79359 097.6380 180.969  0000000 000.0000 199.9310 15.01920000000000
1 79359U          19291.95625000  .00000000  00000-0  00000-0 0 00000
2 79359 097.6370 181.187  0000000 000.0000 312.4310 15.01920000000000
1 79359U          19292.38680556  .00000000  00000-0  00000-0 0 00000
2 79359 097.6360 181.611  0000000 000.0000 117.4310 15.01920000000000
1 79359U          19292.72500000  .00000000  00000-0  00000-0 0 00000
2 79359 097.6360 181.944  0000000 000.0000 143.6810 15.01920000000000
1 79359U          19292.96111111  .00000000  00000-0  00000-0 0 00000
2 79359 097.6350 182.177  0000000 000.0000 338.6810 15.01920000000000
1 79359U          19293.27986111  .00000000  00000-0  00000-0 0 00000
2 79359 097.6350 182.491  0000000 000.0000 259.9310 15.01920000000000
1 79359U          19293.63194444  .00000000  00000-0  00000-0 0 00000
2 79359 097.6340 182.838  0000000 000.0000 001.1810 15.01920000000000
1 79359U          19294.03402778  .00000000  00000-0  00000-0 0 00000
2 79359 097.6330 183.234  0000000 000.0000 012.4310 15.01920000000000
1 79359U          19294.26805556  .00000000  00000-0  00000-0 0 00000
2 79359 097.6330 183.465  0000000 000.0000 196.1810 15.01920000000000
1 79359U          19294.74236111  .00000000  00000-0  00000-0 0 00000
2 79359 097.6320 183.933  0000000 000.0000 237.4310 15.01920000000000
1 79359U          19295.00069444  .00000000  00000-0  00000-0 0 00000
2 79359 097.6320 184.187  0000000 000.0000 192.4310 15.01920000000000
1 79359U          19295.25208333  .00000000  00000-0  00000-0 0 00000
2 79359 097.6310 184.435  0000000 000.0000 109.9310 15.01920000000000
1 79359U          19295.62152778  .00000000  00000-0  00000-0 0 00000
2 79359 097.6300 184.799  0000000 000.0000 304.9310 15.01920000000000
1 79359U          19295.93263889  .00000000  00000-0  00000-0 0 00000
2 79359 097.6300 185.106  0000000 000.0000 184.9310 15.01920000000000
1 79359U          19296.41458333  .00000000  00000-0  00000-0 0 00000
2 79359 097.6290 185.581  0000000 000.0000 267.4310 15.01920000000000
1 79359U          19296.69791667  .00000000  00000-0  00000-0 0 00000
2 79359 097.6280 185.860  0000000 000.0000 357.4300 15.01920000000000
1 79359U          19297.06805556  .00000000  00000-0  00000-0 0 00000
2 79359 097.6280 186.225  0000000 000.0000 196.1800 15.01920000000000
1 79359U          19297.38333333  .00000000  00000-0  00000-0 0 00000
2 79359 097.6270 186.535  0000000 000.0000 098.6800 15.01920000000000
1 79359U          19297.67361111  .00000000  00000-0  00000-0 0 00000
2 79359 097.6270 186.822  0000000 000.0000 226.1800 15.01920000000000
1 79359U          19298.00763889  .00000000  00000-0  00000-0 0 00000
2 79359 097.6260 187.151  0000000 000.0000 229.9300 15.01920000000000
1 79359U          19298.29930556  .00000000  00000-0  00000-0 0 00000
2 79359 097.6260 187.438  0000000 000.0000 004.9300 15.01920000000000
1 79359U          19298.60763889  .00000000  00000-0  00000-0 0 00000
2 79359 097.6250 187.742  0000000 000.0000 229.9300 15.01920000000000
1 79359U          19299.02638889  .00000000  00000-0  00000-0 0 00000
2 79359 097.6240 188.155  0000000 000.0000 331.1800 15.01920000000000
1 79359U          19299.28819444  .00000000  00000-0  00000-0 0 00000
2 79359 097.6240 188.413  0000000 000.0000 304.9300 15.01920000000000
1 79359U          19299.64583333  .00000000  00000-0  00000-0 0 00000
2 79359 097.6230 188.765  0000000 000.0000 076.1800 15.01920000000000
1 79359U          19300.03055556  .00000000  00000-0  00000-0 0 00000
2 79359 097.6220 189.145  0000000 000.0000 353.6800 15.01920000000000
1 79359U          19300.29444444  .00000000  00000-0  00000-0 0 00000
2 79359 097.6220 189.405  0000000 000.0000 338.6800 15.01920000000000
1 79359U          19300.61180556  .00000000  00000-0  00000-0 0 00000
2 79359 097.6210 189.717  0000000 000.0000 252.4300 15.01920000000000
1 79359U          19301.06111111  .00000000  00000-0  00000-0 0 00000
2 79359 097.6200 190.160  0000000 000.0000 158.6790 15.01920000000000
1 79359U          19301.39097222  .00000000  00000-0  00000-0 0 00000
2 79359 097.6200 190.485  0000000 000.0000 139.9290 15.01920000000000
1 79359U          19301.71250000  .00000000  00000-0  00000-0 0 00000
2 79359 097.6190 190.802  0000000 000.0000 076.1790 15.01920000000000
1 79359U          19302.07152778  .00000000  00000-0  00000-0 0 00000
2 79359 097.6190 191.156  0000000 000.0000 214.9290 15.01920000000000
1 79359U          19302.39236111  .00000000  00000-0  00000-0 0 00000
2 79359 097.6180 191.472  0000000 000.0000 147.4290 15.01920000000000
1 79359U          19302.70208333  .00000000  00000-0  00000-0 0 00000
2 79359 097.6170 191.777  0000000 000.0000 019.9290 15.01920000000000
1 79359U          19303.05347222  .00000000  00000-0  00000-0 0 00000
2 79359 097.6170 192.124  0000000 000.0000 117.4290 15.01920000000000
1 79359U          19303.33541667  .00000000  00000-0  00000-0 0 00000
2 79359 097.6160 192.402  0000000 000.0000 199.9290 15.01920000000000
1 79359U          19303.70972222  .00000000  00000-0  00000-0 0 00000
2 79359 097.6160 192.771  0000000 000.0000 061.1790 15.01920000000000
1 79359U          19303.91666667  .00000000  00000-0  00000-0 0 00000
2 79359 097.6150 192.975  0000000 000.0000 098.6780 15.01920000000000
1 79359U          19304.39097222  .00000000  00000-0  00000-0 0 00000
2 79359 097.6140 193.442  0000000 000.0000 139.9280 15.01920000000000
1 79359U          19304.69097222  .00000000  00000-0  00000-0 0 00000
2 79359 097.6140 193.738  0000000 000.0000 319.9280 15.01920000000000
1 79359U          19304.97500000  .00000000  00000-0  00000-0 0 00000
2 79359 097.6130 194.018  0000000 000.0000 053.6780 15.01920000000000
1 79359U          19305.34513889  .00000000  00000-0  00000-0 0 00000
2 79359 097.6130 194.382  0000000 000.0000 252.4280 15.01920000000000
1 79359U          19305.59305556  .00000000  00000-0  00000-0 0 00000
2 79359 097.6120 194.627  0000000 000.0000 151.1780 15.01920000000000
1 79359U          19306.02986111  .00000000  00000-0  00000-0 0 00000
2 79359 097.6110 195.057  0000000 000.0000 349.9280 15.01920000000000
1 79359U          19306.34027778  .00000000  00000-0  00000-0 0 00000
2 79359 097.6110 195.363  0000000 000.0000 226.1770 15.01920000000000
1 79359U          19306.67222222  .00000000  00000-0  00000-0 0 00000
2 79359 097.6100 195.690  0000000 000.0000 218.6770 15.01920000000000
1 79359U          19307.07847222  .00000000  00000-0  00000-0 0 00000
2 79359 097.6100 196.091  0000000 000.0000 252.4270 15.01920000000000
1 79359U          19307.25416667  .00000000  00000-0  00000-0 0 00000
2 79359 097.6090 196.264  0000000 000.0000 121.1770 15.01920000000000
1 79359U          19307.65277778  .00000000  00000-0  00000-0 0 00000
2 79359 097.6090 196.657  0000000 000.0000 113.6770 15.01920000000000
1 79359U          19308.00416667  .00000000  00000-0  00000-0 0 00000
2 79359 097.6080 197.003  0000000 000.0000 211.1770 15.01920000000000
1 79359U          19308.25138889  .00000000  00000-0  00000-0 0 00000
2 79359 097.6080 197.247  0000000 000.0000 106.1760 15.01920000000000
1 79359U          19308.69861111  .00000000  00000-0  00000-0 0 00000
2 79359 097.6070 197.687  0000000 000.0000 001.1760 15.01920000000000
1 79359U          19309.07361111  .00000000  00000-0  00000-0 0 00000
2 79359 097.6060 198.057  0000000 000.0000 226.1760 15.01920000000000
1 79359U          19309.39027778  .00000000  00000-0  00000-0 0 00000
2 79359 097.6050 198.369  0000000 000.0000 136.1760 15.01920000000000
1 79359U          19309.62361111  .00000000  00000-0  00000-0 0 00000
2 79359 097.6050 198.599  0000000 000.0000 316.1760 15.01920000000000
1 79359U          19309.99652778  .00000000  00000-0  00000-0 0 00000
2 79359 097.6040 198.966  0000000 000.0000 169.9250 15.01920000000000
1 79359U          19310.30555556  .00000000  00000-0  00000-0 0 00000
2 79359 097.6040 199.271  0000000 000.0000 038.6750 15.01920000000000
1 79359U          19310.69236111  .00000000  00000-0  00000-0 0 00000
2 79359 097.6030 199.652  0000000 000.0000 327.4250 15.01920000000000
1 79359U          19311.04375000  .00000000  00000-0  00000-0 0 00000
2 79359 097.6030 199.998  0000000 000.0000 064.9250 15.01920000000000
1 79359U          19311.35972222  .00000000  00000-0  00000-0 0 00000
2 79359 097.6020 200.310  0000000 000.0000 331.1750 15.01920000000000
1 79359U          19311.64513889  .00000000  00000-0  00000-0 0 00000
2 79359 097.6020 200.591  0000000 000.0000 072.4240 15.01920000000000
1 79359U          19311.92638889  .00000000  00000-0  00000-0 0 00000
2 79359 097.6010 200.868  0000000 000.0000 151.1740 15.01914300000000
1 79359U          19312.24027778  .00000000  00000-0  00000-0 0 00000
2 79359 097.6010 201.178  0000000 000.0000 046.1740 15.01914300000000
1 79359U          19312.48541667  .00000000  00000-0  00000-0 0 00000
2 79359 097.6000 201.419  0000000 000.0000 289.9240 15.01914300000000
1 79359U          19312.86111111  .00000000  00000-0  00000-0 0 00000
2 79359 097.5990 201.790  0000000 000.0000 158.6740 15.01914300000000
1 79359U          19313.19375000  .00000000  00000-0  00000-0 0 00000
2 79359 097.5990 202.117  0000000 000.0000 154.9230 15.01914300000000
1 79359U          19313.59861111  .00000000  00000-0  00000-0 0 00000
2 79359 097.5980 202.516  0000000 000.0000 181.1730 15.01914300000000
1 79359U          19313.94166667  .00000000  00000-0  00000-0 0 00000
2 79359 097.5980 202.854  0000000 000.0000 233.6730 15.01914300000000
1 79359U          19314.17083333  .00000000  00000-0  00000-0 0 00000
2 79359 097.5970 203.080  0000000 000.0000 031.1730 15.01914300000000
1 79359U          19314.63611111  .00000000  00000-0  00000-0 0 00000
2 79359 097.5960 203.539  0000000 000.0000 023.6720 15.01914300000000
1 79359U          19314.90347222  .00000000  00000-0  00000-0 0 00000
2 79359 097.5960 203.802  0000000 000.0000 027.4220 15.01914300000000
1 79359U          19315.15902778  .00000000  00000-0  00000-0 0 00000
2 79359 097.5960 204.054  0000000 000.0000 327.4220 15.01914300000000
1 79359U          19315.52569444  .00000000  00000-0  00000-0 0 00000
2 79359 097.5950 204.416  0000000 000.0000 147.4220 15.01914300000000
1 79359U          19315.88125000  .00000000  00000-0  00000-0 0 00000
2 79359 097.5940 204.766  0000000 000.0000 267.4220 15.01914300000000
1 79359U          19316.16944444  .00000000  00000-0  00000-0 0 00000
2 79359 097.5940 205.050  0000000 000.0000 023.6710 15.01914300000000
1 79359U          19316.59791667  .00000000  00000-0  00000-0 0 00000
2 79359 097.5930 205.472  0000000 000.0000 177.4210 15.01914300000000
1 79359U          19316.92569444  .00000000  00000-0  00000-0 0 00000
2 79359 097.5930 205.795  0000000 000.0000 147.4210 15.01914300000000
1 79359U          19317.31180556  .00000000  00000-0  00000-0 0 00000
2 79359 097.5920 206.176  0000000 000.0000 072.4200 15.01914300000000
1 79359U          19317.60069444  .00000000  00000-0  00000-0 0 00000
2 79359 097.5910 206.460  0000000 000.0000 192.4200 15.01914300000000
1 79359U          19317.94236111  .00000000  00000-0  00000-0 0 00000
2 79359 097.5910 206.797  0000000 000.0000 237.4200 15.01914300000000
1 79359U          19318.16944444  .00000000  00000-0  00000-0 0 00000
2 79359 097.5900 207.021  0000000 000.0000 023.6700 15.01914300000000
1 79359U          19318.57916667  .00000000  00000-0  00000-0 0 00000
2 79359 097.5900 207.425  0000000 000.0000 076.1690 15.01914300000000
1 79359U          19318.81388889  .00000000  00000-0  00000-0 0 00000
2 79359 097.5890 207.656  0000000 000.0000 263.6690 15.01914300000000
1 79359U          19318.97708333  .00000000  00000-0  00000-0 0 00000
2 79359 097.5890 207.817  0000000 000.0000 064.9190 15.01914300000000
1 79359U          19319.23819444  .00000000  00000-0  00000-0 0 00000
2 79359 097.5890 208.074  0000000 000.0000 034.9190 15.01914300000000
1 79359U          19319.50347222  .00000000  00000-0  00000-0 0 00000
2 79359 097.5880 208.336  0000000 000.0000 027.4190 15.01914300000000
1 79359U          19319.86527778  .00000000  00000-0  00000-0 0 00000
2 79359 097.5880 208.692  0000000 000.0000 181.1680 15.01914300000000
1 79359U          19320.20208333  .00000000  00000-0  00000-0 0 00000
2 79359 097.5870 209.024  0000000 000.0000 199.9180 15.01914300000000
1 79359U          19320.57291667  .00000000  00000-0  00000-0 0 00000
2 79359 097.5870 209.390  0000000 000.0000 042.4180 15.01914300000000
1 79359U          19320.95694444  .00000000  00000-0  00000-0 0 00000
2 79359 097.5860 209.768  0000000 000.0000 316.1670 15.01914300000000
1 79359U          19321.22013889  .00000000  00000-0  00000-0 0 00000
2 79359 097.5860 210.027  0000000 000.0000 297.4170 15.01914300000000
1 79359U          19321.56666667  .00000000  00000-0  00000-0 0 00000
2 79359 097.5850 210.369  0000000 000.0000 008.6670 15.01914300000000
1 79359U          19321.97361111  .00000000  00000-0  00000-0 0 00000
2 79359 097.5840 210.770  0000000 000.0000 046.1660 15.01914300000000
1 79359U          19322.21805556  .00000000  00000-0  00000-0 0 00000
2 79359 097.5840 211.011  0000000 000.0000 286.1660 15.01914300000000
1 79359U          19322.59444444  .00000000  00000-0  00000-0 0 00000
2 79359 097.5830 211.382  0000000 000.0000 158.6660 15.01914300000000
1 79359U          19322.83888889  .00000000  00000-0  00000-0 0 00000
2 79359 097.5830 211.623  0000000 000.0000 038.6660 15.01914300000000
1 79359U          19323.15486111  .00000000  00000-0  00000-0 0 00000
2 79359 097.5820 211.934  0000000 000.0000 304.9150 15.01914300000000
1 79359U          19323.56805556  .00000000  00000-0  00000-0 0 00000
2 79359 097.5820 212.341  0000000 000.0000 016.1650 15.01914300000000
1 79359U          19323.89444444  .00000000  00000-0  00000-0 0 00000
2 79359 097.5810 212.663  0000000 000.0000 338.6650 15.01914300000000
1 79359U          19324.24861111  .00000000  00000-0  00000-0 0 00000
2 79359 097.5810 213.012  0000000 000.0000 091.1640 15.01914300000000
1 79359U          19324.49236111  .00000000  00000-0  00000-0 0 00000
2 79359 097.5800 213.252  0000000 000.0000 327.4140 15.01914300000000
1 79359U          19324.90416667  .00000000  00000-0  00000-0 0 00000
2 79359 097.5800 213.658  0000000 000.0000 031.1640 15.01914300000000
1 79359U          19325.30138889  .00000000  00000-0  00000-0 0 00000
2 79359 097.5790 214.049  0000000 000.0000 016.1630 15.01914300000000
1 79359U          19325.54305556  .00000000  00000-0  00000-0 0 00000
2 79359 097.5790 214.287  0000000 000.0000 241.1630 15.01914300000000
1 79359U          19325.82569444  .00000000  00000-0  00000-0 0 00000
2 79359 097.5780 214.566  0000000 000.0000 327.4130 15.01914300000000
1 79359U          19325.89583333  .00000000  00000-0  00000-0 0 00000
2 79359 097.5780 214.635  0000000 000.0000 346.1630 15.01914300000000
1 79359U          19326.24652778  .00000000  00000-0  00000-0 0 00000
2 79359 097.5780 214.981  0000000 000.0000 079.9120 15.01914300000000
1 79359U          19326.62777778  .00000000  00000-0  00000-0 0 00000
2 79359 097.5770 215.356  0000000 000.0000 338.6620 15.01914300000000
1 79359U          19326.90486111  .00000000  00000-0  00000-0 0 00000
2 79359 097.5770 215.629  0000000 000.0000 034.9110 15.01914300000000
1 79359U          19327.19375000  .00000000  00000-0  00000-0 0 00000
2 79359 097.5760 215.914  0000000 000.0000 154.9110 15.01914300000000
1 79359U          19327.54513889  .00000000  00000-0  00000-0 0 00000
2 79359 097.5760 216.260  0000000 000.0000 252.4110 15.01914300000000
1 79359U          19327.88541667  .00000000  00000-0  00000-0 0 00000
2 79359 097.5750 216.596  0000000 000.0000 289.9100 15.01914300000000
1 79359U          19328.20486111  .00000000  00000-0  00000-0 0 00000
2 79359 097.5750 216.911  0000000 000.0000 214.9100 15.01914300000000
1 79359U          19328.62083333  .00000000  00000-0  00000-0 0 00000
2 79359 097.5740 217.320  0000000 000.0000 301.1600 15.01914300000000
1 79359U          19328.96250000  .00000000  00000-0  00000-0 0 00000
2 79359 097.5740 217.657  0000000 000.0000 346.1590 15.01914300000000
1 79359U          19329.16319444  .00000000  00000-0  00000-0 0 00000
2 79359 097.5730 217.855  0000000 000.0000 349.9090 15.01914300000000
1 79359U          19329.52916667  .00000000  00000-0  00000-0 0 00000
2 79359 097.5730 218.216  0000000 000.0000 166.1590 15.01914300000000
1 79359U          19329.92916667  .00000000  00000-0  00000-0 0 00000
2 79359 097.5720 218.610  0000000 000.0000 166.1580 15.01914300000000
1 79359U          19330.24722222  .00000000  00000-0  00000-0 0 00000
2 79359 097.5720 218.923  0000000 000.0000 083.6580 15.01914300000000
1 79359U          19330.55694444  .00000000  00000-0  00000-0 0 00000
2 79359 097.5710 219.228  0000000 000.0000 316.1570 15.01914300000000
1 79359U          19330.84861111  .00000000  00000-0  00000-0 0 00000
2 79359 097.5710 219.516  0000000 000.0000 091.1570 15.01914300000000
1 79359U          19331.25555556  .00000000  00000-0  00000-0 0 00000
2 79359 097.5700 219.917  0000000 000.0000 128.6570 15.01914300000000
1 79359U          19331.56388889  .00000000  00000-0  00000-0 0 00000
2 79359 097.5700 220.221  0000000 000.0000 353.6560 15.01914300000000
1 79359U          19331.95486111  .00000000  00000-0  00000-0 0 00000
2 79359 097.5690 220.606  0000000 000.0000 304.9060 15.01914300000000
1 79359U          19332.19652778  .00000000  00000-0  00000-0 0 00000
2 79359 097.5690 220.844  0000000 000.0000 169.9050 15.01914300000000
1 79359U          19332.59097222  .00000000  00000-0  00000-0 0 00000
2 79359 097.5680 221.233  0000000 000.0000 139.9050 15.01914300000000
1 79359U          19332.86319444  .00000000  00000-0  00000-0 0 00000
2 79359 097.5680 221.501  0000000 000.0000 169.9050 15.01914300000000
