1 79606U          19282.04027778  .00000000  00000-0  00000-0 0 00000
2 79606 097.8730 94.4230 0079690 108.8760 243.8860 15.01944000000000
1 79606U          19282.28819444  .00000000  00000-0  00000-0 0 00000
2 79606 097.8870 94.6690 0095420 103.6350 150.5350 15.07416000000000
1 79606U          19282.74375000  .00000000  00000-0  00000-0 0 00000
2 79606 097.8780 95.1270 0079910 110.3260 088.6600 15.02520000000000
1 79606U          19282.99166667  .00000000  00000-0  00000-0 0 00000
2 79606 097.8820 95.3810 0065480 109.0200 351.2890 15.07800000000000
1 79606U          19283.35416667  .00000000  00000-0  00000-0 0 00000
2 79606 097.8850 95.7410 0098480 102.4080 159.3070 15.07728000000000
1 79606U          19283.59444444  .00000000  00000-0  00000-0 0 00000
2 79606 097.8810 95.9920 0073360 100.6130 021.0930 15.06288000000000
1 79606U          19283.99652778  .00000000  00000-0  00000-0 0 00000
2 79606 097.8770 96.3940 0080959 100.4170 036.8530 15.04632000000000
1 79606U          19284.33263889  .00000000  00000-0  00000-0 0 00000
2 79606 097.8770 96.7300 0086850 103.7120 052.2090 15.02784000000000
1 79606U          19284.65416667  .00000000  00000-0  00000-0 0 00000
2 79606 097.8850 97.0530 0065489 104.2960 351.3800 15.08016000000000
1 79606U          19285.04513889  .00000000  00000-0  00000-0 0 00000
2 79606 097.8790 97.4370 0081670 108.9220 302.3260 15.05544000000000
1 79606U          19285.35069444  .00000000  00000-0  00000-0 0 00000
2 79606 097.8850 97.7490 0099950 098.1160 166.4380 15.07872000000000
1 79606U          19285.68958333  .00000000  00000-0  00000-0 0 00000
2 79606 097.8830 98.0960 0094530 104.5000 193.7080 15.06648000000000
1 79606U          19285.92361111  .00000000  00000-0  00000-0 0 00000
2 79606 097.8790 98.3310 0076080 093.2440 031.2920 15.06072000000000
1 79606U          19286.34791667  .00000000  00000-0  00000-0 0 00000
2 79606 097.8850 98.7500 0099460 094.7350 165.8180 15.07800000000000
1 79606U          19286.59444444  .00000000  00000-0  00000-0 0 00000
2 79606 097.8750 99.0060 0086840 096.5430 057.9260 15.03024000000000
1 79606U          19286.94097222  .00000000  00000-0  00000-0 0 00000
2 79606 097.8780 99.3440 0086610 090.4900 139.2000 15.05544000000000
1 79606U          19287.39861111  .00000000  00000-0  00000-0 0 00000
2 79606 097.8730 99.8070 0082360 098.4550 087.5720 15.02064000000000
1 79606U          19287.65833333  .00000000  00000-0  00000-0 0 00000
2 79606 097.8770 100.0760 0086730 092.8250 058.5540 15.03312000000000
1 79606U          19287.94166667  .00000000  00000-0  00000-0 0 00000
2 79606 097.8810 100.3510 0094310 087.8510 156.8260 15.06960000000000
1 79606U          19288.40972222  .00000000  00000-0  00000-0 0 00000
2 79606 097.8830 100.8230 0099099 088.9430 168.5240 15.07752000000000
1 79606U          19288.73402778  .00000000  00000-0  00000-0 0 00000
2 79606 097.8790 101.1480 0081200 088.4250 124.0110 15.03864000000000
1 79606U          19289.00694444  .00000000  00000-0  00000-0 0 00000
2 79606 098.0120 101.4390 0116500 111.6730 136.9550 14.96304000000000
1 79606U          19289.37291667  .00000000  00000-0  00000-0 0 00000
2 79606 097.7530 101.5040 0017739 229.2300 195.9100 15.05736000000000
1 79606U          19289.64722222  .00000000  00000-0  00000-0 0 00000
2 79606 097.7530 101.7830 0016940 286.5560 181.6220 15.06240000000000
1 79606U          19289.91666667  .00000000  00000-0  00000-0 0 00000
2 79606 097.7510 102.0510 0010810 307.9550 177.0390 15.04824000000000
1 79606U          19290.29722222  .00000000  00000-0  00000-0 0 00000
2 79606 097.7450 102.4190 0002900 153.4190 229.2610 15.01656000000000
1 79606U          19290.67013889  .00000000  00000-0  00000-0 0 00000
2 79606 097.7510 102.7870 0008860 039.5580 199.4200 15.05208000000000
1 79606U          19291.07777778  .00000000  00000-0  00000-0 0 00000
2 79606 097.7530 103.1970 0016050 122.3120 160.6140 15.06528000000000
1 79606U          19291.27500000  .00000000  00000-0  00000-0 0 00000
2 79606 097.7540 103.3890 0015700 099.5180 169.7780 15.06840000000000
1 79606U          19291.60000000  .00000000  00000-0  00000-0 0 00000
2 79606 097.7490 103.7060 0005190 358.3290 228.2360 15.03960000000000
1 79606U          19291.97500000  .00000000  00000-0  00000-0 0 00000
2 79606 097.7530 104.0820 0019470 266.9510 187.1020 15.06792000000000
1 79606U          19292.26388889  .00000000  00000-0  00000-0 0 00000
2 79606 097.7460 104.3620 0004250 297.1900 278.8930 15.02856000000000
1 79606U          19292.62361111  .00000000  00000-0  00000-0 0 00000
2 79606 097.7430 104.7230 0002319 317.9190 043.0620 15.00744000000000
1 79606U          19293.04444444  .00000000  00000-0  00000-0 0 00000
2 79606 097.7510 105.1440 0013620 295.8740 180.4240 15.05640000000000
1 79606U          19293.38541667  .00000000  00000-0  00000-0 0 00000
2 79606 097.7430 105.4800 0004450 158.6390 001.2390 15.01464000000000
1 79606U          19293.64930556  .00000000  00000-0  00000-0 0 00000
2 79606 097.7450 105.7420 0001120 038.9940 107.6640 15.02592000000000
1 79606U          19293.98055556  .00000000  00000-0  00000-0 0 00000
2 79606 097.7470 106.0700 0004349 333.7360 163.9220 15.03504000000000
1 79606U          19294.34652778  .00000000  00000-0  00000-0 0 00000
2 79606 097.7470 106.4320 0010460 184.7130 131.6880 15.03624000000000
1 79606U          19294.73750000  .00000000  00000-0  00000-0 0 00000
2 79606 097.7520 106.8140 0016520 102.2630 168.1040 15.06840000000000
1 79606U          19294.93958333  .00000000  00000-0  00000-0 0 00000
2 79606 097.7510 107.0160 0016690 122.3750 160.5950 15.06528000000000
1 79606U          19295.40486111  .00000000  00000-0  00000-0 0 00000
2 79606 097.7510 107.4750 0017010 115.4630 163.1820 15.06696000000000
1 79606U          19295.71875000  .00000000  00000-0  00000-0 0 00000
2 79606 097.7410 107.7850 0007960 183.0210 352.7710 15.00792000000000
1 79606U          19296.02777778  .00000000  00000-0  00000-0 0 00000
2 79606 097.7460 108.0850 0011840 196.9360 209.7750 15.03960000000000
1 79606U          19296.37152778  .00000000  00000-0  00000-0 0 00000
2 79606 097.7500 108.4320 0016610 280.3790 184.8380 15.06408000000000
1 79606U          19296.64722222  .00000000  00000-0  00000-0 0 00000
2 79606 097.7420 108.7060 0003779 140.6020 015.2260 15.01776000000000
1 79606U          19297.04444444  .00000000  00000-0  00000-0 0 00000
2 79606 097.7440 109.1000 0001689 012.4220 131.1000 15.02904000000000
1 79606U          19297.27847222  .00000000  00000-0  00000-0 0 00000
2 79606 097.7430 109.3310 0007639 211.1230 117.7450 15.02376000000000
1 79606U          19297.61041667  .00000000  00000-0  00000-0 0 00000
2 79606 097.7430 109.6600 0008930 197.6980 125.9270 15.02880000000000
1 79606U          19297.95486111  .00000000  00000-0  00000-0 0 00000
2 79606 097.7420 109.9920 0005350 151.5810 234.4900 15.01920000000000
1 79606U          19298.39652778  .00000000  00000-0  00000-0 0 00000
2 79606 097.7490 110.4300 0014199 077.2250 176.8370 15.06384000000000
1 79606U          19298.60902778  .00000000  00000-0  00000-0 0 00000
2 79606 097.7430 110.6480 0009090 194.7640 128.1590 15.02952000000000
1 79606U          19298.99722222  .00000000  00000-0  00000-0 0 00000
2 79606 097.7490 111.0250 0016260 088.7890 173.1000 15.06720000000000
1 79606U          19299.34027778  .00000000  00000-0  00000-0 0 00000
2 79606 097.7440 111.3710 0010680 179.3410 137.3090 15.03600000000000
1 79606U          19299.59305556  .00000000  00000-0  00000-0 0 00000
2 79606 097.7470 111.6120 0011070 059.2720 184.2020 15.05616000000000
1 79606U          19299.95486111  .00000000  00000-0  00000-0 0 00000
2 79606 097.7420 111.9680 0009830 179.0050 220.6940 15.03216000000000
1 79606U          19300.31666667  .00000000  00000-0  00000-0 0 00000
2 79606 097.7390 112.3290 0006880 210.2070 345.6780 15.01200000000000
1 79606U          19300.69583333  .00000000  00000-0  00000-0 0 00000
2 79606 097.7480 112.7060 0018620 253.4560 192.4870 15.06792000000000
1 79606U          19301.07430556  .00000000  00000-0  00000-0 0 00000
2 79606 097.7400 113.0850 0006550 213.4780 118.7360 15.02064000000000
1 79606U          19301.35138889  .00000000  00000-0  00000-0 0 00000
2 79606 097.7400 113.3500 0006820 156.6490 233.8010 15.02304000000000
1 79606U          19301.58819444  .00000000  00000-0  00000-0 0 00000
2 79606 097.7430 113.5840 0006580 034.1320 196.6870 15.04392000000000
1 79606U          19301.97777778  .00000000  00000-0  00000-0 0 00000
2 79606 097.7370 113.9750 0008360 175.5340 001.6250 15.00768000000000
1 79606U          19302.36388889  .00000000  00000-0  00000-0 0 00000
2 79606 097.7460 114.3590 0015400 280.7180 184.0460 15.06432000000000
1 79606U          19302.72083333  .00000000  00000-0  00000-0 0 00000
2 79606 097.7430 114.7040 0008230 045.3170 189.4600 15.04800000000000
1 79606U          19303.00347222  .00000000  00000-0  00000-0 0 00000
2 79606 097.7400 114.9940 0008869 187.4930 135.3510 15.02976000000000
1 79606U          19303.35763889  .00000000  00000-0  00000-0 0 00000
2 79606 097.7460 115.3370 0017960 240.6960 197.1360 15.06552000000000
1 79606U          19303.61805556  .00000000  00000-0  00000-0 0 00000
2 79606 097.7410 115.5910 0011530 187.9870 217.9010 15.03864000000000
1 79606U          19303.99791667  .00000000  00000-0  00000-0 0 00000
2 79606 097.7430 115.9770 0015770 144.5380 155.0820 15.05328000000000
1 79606U          19304.26736111  .00000000  00000-0  00000-0 0 00000
2 79606 097.7400 116.2440 0010880 174.1410 142.3040 15.03624000000000
1 79606U          19304.71805556  .00000000  00000-0  00000-0 0 00000
2 79606 097.7410 116.6790 0008000 044.1710 189.2050 15.04656000000000
1 79606U          19304.94027778  .00000000  00000-0  00000-0 0 00000
2 79606 097.7370 116.8990 0507699 115.0670 221.6800 13.89216000000000
1 79606U          19305.28055556  .00000000  00000-0  00000-0 0 00000
2 79606 097.7450 117.1760 0514240 112.6760 125.7070 13.91952000000000
1 79606U          19305.61250000  .00000000  00000-0  00000-0 0 00000
2 79606 097.7440 117.4550 0492720 113.3270 344.8990 13.93632000000000
1 79606U          19305.99166667  .00000000  00000-0  00000-0 0 00000
2 79606 097.7340 117.7650 0507220 112.1250 082.1770 13.88688000000000
1 79606U          19306.38888889  .00000000  00000-0  00000-0 0 00000
2 79606 097.7360 118.0900 0511820 110.4800 270.1580 13.88472000000000
1 79606U          19306.60069444  .00000000  00000-0  00000-0 0 00000
2 79606 097.7340 118.2700 0507699 109.7930 249.9410 13.88256000000000
1 79606U          19307.01736111  .00000000  00000-0  00000-0 0 00000
2 79606 097.7400 118.6160 0523440 109.0750 174.2030 13.92456000000000
1 79606U          19307.29236111  .00000000  00000-0  00000-0 0 00000
2 79606 097.7400 118.8380 0508790 107.5780 110.9260 13.90512000000000
1 79606U          19307.65555556  .00000000  00000-0  00000-0 0 00000
2 79606 097.7410 119.1390 0514000 106.1510 128.5140 13.91640000000000
1 79606U          19308.06319444  .00000000  00000-0  00000-0 0 00000
2 79606 097.7400 119.4820 0496500 105.5250 007.4830 13.92792000000000
1 79606U          19308.35833333  .00000000  00000-0  00000-0 0 00000
2 79606 097.7350 119.7260 0513070 105.0540 043.8190 13.89072000000000
1 79606U          19308.68958333  .00000000  00000-0  00000-0 0 00000
2 79606 097.7340 119.9950 0509350 103.9000 261.4600 13.88160000000000
1 79606U          19308.96805556  .00000000  00000-0  00000-0 0 00000
2 79606 097.7350 120.2290 0513060 104.2840 213.5540 13.90584000000000
1 79606U          19309.31388889  .00000000  00000-0  00000-0 0 00000
2 79606 097.7410 120.5090 0519870 101.6920 145.5920 13.92312000000000
1 79606U          19309.67430556  .00000000  00000-0  00000-0 0 00000
2 79606 097.7410 120.8080 0520550 100.7030 148.8710 13.92384000000000
1 79606U          19309.99166667  .00000000  00000-0  00000-0 0 00000
2 79606 097.7320 121.0650 0513250 101.0850 295.5150 13.89480000000000
1 79606U          19310.40486111  .00000000  00000-0  00000-0 0 00000
2 79606 097.7370 121.4170 0518370 100.3660 202.3750 13.91616000000000
1 79606U          19310.58541667  .00000000  00000-0  00000-0 0 00000
2 79606 097.7360 121.5690 0504720 098.1580 027.4460 13.91448000000000
1 79606U          19311.07152778  .00000000  00000-0  00000-0 0 00000
2 79606 097.7320 121.9580 0513250 098.0940 298.4780 13.89456000000000
1 79606U          19311.37986111  .00000000  00000-0  00000-0 0 00000
2 79606 097.7340 122.2240 0510950 096.3050 042.0310 13.90032000000000
1 79606U          19311.70208333  .00000000  00000-0  00000-0 0 00000
2 79606 097.7370 122.4890 0515549 096.8020 212.8590 13.91232000000000
1 79606U          19311.92777778  .00000000  00000-0  00000-0 0 00000
2 79606 097.7290 122.6710 0508770 095.0160 263.3060 13.88267400000000
1 79606U          19312.24027778  .00000000  00000-0  00000-0 0 00000
2 79606 097.7380 122.9360 0503210 093.5520 027.4240 13.91916100000000
1 79606U          19312.55555556  .00000000  00000-0  00000-0 0 00000
2 79606 097.7370 123.1900 0523580 093.1020 164.5380 13.92588500000000
1 79606U          19312.94652778  .00000000  00000-0  00000-0 0 00000
2 79606 097.7320 123.5070 0507530 093.5690 319.2380 13.91162900000000
1 79606U          19313.25000000  .00000000  00000-0  00000-0 0 00000
2 79606 097.7350 123.7710 0508470 090.8750 039.3780 13.90882600000000
1 79606U          19313.52916667  .00000000  00000-0  00000-0 0 00000
2 79606 097.7360 123.9960 0493050 091.2100 355.1290 13.93729100000000
1 79606U          19313.84930556  .00000000  00000-0  00000-0 0 00000
2 79606 097.7360 124.2570 0520970 089.3540 157.9250 13.92232000000000
1 79606U          19314.19236111  .00000000  00000-0  00000-0 0 00000
2 79606 097.7290 124.5470 0512920 089.4820 073.2420 13.88296700000000
1 79606U          19314.49097222  .00000000  00000-0  00000-0 0 00000
2 79606 097.7290 124.7880 0510360 087.6980 128.3600 13.90226700000000
1 79606U          19314.82708333  .00000000  00000-0  00000-0 0 00000
2 79606 097.7370 125.0690 0493690 086.8790 009.9100 13.93651400000000
1 79606U          19315.26944444  .00000000  00000-0  00000-0 0 00000
2 79606 097.7290 125.4390 0513820 086.0530 062.8150 13.89061400000000
1 79606U          19315.63958333  .00000000  00000-0  00000-0 0 00000
2 79606 097.7280 125.7380 0507560 085.0100 114.8850 13.89103600000000
1 79606U          19315.89097222  .00000000  00000-0  00000-0 0 00000
2 79606 097.7250 125.9440 0513170 084.1230 292.8950 13.88258000000000
1 79606U          19316.28750000  .00000000  00000-0  00000-0 0 00000
2 79606 097.7280 126.2730 0507590 083.2580 116.6830 13.89103100000000
1 79606U          19316.59722222  .00000000  00000-0  00000-0 0 00000
2 79606 097.7310 126.5350 0514490 083.3900 225.3000 13.91418600000000
1 79606U          19316.96736111  .00000000  00000-0  00000-0 0 00000
2 79606 097.7230 126.8360 0509750 080.9980 278.6930 13.88212900000000
1 79606U          19317.24861111  .00000000  00000-0  00000-0 0 00000
2 79606 097.7300 127.0730 0508730 081.2160 244.8880 13.90153400000000
1 79606U          19317.54930556  .00000000  00000-0  00000-0 0 00000
2 79606 097.7250 127.3140 0513469 079.9930 309.8870 13.89005700000000
1 79606U          19317.96597222  .00000000  00000-0  00000-0 0 00000
2 79606 097.7280 127.6650 0512020 079.5850 233.8460 13.91111700000000
1 79606U          19318.26388889  .00000000  00000-0  00000-0 0 00000
2 79606 097.7250 127.9080 0510880 077.3680 285.9110 13.88115200000000
1 79606U          19318.49861111  .00000000  00000-0  00000-0 0 00000
2 79606 097.7310 128.1060 0494910 076.3170 020.7260 13.93597400000000
1 79606U          19318.89583333  .00000000  00000-0  00000-0 0 00000
2 79606 097.7320 128.4320 0522190 076.8990 206.5600 13.92663800000000
1 79606U          19318.93680556  .00000000  00000-0  00000-0 0 00000
2 79606 097.7270 128.4710 0509639 075.0280 053.1430 13.90977900000000
1 79606U          19319.27986111  .00000000  00000-0  00000-0 0 00000
2 79606 097.7280 128.7430 0508830 075.7490 328.0700 13.90343600000000
1 79606U          19319.52361111  .00000000  00000-0  00000-0 0 00000
2 79606 097.7220 128.9510 0507960 074.6650 108.0330 13.88367200000000
1 79606U          19319.95902778  .00000000  00000-0  00000-0 0 00000
2 79606 097.7220 129.3080 0507270 072.9970 127.1390 13.89108100000000
1 79606U          19320.29305556  .00000000  00000-0  00000-0 0 00000
2 79606 097.7320 129.5830 0495009 072.6370 357.8980 13.93113600000000
1 79606U          19320.51875000  .00000000  00000-0  00000-0 0 00000
2 79606 097.7270 129.7790 0506380 070.3510 048.7340 13.91884200000000
1 79606U          19320.83263889  .00000000  00000-0  00000-0 0 00000
2 79606 097.7310 130.0290 0521750 070.4190 178.4430 13.92214800000000
1 79606U          19321.23472222  .00000000  00000-0  00000-0 0 00000
2 79606 097.7330 130.3670 0496840 068.4340 031.0930 13.93448000000000
1 79606U          19321.59236111  .00000000  00000-0  00000-0 0 00000
2 79606 097.7310 130.6620 0493300 067.8640 020.1550 13.93758800000000
1 79606U          19321.82500000  .00000000  00000-0  00000-0 0 00000
2 79606 097.7220 130.8540 0508749 068.4100 102.9850 13.88270300000000
1 79606U          19322.28125000  .00000000  00000-0  00000-0 0 00000
2 79606 097.7310 131.2320 0517250 067.8880 225.0980 13.92427500000000
1 79606U          19322.55625000  .00000000  00000-0  00000-0 0 00000
2 79606 097.7250 131.4540 0515090 065.3280 162.9410 13.90951500000000
1 79606U          19322.84930556  .00000000  00000-0  00000-0 0 00000
2 79606 097.7290 131.6960 0522309 065.1150 188.6540 13.92410300000000
1 79606U          19323.20069444  .00000000  00000-0  00000-0 0 00000
2 79606 097.7240 131.9860 0509029 063.7310 147.2680 13.89771700000000
1 79606U          19323.49305556  .00000000  00000-0  00000-0 0 00000
2 79606 097.7240 132.2280 0516710 062.8170 170.2260 13.91253900000000
1 79606U          19323.82500000  .00000000  00000-0  00000-0 0 00000
2 79606 097.7300 132.5060 0495220 061.2520 031.7240 13.93642100000000
1 79606U          19324.29930556  .00000000  00000-0  00000-0 0 00000
2 79606 097.7270 132.9000 0511310 062.3170 242.5450 13.91854900000000
1 79606U          19324.50972222  .00000000  00000-0  00000-0 0 00000
2 79606 097.7260 133.0720 0520919 061.4680 215.6780 13.92838800000000
1 79606U          19324.93194444  .00000000  00000-0  00000-0 0 00000
2 79606 097.7210 133.4160 0514860 058.8270 169.8260 13.90945900000000
1 79606U          19325.24861111  .00000000  00000-0  00000-0 0 00000
2 79606 097.7180 133.6800 0512480 058.2020 314.0120 13.88094500000000
1 79606U          19325.55694444  .00000000  00000-0  00000-0 0 00000
2 79606 097.7230 133.9430 0506060 056.2020 057.8590 13.92236600000000
1 79606U          19325.89583333  .00000000  00000-0  00000-0 0 00000
2 79606 097.7150 134.2150 0511930 056.3270 312.5290 13.88023400000000
1 79606U          19325.89583333  .00000000  00000-0  00000-0 0 00000
2 79606 097.7150 134.2150 0511930 056.3270 312.5290 13.88023400000000
1 79606U          19326.17430556  .00000000  00000-0  00000-0 0 00000
2 79606 097.7210 134.4500 0505290 056.5540 264.8250 13.90647900000000
1 79606U          19326.62222222  .00000000  00000-0  00000-0 0 00000
2 79606 097.7190 134.8130 0505320 055.2440 346.1930 13.90342600000000
1 79606U          19326.85208333  .00000000  00000-0  00000-0 0 00000
2 79606 097.7230 135.0120 0504930 052.5490 058.2920 13.92467000000000
1 79606U          19327.14652778  .00000000  00000-0  00000-0 0 00000
2 79606 097.7180 135.2560 0511740 053.0540 090.2410 13.89543800000000
1 79606U          19327.56805556  .00000000  00000-0  00000-0 0 00000
2 79606 097.7220 135.6020 0496100 050.6010 040.7280 13.93616600000000
1 79606U          19327.97500000  .00000000  00000-0  00000-0 0 00000
2 79606 097.7150 135.9380 0503700 051.2870 275.0820 13.90239800000000
1 79606U          19328.23958333  .00000000  00000-0  00000-0 0 00000
2 79606 097.7170 136.1510 0507730 049.7640 159.8340 13.89613300000000
1 79606U          19328.50000000  .00000000  00000-0  00000-0 0 00000
2 79606 097.7190 136.3680 0492280 048.9090 022.9810 13.93329300000000
1 79606U          19328.92916667  .00000000  00000-0  00000-0 0 00000
2 79606 097.7170 136.7190 0495050 048.4190 009.6970 13.92264700000000
1 79606U          19329.24444444  .00000000  00000-0  00000-0 0 00000
2 79606 097.7150 136.9830 0504300 047.2720 147.4820 13.88800400000000
1 79606U          19329.59166667  .00000000  00000-0  00000-0 0 00000
2 79606 097.7150 137.2790 0511330 045.7180 085.3620 13.90571600000000
1 79606U          19329.92430556  .00000000  00000-0  00000-0 0 00000
2 79606 097.7100 137.5470 0508070 044.9780 309.6370 13.88211300000000
1 79606U          19330.26666667  .00000000  00000-0  00000-0 0 00000
2 79606 097.7220 137.8280 0518630 045.4600 221.2890 13.92855900000000
1 79606U          19330.60277778  .00000000  00000-0  00000-0 0 00000
2 79606 097.7120 138.1140 0509960 043.6140 103.9200 13.89273400000000
1 79606U          19330.81527778  .00000000  00000-0  00000-0 0 00000
2 79606 097.7160 138.2890 0510740 042.3180 087.9020 13.90636100000000
1 79606U          19331.15069444  .00000000  00000-0  00000-0 0 00000
2 79606 097.7110 138.5590 0510640 041.7610 325.8980 13.88006600000000
1 79606U          19331.60694444  .00000000  00000-0  00000-0 0 00000
2 79606 097.7140 138.9450 0510770 040.0580 089.1910 13.90731300000000
1 79606U          19331.95902778  .00000000  00000-0  00000-0 0 00000
2 79606 097.7160 139.2300 0496640 038.1370 051.8920 13.93537300000000
1 79606U          19332.27430556  .00000000  00000-0  00000-0 0 00000
2 79606 097.7150 139.4850 0512050 038.5890 188.1770 13.90710800000000
1 79606U          19332.49652778  .00000000  00000-0  00000-0 0 00000
2 79606 097.7160 139.6710 0517880 039.0020 219.0510 13.92563900000000
1 79606U          19332.84513889  .00000000  00000-0  00000-0 0 00000
2 79606 097.7100 139.9590 0504050 037.0390 164.3960 13.89097700000000
