1 79712U          19282.06805556  .00000000  00000-0  00000-0 0 00000
2 79712 097.7410 068.564  0000000 000.0000 038.3180 15.01920000000000
1 79712U          19282.34583333  .00000000  00000-0  00000-0 0 00000
2 79712 097.7410 068.838  0000000 000.0000 098.3180 15.01920000000000
1 79712U          19282.65208333  .00000000  00000-0  00000-0 0 00000
2 79712 097.7410 069.140  0000000 000.0000 312.0690 15.01920000000000
1 79712U          19283.04791667  .00000000  00000-0  00000-0 0 00000
2 79712 097.7420 069.530  0000000 000.0000 289.5700 15.01920000000000
1 79712U          19283.40347222  .00000000  00000-0  00000-0 0 00000
2 79712 097.7420 069.880  0000000 000.0000 049.5700 15.01920000000000
1 79712U          19283.63888889  .00000000  00000-0  00000-0 0 00000
2 79712 097.7420 070.112  0000000 000.0000 240.8210 15.01920000000000
1 79712U          19284.02361111  .00000000  00000-0  00000-0 0 00000
2 79712 097.7420 070.492  0000000 000.0000 158.3210 15.01920000000000
1 79712U          19284.30000000  .00000000  00000-0  00000-0 0 00000
2 79712 097.7420 070.764  0000000 000.0000 210.8220 15.01920000000000
1 79712U          19284.62777778  .00000000  00000-0  00000-0 0 00000
2 79712 097.7430 071.087  0000000 000.0000 180.8230 15.01920000000000
1 79712U          19285.00902778  .00000000  00000-0  00000-0 0 00000
2 79712 097.7430 071.463  0000000 000.0000 079.5730 15.01920000000000
1 79712U          19285.40972222  .00000000  00000-0  00000-0 0 00000
2 79712 097.7430 071.858  0000000 000.0000 083.3240 15.01920000000000
1 79712U          19285.73888889  .00000000  00000-0  00000-0 0 00000
2 79712 097.7430 072.183  0000000 000.0000 060.8250 15.01920000000000
1 79712U          19286.00138889  .00000000  00000-0  00000-0 0 00000
2 79712 097.7430 072.441  0000000 000.0000 038.3250 15.01920000000000
1 79712U          19286.31736111  .00000000  00000-0  00000-0 0 00000
2 79712 097.7440 072.753  0000000 000.0000 304.5760 15.01920000000000
1 79712U          19286.71250000  .00000000  00000-0  00000-0 0 00000
2 79712 097.7440 073.143  0000000 000.0000 278.3260 15.01920000000000
1 79712U          19287.02638889  .00000000  00000-0  00000-0 0 00000
2 79712 097.7440 073.452  0000000 000.0000 173.3270 15.01920000000000
1 79712U          19287.38055556  .00000000  00000-0  00000-0 0 00000
2 79712 097.7440 073.801  0000000 000.0000 285.8280 15.01920000000000
1 79712U          19287.72847222  .00000000  00000-0  00000-0 0 00000
2 79712 097.7440 074.144  0000000 000.0000 004.5780 15.01920000000000
1 79712U          19287.94097222  .00000000  00000-0  00000-0 0 00000
2 79712 097.7440 074.354  0000000 000.0000 072.0790 15.01920000000000
1 79712U          19288.33888889  .00000000  00000-0  00000-0 0 00000
2 79712 097.7450 074.746  0000000 000.0000 060.8290 15.01920000000000
1 79712U          19288.64652778  .00000000  00000-0  00000-0 0 00000
2 79712 097.7450 075.049  0000000 000.0000 282.0800 15.01920000000000
1 79712U          19288.98541667  .00000000  00000-0  00000-0 0 00000
2 79712 097.7450 075.383  0000000 000.0000 312.0810 15.01920000000000
1 79712U          19289.25694444  .00000000  00000-0  00000-0 0 00000
2 79712 097.7450 075.651  0000000 000.0000 338.3310 15.01920000000000
1 79712U          19289.59027778  .00000000  00000-0  00000-0 0 00000
2 79712 097.7450 075.980  0000000 000.0000 338.3320 15.01920000000000
1 79712U          19290.04097222  .00000000  00000-0  00000-0 0 00000
2 79712 097.7450 076.424  0000000 000.0000 252.0830 15.01920000000000
1 79712U          19290.26319444  .00000000  00000-0  00000-0 0 00000
2 79712 097.7450 076.643  0000000 000.0000 012.0830 15.01920000000000
1 79712U          19290.61736111  .00000000  00000-0  00000-0 0 00000
2 79712 097.7460 076.992  0000000 000.0000 124.5840 15.01920000000000
1 79712U          19291.04097222  .00000000  00000-0  00000-0 0 00000
2 79712 097.7460 077.410  0000000 000.0000 252.0840 15.01920000000000
1 79712U          19291.27152778  .00000000  00000-0  00000-0 0 00000
2 79712 097.7460 077.637  0000000 000.0000 057.0850 15.01920000000000
1 79712U          19291.72083333  .00000000  00000-0  00000-0 0 00000
2 79712 097.7460 078.080  0000000 000.0000 323.3360 15.01920000000000
1 79712U          19291.99305556  .00000000  00000-0  00000-0 0 00000
2 79712 097.7460 078.348  0000000 000.0000 353.3360 15.01920000000000
1 79712U          19292.27152778  .00000000  00000-0  00000-0 0 00000
2 79712 097.7460 078.623  0000000 000.0000 057.0870 15.01920000000000
1 79712U          19292.66250000  .00000000  00000-0  00000-0 0 00000
2 79712 097.7460 079.008  0000000 000.0000 008.3370 15.01920000000000
1 79712U          19292.92916667  .00000000  00000-0  00000-0 0 00000
2 79712 097.7460 079.271  0000000 000.0000 008.3380 15.01920000000000
1 79712U          19293.35625000  .00000000  00000-0  00000-0 0 00000
2 79712 097.7470 079.692  0000000 000.0000 154.5890 15.01920000000000
1 79712U          19293.63680556  .00000000  00000-0  00000-0 0 00000
2 79712 097.7470 079.969  0000000 000.0000 229.5890 15.01920000000000
1 79712U          19293.92847222  .00000000  00000-0  00000-0 0 00000
2 79712 097.7470 080.256  0000000 000.0000 004.5900 15.01920000000000
1 79712U          19294.29097222  .00000000  00000-0  00000-0 0 00000
2 79712 097.7470 080.614  0000000 000.0000 162.0910 15.01920000000000
1 79712U          19294.74236111  .00000000  00000-0  00000-0 0 00000
2 79712 097.7470 081.059  0000000 000.0000 079.5910 15.01920000000000
1 79712U          19295.02638889  .00000000  00000-0  00000-0 0 00000
2 79712 097.7470 081.339  0000000 000.0000 173.3420 15.01920000000000
1 79712U          19295.31597222  .00000000  00000-0  00000-0 0 00000
2 79712 097.7470 081.624  0000000 000.0000 297.0920 15.01920000000000
1 79712U          19295.64305556  .00000000  00000-0  00000-0 0 00000
2 79712 097.7470 081.947  0000000 000.0000 263.3430 15.01920000000000
1 79712U          19295.93888889  .00000000  00000-0  00000-0 0 00000
2 79712 097.7470 082.238  0000000 000.0000 060.8440 15.01920000000000
1 79712U          19296.28888889  .00000000  00000-0  00000-0 0 00000
2 79712 097.7470 082.583  0000000 000.0000 150.8440 15.01920000000000
1 79712U          19296.69722222  .00000000  00000-0  00000-0 0 00000
2 79712 097.7480 082.986  0000000 000.0000 195.8450 15.01920000000000
1 79712U          19297.01180556  .00000000  00000-0  00000-0 0 00000
2 79712 097.7480 083.296  0000000 000.0000 094.5960 15.01920000000000
1 79712U          19297.27847222  .00000000  00000-0  00000-0 0 00000
2 79712 097.7480 083.559  0000000 000.0000 094.5960 15.01920000000000
1 79712U          19297.63333333  .00000000  00000-0  00000-0 0 00000
2 79712 097.7480 083.909  0000000 000.0000 210.8470 15.01920000000000
1 79712U          19298.05625000  .00000000  00000-0  00000-0 0 00000
2 79712 097.7480 084.326  0000000 000.0000 334.5980 15.01920000000000
1 79712U          19298.29791667  .00000000  00000-0  00000-0 0 00000
2 79712 097.7480 084.564  0000000 000.0000 199.5980 15.01920000000000
1 79712U          19298.74930556  .00000000  00000-0  00000-0 0 00000
2 79712 097.7480 085.009  0000000 000.0000 117.0990 15.01920000000000
1 79712U          19299.01805556  .00000000  00000-0  00000-0 0 00000
2 79712 097.7480 085.274  0000000 000.0000 128.3500 15.01920000000000
1 79712U          19299.35347222  .00000000  00000-0  00000-0 0 00000
2 79712 097.7480 085.605  0000000 000.0000 139.6000 15.01920000000000
1 79712U          19299.70069444  .00000000  00000-0  00000-0 0 00000
2 79712 097.7480 085.947  0000000 000.0000 214.6010 15.01920000000000
1 79712U          19299.97777778  .00000000  00000-0  00000-0 0 00000
2 79712 097.7480 086.220  0000000 000.0000 270.8510 15.01920000000000
1 79712U          19300.40763889  .00000000  00000-0  00000-0 0 00000
2 79712 097.7480 086.644  0000000 000.0000 072.1020 15.01920000000000
1 79712U          19300.70277778  .00000000  00000-0  00000-0 0 00000
2 79712 097.7480 086.935  0000000 000.0000 225.8530 15.01920000000000
1 79712U          19301.00833333  .00000000  00000-0  00000-0 0 00000
2 79712 097.7480 087.236  0000000 000.0000 075.8530 15.01920000000000
1 79712U          19301.39236111  .00000000  00000-0  00000-0 0 00000
2 79712 097.7480 087.615  0000000 000.0000 349.6040 15.01920000000000
1 79712U          19301.59166667  .00000000  00000-0  00000-0 0 00000
2 79712 097.7480 087.811  0000000 000.0000 345.8540 15.01920000000000
1 79712U          19301.99375000  .00000000  00000-0  00000-0 0 00000
2 79712 097.7480 088.208  0000000 000.0000 357.1050 15.01920000000000
1 79712U          19302.32222222  .00000000  00000-0  00000-0 0 00000
2 79712 097.7480 088.531  0000000 000.0000 330.8560 15.01920000000000
1 79712U          19302.59305556  .00000000  00000-0  00000-0 0 00000
2 79712 097.7480 088.798  0000000 000.0000 353.3560 15.01920000000000
1 79712U          19303.07777778  .00000000  00000-0  00000-0 0 00000
2 79712 097.7480 089.276  0000000 000.0000 090.8570 15.01920000000000
1 79712U          19303.30347222  .00000000  00000-0  00000-0 0 00000
2 79712 097.7480 089.499  0000000 000.0000 229.6080 15.01920000000000
1 79712U          19303.62569444  .00000000  00000-0  00000-0 0 00000
2 79712 097.7480 089.817  0000000 000.0000 169.6080 15.01920000000000
1 79712U          19304.03680556  .00000000  00000-0  00000-0 0 00000
2 79712 097.7480 090.222  0000000 000.0000 229.6090 15.01920000000000
1 79712U          19304.25347222  .00000000  00000-0  00000-0 0 00000
2 79712 097.7480 090.435  0000000 000.0000 319.6100 15.01920000000000
1 79712U          19304.69236111  .00000000  00000-0  00000-0 0 00000
2 79712 097.7480 090.868  0000000 000.0000 169.6100 15.01920000000000
1 79712U          19304.97291667  .00000000  00000-0  00000-0 0 00000
2 79712 097.7480 091.145  0000000 000.0000 244.6110 15.01920000000000
1 79712U          19305.36666667  .00000000  00000-0  00000-0 0 00000
2 79712 097.7480 091.533  0000000 000.0000 210.8620 15.01920000000000
1 79712U          19305.61527778  .00000000  00000-0  00000-0 0 00000
2 79712 097.7480 091.778  0000000 000.0000 113.3620 15.01920000000000
1 79712U          19306.03263889  .00000000  00000-0  00000-0 0 00000
2 79712 097.7480 092.189  0000000 000.0000 207.1130 15.01920000000000
1 79712U          19306.36111111  .00000000  00000-0  00000-0 0 00000
2 79712 097.7480 092.513  0000000 000.0000 180.8640 15.01920000000000
1 79712U          19306.64305556  .00000000  00000-0  00000-0 0 00000
2 79712 097.7480 092.791  0000000 000.0000 263.3640 15.01920000000000
1 79712U          19306.96666667  .00000000  00000-0  00000-0 0 00000
2 79712 097.7480 093.110  0000000 000.0000 210.8650 15.01920000000000
1 79712U          19307.39444444  .00000000  00000-0  00000-0 0 00000
2 79712 097.7480 093.532  0000000 000.0000 000.8660 15.01920000000000
1 79712U          19307.72986111  .00000000  00000-0  00000-0 0 00000
2 79712 097.7480 093.863  0000000 000.0000 012.1160 15.01920000000000
1 79712U          19307.96458333  .00000000  00000-0  00000-0 0 00000
2 79712 097.7480 094.094  0000000 000.0000 199.6170 15.01920000000000
1 79712U          19308.27430556  .00000000  00000-0  00000-0 0 00000
2 79712 097.7480 094.399  0000000 000.0000 072.1170 15.01920000000000
1 79712U          19308.60972222  .00000000  00000-0  00000-0 0 00000
2 79712 097.7480 094.730  0000000 000.0000 083.3680 15.01920000000000
1 79712U          19309.03680556  .00000000  00000-0  00000-0 0 00000
2 79712 097.7480 095.151  0000000 000.0000 229.6190 15.01920000000000
1 79712U          19309.35138889  .00000000  00000-0  00000-0 0 00000
2 79712 097.7480 095.461  0000000 000.0000 128.3690 15.01920000000000
1 79712U          19309.73402778  .00000000  00000-0  00000-0 0 00000
2 79712 097.7480 095.838  0000000 000.0000 034.6200 15.01920000000000
1 79712U          19309.96319444  .00000000  00000-0  00000-0 0 00000
2 79712 097.7480 096.064  0000000 000.0000 192.1200 15.01920000000000
1 79712U          19310.38263889  .00000000  00000-0  00000-0 0 00000
2 79712 097.7480 096.478  0000000 000.0000 297.1210 15.01920000000000
1 79712U          19310.71319444  .00000000  00000-0  00000-0 0 00000
2 79712 097.7470 096.804  0000000 000.0000 282.1220 15.01920000000000
1 79712U          19310.98194444  .00000000  00000-0  00000-0 0 00000
2 79712 097.7470 097.069  0000000 000.0000 293.3720 15.01920000000000
1 79712U          19311.39861111  .00000000  00000-0  00000-0 0 00000
2 79712 097.7470 097.480  0000000 000.0000 023.3730 15.01920000000000
1 79712U          19311.65347222  .00000000  00000-0  00000-0 0 00000
2 79712 097.7470 097.731  0000000 000.0000 319.6240 15.01920000000000
1 79712U          19311.89583333  .00000000  00000-0  00000-0 0 00000
2 79712 097.7470 097.970  0000000 000.0000 188.3740 15.01914300000000
1 79712U          19312.25069444  .00000000  00000-0  00000-0 0 00000
2 79712 097.7470 098.320  0000000 000.0000 304.6250 15.01914300000000
1 79712U          19312.61805556  .00000000  00000-0  00000-0 0 00000
2 79712 097.7470 098.682  0000000 000.0000 128.3750 15.01914300000000
1 79712U          19312.85694444  .00000000  00000-0  00000-0 0 00000
2 79712 097.7470 098.917  0000000 000.0000 338.3760 15.01914300000000
1 79712U          19313.24722222  .00000000  00000-0  00000-0 0 00000
2 79712 097.7470 099.302  0000000 000.0000 285.8770 15.01914300000000
1 79712U          19313.59861111  .00000000  00000-0  00000-0 0 00000
2 79712 097.7470 099.648  0000000 000.0000 023.3770 15.01914300000000
1 79712U          19313.94513889  .00000000  00000-0  00000-0 0 00000
2 79712 097.7470 099.990  0000000 000.0000 094.6280 15.01914300000000
1 79712U          19314.14861111  .00000000  00000-0  00000-0 0 00000
2 79712 097.7460 100.191  0000000 000.0000 113.3780 15.01914300000000
1 79712U          19314.62708333  .00000000  00000-0  00000-0 0 00000
2 79712 097.7460 100.662  0000000 000.0000 177.1290 15.01914300000000
1 79712U          19314.96736111  .00000000  00000-0  00000-0 0 00000
2 79712 097.7460 100.998  0000000 000.0000 214.6300 15.01914300000000
1 79712U          19315.17222222  .00000000  00000-0  00000-0 0 00000
2 79712 097.7460 101.200  0000000 000.0000 240.8800 15.01914300000000
1 79712U          19315.56666667  .00000000  00000-0  00000-0 0 00000
2 79712 097.7460 101.589  0000000 000.0000 210.8810 15.01914300000000
1 79712U          19315.87638889  .00000000  00000-0  00000-0 0 00000
2 79712 097.7460 101.894  0000000 000.0000 083.3820 15.01914300000000
1 79712U          19316.15972222  .00000000  00000-0  00000-0 0 00000
2 79712 097.7460 102.173  0000000 000.0000 173.3820 15.01914300000000
1 79712U          19316.55763889  .00000000  00000-0  00000-0 0 00000
2 79712 097.7460 102.566  0000000 000.0000 162.1330 15.01914300000000
1 79712U          19316.84791667  .00000000  00000-0  00000-0 0 00000
2 79712 097.7450 102.852  0000000 000.0000 289.6330 15.01914300000000
1 79712U          19317.23750000  .00000000  00000-0  00000-0 0 00000
2 79712 097.7450 103.236  0000000 000.0000 233.3840 15.01914300000000
1 79712U          19317.59930556  .00000000  00000-0  00000-0 0 00000
2 79712 097.7450 103.593  0000000 000.0000 027.1350 15.01914300000000
1 79712U          19317.81666667  .00000000  00000-0  00000-0 0 00000
2 79712 097.7450 103.807  0000000 000.0000 120.8850 15.01914300000000
1 79712U          19318.27986111  .00000000  00000-0  00000-0 0 00000
2 79712 097.7450 104.263  0000000 000.0000 102.1360 15.01914300000000
1 79712U          19318.57569444  .00000000  00000-0  00000-0 0 00000
2 79712 097.7450 104.555  0000000 000.0000 259.6370 15.01914300000000
1 79712U          19318.83263889  .00000000  00000-0  00000-0 0 00000
2 79712 097.7450 104.808  0000000 000.0000 207.1370 15.01914300000000
1 79712U          19318.89583333  .00000000  00000-0  00000-0 0 00000
2 79712 097.7440 104.871  0000000 000.0000 188.3870 15.01914300000000
1 79712U          19319.25486111  .00000000  00000-0  00000-0 0 00000
2 79712 097.7440 105.225  0000000 000.0000 327.1380 15.01914300000000
1 79712U          19319.63958333  .00000000  00000-0  00000-0 0 00000
2 79712 097.7440 105.604  0000000 000.0000 244.6390 15.01914300000000
1 79712U          19319.94791667  .00000000  00000-0  00000-0 0 00000
2 79712 097.7440 105.908  0000000 000.0000 109.6390 15.01914300000000
1 79712U          19320.22013889  .00000000  00000-0  00000-0 0 00000
2 79712 097.7440 106.176  0000000 000.0000 139.6400 15.01914300000000
1 79712U          19320.60694444  .00000000  00000-0  00000-0 0 00000
2 79712 097.7440 106.558  0000000 000.0000 068.3900 15.01914300000000
1 79712U          19320.85208333  .00000000  00000-0  00000-0 0 00000
2 79712 097.7430 106.799  0000000 000.0000 312.1410 15.01914300000000
1 79712U          19321.17638889  .00000000  00000-0  00000-0 0 00000
2 79712 097.7430 107.119  0000000 000.0000 263.3910 15.01914300000000
1 79712U          19321.48958333  .00000000  00000-0  00000-0 0 00000
2 79712 097.7430 107.428  0000000 000.0000 154.6420 15.01914300000000
1 79712U          19321.93333333  .00000000  00000-0  00000-0 0 00000
2 79712 097.7430 107.865  0000000 000.0000 030.8930 15.01914300000000
1 79712U          19322.25694444  .00000000  00000-0  00000-0 0 00000
2 79712 097.7430 108.184  0000000 000.0000 338.3930 15.01914300000000
1 79712U          19322.50000000  .00000000  00000-0  00000-0 0 00000
2 79712 097.7430 108.424  0000000 000.0000 210.8940 15.01914300000000
1 79712U          19322.81597222  .00000000  00000-0  00000-0 0 00000
2 79712 097.7420 108.735  0000000 000.0000 117.1440 15.01914300000000
1 79712U          19323.28611111  .00000000  00000-0  00000-0 0 00000
2 79712 097.7420 109.199  0000000 000.0000 135.8950 15.01914300000000
1 79712U          19323.52777778  .00000000  00000-0  00000-0 0 00000
2 79712 097.7420 109.437  0000000 000.0000 000.8960 15.01914300000000
1 79712U          19323.84930556  .00000000  00000-0  00000-0 0 00000
2 79712 097.7420 109.754  0000000 000.0000 297.1460 15.01914300000000
1 79712U          19324.27777778  .00000000  00000-0  00000-0 0 00000
2 79712 097.7410 110.176  0000000 000.0000 090.8970 15.01914300000000
1 79712U          19324.56597222  .00000000  00000-0  00000-0 0 00000
2 79712 097.7410 110.461  0000000 000.0000 207.1480 15.01914300000000
1 79712U          19324.85833333  .00000000  00000-0  00000-0 0 00000
2 79712 097.7410 110.749  0000000 000.0000 345.8980 15.01914300000000
1 79712U          19325.25555556  .00000000  00000-0  00000-0 0 00000
2 79712 097.7410 111.140  0000000 000.0000 330.8990 15.01914300000000
1 79712U          19325.61805556  .00000000  00000-0  00000-0 0 00000
2 79712 097.7410 111.498  0000000 000.0000 128.3990 15.01914300000000
1 79712U          19325.89583333  .00000000  00000-0  00000-0 0 00000
2 79712 097.7400 111.772  0000000 000.0000 188.4000 15.01914300000000
1 79712U          19325.97708333  .00000000  00000-0  00000-0 0 00000
2 79712 097.7400 111.852  0000000 000.0000 267.1500 15.01914300000000
1 79712U          19326.20416667  .00000000  00000-0  00000-0 0 00000
2 79712 097.7400 112.076  0000000 000.0000 053.4000 15.01914300000000
1 79712U          19326.48611111  .00000000  00000-0  00000-0 0 00000
2 79712 097.7400 112.354  0000000 000.0000 135.9010 15.01914300000000
1 79712U          19326.84444444  .00000000  00000-0  00000-0 0 00000
2 79712 097.7400 112.707  0000000 000.0000 270.9020 15.01914300000000
1 79712U          19327.17430556  .00000000  00000-0  00000-0 0 00000
2 79712 097.7390 113.032  0000000 000.0000 252.1520 15.01914300000000
1 79712U          19327.60138889  .00000000  00000-0  00000-0 0 00000
2 79712 097.7390 113.453  0000000 000.0000 038.4030 15.01914300000000
1 79712U          19327.91736111  .00000000  00000-0  00000-0 0 00000
2 79712 097.7390 113.765  0000000 000.0000 304.6530 15.01914300000000
1 79712U          19328.22361111  .00000000  00000-0  00000-0 0 00000
2 79712 097.7390 114.066  0000000 000.0000 158.4040 15.01914300000000
1 79712U          19328.50972222  .00000000  00000-0  00000-0 0 00000
2 79712 097.7380 114.349  0000000 000.0000 263.4050 15.01914300000000
1 79712U          19328.85138889  .00000000  00000-0  00000-0 0 00000
2 79712 097.7380 114.685  0000000 000.0000 308.4050 15.01914300000000
1 79712U          19329.18541667  .00000000  00000-0  00000-0 0 00000
2 79712 097.7380 115.015  0000000 000.0000 312.1560 15.01914300000000
1 79712U          19329.61944444  .00000000  00000-0  00000-0 0 00000
2 79712 097.7380 115.443  0000000 000.0000 135.9060 15.01914300000000
1 79712U          19329.88958333  .00000000  00000-0  00000-0 0 00000
2 79712 097.7370 115.709  0000000 000.0000 154.6570 15.01914300000000
1 79712U          19330.21041667  .00000000  00000-0  00000-0 0 00000
2 79712 097.7370 116.025  0000000 000.0000 087.1570 15.01914300000000
1 79712U          19330.51805556  .00000000  00000-0  00000-0 0 00000
2 79712 097.7370 116.328  0000000 000.0000 308.4080 15.01914300000000
1 79712U          19330.96319444  .00000000  00000-0  00000-0 0 00000
2 79712 097.7360 116.767  0000000 000.0000 192.1590 15.01914300000000
1 79712U          19331.28819444  .00000000  00000-0  00000-0 0 00000
2 79712 097.7360 117.088  0000000 000.0000 147.1590 15.01914300000000
1 79712U          19331.58194444  .00000000  00000-0  00000-0 0 00000
2 79712 097.7360 117.377  0000000 000.0000 293.4100 15.01914300000000
1 79712U          19331.90000000  .00000000  00000-0  00000-0 0 00000
2 79712 097.7360 117.691  0000000 000.0000 210.9100 15.01914300000000
1 79712U          19332.15208333  .00000000  00000-0  00000-0 0 00000
2 79712 097.7350 117.939  0000000 000.0000 132.1610 15.01914300000000
1 79712U          19332.50763889  .00000000  00000-0  00000-0 0 00000
2 79712 097.7350 118.290  0000000 000.0000 252.1610 15.01914300000000
1 79712U          19332.83819444  .00000000  00000-0  00000-0 0 00000
2 79712 097.7350 118.616  0000000 000.0000 237.1620 15.01914300000000
