1 79815U          19281.94166667  .00000000  00000-0  00000-0 0 00000
2 79815 097.7410 68.4390 0000000 000.0000 195.8180 00.06258000000000
1 79815U          19282.38263889  .00000000  00000-0  00000-0 0 00000
2 79815 097.7410 68.8740 0000000 000.0000 057.0680 00.06258000000000
1 79815U          19282.69513889  .00000000  00000-0  00000-0 0 00000
2 79815 097.7410 69.1820 0000000 000.0000 304.5690 00.06258000000000
1 79815U          19282.99236111  .00000000  00000-0  00000-0 0 00000
2 79815 097.7420 69.4750 0000000 000.0000 109.5700 00.06258000000000
1 79815U          19283.36180556  .00000000  00000-0  00000-0 0 00000
2 79815 097.7420 69.8390 0000000 000.0000 304.5700 00.06258000000000
1 79815U          19283.71180556  .00000000  00000-0  00000-0 0 00000
2 79815 097.7420 70.1840 0000000 000.0000 034.5710 00.06258000000000
1 79815U          19284.08333333  .00000000  00000-0  00000-0 0 00000
2 79815 097.7420 70.5510 0000000 000.0000 240.8220 00.06258000000000
1 79815U          19284.41597222  .00000000  00000-0  00000-0 0 00000
2 79815 097.7430 70.8790 0000000 000.0000 237.0720 00.06258000000000
1 79815U          19284.72083333  .00000000  00000-0  00000-0 0 00000
2 79815 097.7430 71.1790 0000000 000.0000 083.3230 00.06258000000000
1 79815U          19285.07291667  .00000000  00000-0  00000-0 0 00000
2 79815 097.7430 71.5260 0000000 000.0000 184.5730 00.06258000000000
1 79815U          19285.29791667  .00000000  00000-0  00000-0 0 00000
2 79815 097.7430 71.7480 0000000 000.0000 319.5740 00.06258000000000
1 79815U          19285.62986111  .00000000  00000-0  00000-0 0 00000
2 79815 097.7430 72.0750 0000000 000.0000 312.0740 00.06258000000000
1 79815U          19286.05833333  .00000000  00000-0  00000-0 0 00000
2 79815 097.7430 72.4980 0000000 000.0000 105.8250 00.06258000000000
1 79815U          19286.35138889  .00000000  00000-0  00000-0 0 00000
2 79815 097.7440 72.7870 0000000 000.0000 248.3260 00.06258000000000
1 79815U          19286.61666667  .00000000  00000-0  00000-0 0 00000
2 79815 097.7440 73.0480 0000000 000.0000 240.8260 00.06258000000000
1 79815U          19286.99305556  .00000000  00000-0  00000-0 0 00000
2 79815 097.7440 73.4190 0000000 000.0000 113.3270 00.06258000000000
1 79815U          19287.40763889  .00000000  00000-0  00000-0 0 00000
2 79815 097.7440 73.8280 0000000 000.0000 192.0780 00.06258000000000
1 79815U          19287.70277778  .00000000  00000-0  00000-0 0 00000
2 79815 097.7440 74.1190 0000000 000.0000 345.8280 00.06258000000000
1 79815U          19287.96944444  .00000000  00000-0  00000-0 0 00000
2 79815 097.7440 74.3820 0000000 000.0000 345.8290 00.06258000000000
1 79815U          19288.29027778  .00000000  00000-0  00000-0 0 00000
2 79815 097.7450 74.6980 0000000 000.0000 278.3290 00.06258000000000
1 79815U          19288.71319444  .00000000  00000-0  00000-0 0 00000
2 79815 097.7450 75.1150 0000000 000.0000 042.0800 00.06258000000000
1 79815U          19289.05138889  .00000000  00000-0  00000-0 0 00000
2 79815 097.7450 75.4480 0000000 000.0000 068.3310 00.06258000000000
1 79815U          19289.32638889  .00000000  00000-0  00000-0 0 00000
2 79815 097.7450 75.7190 0000000 000.0000 113.3310 00.06258000000000
1 79815U          19289.73750000  .00000000  00000-0  00000-0 0 00000
2 79815 097.7450 76.1250 0000000 000.0000 173.3320 00.06258000000000
1 79815U          19289.99305556  .00000000  00000-0  00000-0 0 00000
2 79815 097.7450 76.3770 0000000 000.0000 113.3320 00.06258000000000
1 79815U          19290.31736111  .00000000  00000-0  00000-0 0 00000
2 79815 097.7460 76.6960 0000000 000.0000 064.5830 00.06258000000000
1 79815U          19290.64375000  .00000000  00000-0  00000-0 0 00000
2 79815 097.7460 77.0180 0000000 000.0000 027.0840 00.06258000000000
1 79815U          19291.07500000  .00000000  00000-0  00000-0 0 00000
2 79815 097.7460 77.4430 0000000 000.0000 195.8340 00.06258000000000
1 79815U          19291.27916667  .00000000  00000-0  00000-0 0 00000
2 79815 097.7460 77.6450 0000000 000.0000 218.3350 00.06258000000000
1 79815U          19291.67430556  .00000000  00000-0  00000-0 0 00000
2 79815 097.7460 78.0340 0000000 000.0000 192.0860 00.06258000000000
1 79815U          19292.04791667  .00000000  00000-0  00000-0 0 00000
2 79815 097.7460 78.4020 0000000 000.0000 049.5860 00.06258000000000
1 79815U          19292.36458333  .00000000  00000-0  00000-0 0 00000
2 79815 097.7460 78.7150 0000000 000.0000 319.5870 00.06258000000000
1 79815U          19292.59652778  .00000000  00000-0  00000-0 0 00000
2 79815 097.7460 78.9430 0000000 000.0000 132.0870 00.06258000000000
1 79815U          19293.03888889  .00000000  00000-0  00000-0 0 00000
2 79815 097.7470 79.3790 0000000 000.0000 000.8380 00.06258000000000
1 79815U          19293.25277778  .00000000  00000-0  00000-0 0 00000
2 79815 097.7470 79.5900 0000000 000.0000 075.8390 00.06258000000000
1 79815U          19293.65347222  .00000000  00000-0  00000-0 0 00000
2 79815 097.7470 79.9850 0000000 000.0000 079.5890 00.06258000000000
1 79815U          19293.98125000  .00000000  00000-0  00000-0 0 00000
2 79815 097.7470 80.3080 0000000 000.0000 049.5900 00.06258000000000
1 79815U          19294.32013889  .00000000  00000-0  00000-0 0 00000
2 79815 097.7470 80.6430 0000000 000.0000 079.5910 00.06258000000000
1 79815U          19294.67916667  .00000000  00000-0  00000-0 0 00000
2 79815 097.7470 80.9970 0000000 000.0000 218.3410 00.06258000000000
1 79815U          19295.06736111  .00000000  00000-0  00000-0 0 00000
2 79815 097.7470 81.3790 0000000 000.0000 154.5920 00.06258000000000
1 79815U          19295.26527778  .00000000  00000-0  00000-0 0 00000
2 79815 097.7470 81.5740 0000000 000.0000 143.3420 00.06258000000000
1 79815U          19295.74305556  .00000000  00000-0  00000-0 0 00000
2 79815 097.7470 82.0450 0000000 000.0000 203.3430 00.06258000000000
1 79815U          19296.03125000  .00000000  00000-0  00000-0 0 00000
2 79815 097.7470 82.3290 0000000 000.0000 319.5940 00.06258000000000
1 79815U          19296.25208333  .00000000  00000-0  00000-0 0 00000
2 79815 097.7470 82.5470 0000000 000.0000 072.0940 00.06258000000000
1 79815U          19296.67638889  .00000000  00000-0  00000-0 0 00000
2 79815 097.7480 82.9650 0000000 000.0000 203.3450 00.06258000000000
1 79815U          19297.05486111  .00000000  00000-0  00000-0 0 00000
2 79815 097.7480 83.3390 0000000 000.0000 087.0960 00.06258000000000
1 79815U          19297.35486111  .00000000  00000-0  00000-0 0 00000
2 79815 097.7480 83.6340 0000000 000.0000 267.0960 00.06258000000000
1 79815U          19297.72638889  .00000000  00000-0  00000-0 0 00000
2 79815 097.7480 84.0010 0000000 000.0000 113.3470 00.06258000000000
1 79815U          19297.95625000  .00000000  00000-0  00000-0 0 00000
2 79815 097.7480 84.2270 0000000 000.0000 274.5970 00.06258000000000
1 79815U          19298.30416667  .00000000  00000-0  00000-0 0 00000
2 79815 097.7480 84.5700 0000000 000.0000 353.3480 00.06258000000000
1 79815U          19298.59652778  .00000000  00000-0  00000-0 0 00000
2 79815 097.7480 84.8580 0000000 000.0000 132.0990 00.06258000000000
1 79815U          19299.07986111  .00000000  00000-0  00000-0 0 00000
2 79815 097.7480 85.3350 0000000 000.0000 222.1000 00.06258000000000
1 79815U          19299.27638889  .00000000  00000-0  00000-0 0 00000
2 79815 097.7480 85.5290 0000000 000.0000 203.3500 00.06258000000000
1 79815U          19299.64027778  .00000000  00000-0  00000-0 0 00000
2 79815 097.7480 85.8870 0000000 000.0000 008.3510 00.06258000000000
1 79815U          19300.01388889  .00000000  00000-0  00000-0 0 00000
2 79815 097.7480 86.2560 0000000 000.0000 225.8510 00.06258000000000
1 79815U          19300.27152778  .00000000  00000-0  00000-0 0 00000
2 79815 097.7480 86.5100 0000000 000.0000 177.1020 00.06258000000000
1 79815U          19300.70416667  .00000000  00000-0  00000-0 0 00000
2 79815 097.7480 86.9360 0000000 000.0000 353.3530 00.06258000000000
1 79815U          19301.01388889  .00000000  00000-0  00000-0 0 00000
2 79815 097.7480 87.2420 0000000 000.0000 225.8530 00.06258000000000
1 79815U          19301.31944444  .00000000  00000-0  00000-0 0 00000
2 79815 097.7480 87.5430 0000000 000.0000 075.8540 00.06258000000000
1 79815U          19301.61388889  .00000000  00000-0  00000-0 0 00000
2 79815 097.7480 87.8330 0000000 000.0000 225.8540 00.06258000000000
1 79815U          19302.02361111  .00000000  00000-0  00000-0 0 00000
2 79815 097.7480 88.2370 0000000 000.0000 278.3550 00.06258000000000
1 79815U          19302.32430556  .00000000  00000-0  00000-0 0 00000
2 79815 097.7480 88.5340 0000000 000.0000 102.1060 00.06258000000000
1 79815U          19302.64444444  .00000000  00000-0  00000-0 0 00000
2 79815 097.7480 88.8490 0000000 000.0000 030.8560 00.06258000000000
1 79815U          19302.97013889  .00000000  00000-0  00000-0 0 00000
2 79815 097.7480 89.1700 0000000 000.0000 349.6070 00.06258000000000
1 79815U          19303.40625000  .00000000  00000-0  00000-0 0 00000
2 79815 097.7480 89.6000 0000000 000.0000 184.6080 00.06258000000000
1 79815U          19303.61666667  .00000000  00000-0  00000-0 0 00000
2 79815 097.7480 89.8080 0000000 000.0000 240.8580 00.06258000000000
1 79815U          19304.03958333  .00000000  00000-0  00000-0 0 00000
2 79815 097.7480 90.2250 0000000 000.0000 004.6090 00.06258000000000
1 79815U          19304.32013889  .00000000  00000-0  00000-0 0 00000
2 79815 097.7480 90.5010 0000000 000.0000 079.6100 00.06258000000000
1 79815U          19304.68055556  .00000000  00000-0  00000-0 0 00000
2 79815 097.7480 90.8560 0000000 000.0000 225.8600 00.06258000000000
1 79815U          19304.93611111  .00000000  00000-0  00000-0 0 00000
2 79815 097.7480 91.1080 0000000 000.0000 165.8610 00.06258000000000
1 79815U          19305.29097222  .00000000  00000-0  00000-0 0 00000
2 79815 097.7480 91.4580 0000000 000.0000 282.1120 00.06258000000000
1 79815U          19305.59444444  .00000000  00000-0  00000-0 0 00000
2 79815 097.7480 91.7570 0000000 000.0000 120.8620 00.06258000000000
1 79815U          19306.05972222  .00000000  00000-0  00000-0 0 00000
2 79815 097.7480 92.2160 0000000 000.0000 113.3630 00.06258000000000
1 79815U          19306.30138889  .00000000  00000-0  00000-0 0 00000
2 79815 097.7480 92.4540 0000000 000.0000 338.3630 00.06258000000000
1 79815U          19306.72152778  .00000000  00000-0  00000-0 0 00000
2 79815 097.7480 92.8690 0000000 000.0000 087.1140 00.06258000000000
1 79815U          19307.01875000  .00000000  00000-0  00000-0 0 00000
2 79815 097.7480 93.1620 0000000 000.0000 252.1150 00.06258000000000
1 79815U          19307.41041667  .00000000  00000-0  00000-0 0 00000
2 79815 097.7480 93.5480 0000000 000.0000 207.1160 00.06258000000000
1 79815U          19307.59236111  .00000000  00000-0  00000-0 0 00000
2 79815 097.7480 93.7270 0000000 000.0000 109.6160 00.06258000000000
1 79815U          19308.06041667  .00000000  00000-0  00000-0 0 00000
2 79815 097.7480 94.1890 0000000 000.0000 117.1170 00.06258000000000
1 79815U          19308.41250000  .00000000  00000-0  00000-0 0 00000
2 79815 097.7480 94.5360 0000000 000.0000 218.3670 00.06258000000000
1 79815U          19308.64027778  .00000000  00000-0  00000-0 0 00000
2 79815 097.7480 94.7600 0000000 000.0000 008.3680 00.06258000000000
1 79815U          19309.04930556  .00000000  00000-0  00000-0 0 00000
2 79815 097.7480 95.1630 0000000 000.0000 057.1190 00.06258000000000
1 79815U          19309.35138889  .00000000  00000-0  00000-0 0 00000
2 79815 097.7480 95.4610 0000000 000.0000 248.3690 00.06258000000000
1 79815U          19309.59305556  .00000000  00000-0  00000-0 0 00000
2 79815 097.7480 95.7000 0000000 000.0000 113.3700 00.06258000000000
1 79815U          19310.08125000  .00000000  00000-0  00000-0 0 00000
2 79815 097.7480 96.1810 0000000 000.0000 229.6210 00.06258000000000
1 79815U          19310.33819444  .00000000  00000-0  00000-0 0 00000
2 79815 097.7480 96.4340 0000000 000.0000 177.1210 00.06258000000000
1 79815U          19310.72013889  .00000000  00000-0  00000-0 0 00000
2 79815 097.7470 96.8110 0000000 000.0000 079.6220 00.06258000000000
1 79815U          19311.07569444  .00000000  00000-0  00000-0 0 00000
2 79815 097.7470 97.1610 0000000 000.0000 199.6230 00.06258000000000
1 79815U          19311.34583333  .00000000  00000-0  00000-0 0 00000
2 79815 097.7470 97.4280 0000000 000.0000 218.3730 00.06258000000000
1 79815U          19311.59305556  .00000000  00000-0  00000-0 0 00000
2 79815 097.7470 97.6710 0000000 000.0000 113.3740 00.06258000000000
1 79815U          19311.89583333  .00000000  00000-0  00000-0 0 00000
2 79815 097.7470 97.9700 0000000 000.0000 308.3740 15.01914300000000
1 79815U          19312.28472222  .00000000  00000-0  00000-0 0 00000
2 79815 097.7450 98.3260 0012489 345.1200 224.4110 14.67825400000000
1 79815U          19312.51875000  .00000000  00000-0  00000-0 0 00000
2 79815 097.7420 98.5510 0014290 003.8530 001.9940 14.66484400000000
1 79815U          19312.96388889  .00000000  00000-0  00000-0 0 00000
2 79815 097.7420 98.9630 0008670 331.7180 225.8040 14.66944700000000
1 79815U          19313.29097222  .00000000  00000-0  00000-0 0 00000
2 79815 097.7490 99.2760 0019140 340.1240 145.2950 14.70235100000000
1 79815U          19313.56180556  .00000000  00000-0  00000-0 0 00000
2 79815 097.7510 99.5310 0021140 328.6490 147.5760 14.71046000000000
1 79815U          19313.89375000  .00000000  00000-0  00000-0 0 00000
2 79815 097.7490 99.8320 0014220 274.1250 155.8370 14.71506400000000
1 79815U          19314.24166667  .00000000  00000-0  00000-0 0 00000
2 79815 097.7520 100.1630 0021230 316.1950 151.7380 14.71633800000000
1 79815U          19314.55486111  .00000000  00000-0  00000-0 0 00000
2 79815 097.7460 100.4600 0004100 320.0450 002.4580 14.68573300000000
1 79815U          19314.91250000  .00000000  00000-0  00000-0 0 00000
2 79815 097.7460 100.7820 0006460 261.0760 150.9360 14.70018500000000
1 79815U          19315.30416667  .00000000  00000-0  00000-0 0 00000
2 79815 097.7460 101.1590 0003020 302.4780 018.6010 14.68705400000000
1 79815U          19315.56666667  .00000000  00000-0  00000-0 0 00000
2 79815 097.7530 101.4000 0017600 060.0580 207.8530 14.72189200000000
1 79815U          19315.94166667  .00000000  00000-0  00000-0 0 00000
2 79815 097.7510 101.7490 0020590 288.9720 160.0530 14.72159400000000
1 79815U          19316.26944444  .00000000  00000-0  00000-0 0 00000
2 79815 097.7440 102.0530 0007440 008.6590 012.0530 14.67167000000000
1 79815U          19316.62777778  .00000000  00000-0  00000-0 0 00000
2 79815 097.7520 102.3960 0020430 318.4910 155.2050 14.71240200000000
1 79815U          19316.85277778  .00000000  00000-0  00000-0 0 00000
2 79815 097.7450 102.5970 0013390 350.9370 231.5340 14.69033700000000
1 79815U          19317.30347222  .00000000  00000-0  00000-0 0 00000
2 79815 097.7520 103.0210 0019510 278.8110 164.6260 14.72110800000000
1 79815U          19317.56180556  .00000000  00000-0  00000-0 0 00000
2 79815 097.7420 103.2650 0010120 355.5380 012.6660 14.66544200000000
1 79815U          19317.86180556  .00000000  00000-0  00000-0 0 00000
2 79815 097.7420 103.5490 0007150 002.7990 150.2480 14.67628300000000
1 79815U          19318.18958333  .00000000  00000-0  00000-0 0 00000
2 79815 097.7540 103.8500 0019680 278.1620 166.5840 14.72138500000000
1 79815U          19318.60972222  .00000000  00000-0  00000-0 0 00000
2 79815 097.7460 104.2500 0010010 352.8120 151.4570 14.68383900000000
1 79815U          19318.86666667  .00000000  00000-0  00000-0 0 00000
2 79815 097.7480 104.4800 0013150 250.8570 170.9500 14.70909300000000
1 79815U          19318.89583333  .00000000  00000-0  00000-0 0 00000
2 79815 097.7430 104.5070 0010660 332.7630 243.1360 14.68392200000000
1 79815U          19319.16180556  .00000000  00000-0  00000-0 0 00000
2 79815 097.7440 104.7600 0003320 264.6890 276.2850 14.66426500000000
1 79815U          19319.63958333  .00000000  00000-0  00000-0 0 00000
2 79815 097.7430 105.2070 0004510 270.0950 274.9810 14.66476900000000
1 79815U          19319.92708333  .00000000  00000-0  00000-0 0 00000
2 79815 097.7490 105.4740 0014890 063.8750 200.0620 14.72135100000000
1 79815U          19320.28541667  .00000000  00000-0  00000-0 0 00000
2 79815 097.7430 105.8110 0008740 332.6600 024.3390 14.66462000000000
1 79815U          19320.58680556  .00000000  00000-0  00000-0 0 00000
2 79815 097.7450 106.0980 0006490 354.0450 155.1380 14.67940400000000
1 79815U          19320.91875000  .00000000  00000-0  00000-0 0 00000
2 79815 097.7490 106.4050 0020730 293.8300 169.0390 14.71883800000000
1 79815U          19321.28333333  .00000000  00000-0  00000-0 0 00000
2 79815 097.7470 106.7380 0010880 357.8970 231.1520 14.69721700000000
1 79815U          19321.51111111  .00000000  00000-0  00000-0 0 00000
2 79815 097.7400 106.9600 0008580 322.7330 029.5860 14.66534700000000
1 79815U          19321.87847222  .00000000  00000-0  00000-0 0 00000
2 79815 097.7440 107.3050 0011840 329.3900 163.6620 14.69516800000000
1 79815U          19322.28055556  .00000000  00000-0  00000-0 0 00000
2 79815 097.7510 107.6760 0020820 283.5910 173.7090 14.72092800000000
1 79815U          19322.60694444  .00000000  00000-0  00000-0 0 00000
2 79815 097.7430 107.9790 0002310 350.2030 031.4530 14.67221200000000
1 79815U          19322.83472222  .00000000  00000-0  00000-0 0 00000
2 79815 097.7420 108.1990 0006170 341.2360 163.6890 14.68352200000000
1 79815U          19323.17986111  .00000000  00000-0  00000-0 0 00000
2 79815 097.7420 108.5180 0002740 205.6640 322.6530 14.66669900000000
1 79815U          19323.53333333  .00000000  00000-0  00000-0 0 00000
2 79815 097.7470 108.8440 0010420 013.4190 222.3620 14.70347700000000
1 79815U          19323.89861111  .00000000  00000-0  00000-0 0 00000
2 79815 097.7380 109.1870 0005190 328.6500 036.8570 14.66519700000000
1 79815U          19324.26666667  .00000000  00000-0  00000-0 0 00000
2 79815 097.7420 109.5360 0002620 342.1980 167.6950 14.67876500000000
1 79815U          19324.51736111  .00000000  00000-0  00000-0 0 00000
2 79815 097.7410 109.7640 0004450 202.8990 191.5050 14.68284700000000
1 79815U          19324.87152778  .00000000  00000-0  00000-0 0 00000
2 79815 097.7460 110.1000 0019290 287.4440 177.9520 14.71765500000000
1 79815U          19325.22013889  .00000000  00000-0  00000-0 0 00000
2 79815 097.7430 110.4280 0003030 334.3490 172.7380 14.68143500000000
1 79815U          19325.60555556  .00000000  00000-0  00000-0 0 00000
2 79815 097.7410 110.7820 0001040 204.8930 178.4380 14.67342900000000
1 79815U          19325.82708333  .00000000  00000-0  00000-0 0 00000
2 79815 097.7450 110.9950 0016590 295.0470 178.5450 14.71254200000000
1 79815U          19325.89583333  .00000000  00000-0  00000-0 0 00000
2 79815 097.7430 111.0590 0015720 298.4950 178.2950 14.71025500000000
1 79815U          19326.20000000  .00000000  00000-0  00000-0 0 00000
2 79815 097.7490 111.3420 0013640 123.5730 160.1510 14.71879500000000
1 79815U          19326.63680556  .00000000  00000-0  00000-0 0 00000
2 79815 097.7480 111.7460 0019240 242.1580 189.2690 14.71608500000000
1 79815U          19326.95486111  .00000000  00000-0  00000-0 0 00000
2 79815 097.7400 112.0490 0010590 185.7370 125.8900 14.69630400000000
1 79815U          19327.20972222  .00000000  00000-0  00000-0 0 00000
2 79815 097.7430 112.2780 0005350 302.3930 275.7860 14.68639100000000
1 79815U          19327.48958333  .00000000  00000-0  00000-0 0 00000
2 79815 097.7450 112.5440 0012100 074.7180 181.9360 14.71878700000000
1 79815U          19327.88402778  .00000000  00000-0  00000-0 0 00000
2 79815 097.7340 112.9140 0008540 205.9500 334.5410 14.66428800000000
1 79815U          19328.18819444  .00000000  00000-0  00000-0 0 00000
2 79815 097.7390 113.2010 0006020 266.4760 080.9060 14.66719400000000
1 79815U          19328.59513889  .00000000  00000-0  00000-0 0 00000
2 79815 097.7380 113.5840 0007580 244.0870 093.1690 14.67297400000000
1 79815U          19328.90277778  .00000000  00000-0  00000-0 0 00000
2 79815 097.7340 113.8690 0005670 183.0360 339.4910 14.66958200000000
1 79815U          19329.23472222  .00000000  00000-0  00000-0 0 00000
2 79815 097.7450 114.1800 0013870 288.2190 187.9680 14.71083200000000
1 79815U          19329.61041667  .00000000  00000-0  00000-0 0 00000
2 79815 097.7440 114.5340 0014319 160.7950 140.1800 14.70692300000000
1 79815U          19329.83472222  .00000000  00000-0  00000-0 0 00000
2 79815 097.7400 114.7330 0013580 201.5230 204.5750 14.69434500000000
1 79815U          19330.28611111  .00000000  00000-0  00000-0 0 00000
2 79815 097.7460 115.1600 0015420 111.7260 159.0130 14.72203100000000
1 79815U          19330.49930556  .00000000  00000-0  00000-0 0 00000
2 79815 097.7390 115.3660 0012210 190.1580 126.8290 14.69118300000000
1 79815U          19330.88125000  .00000000  00000-0  00000-0 0 00000
2 79815 097.7330 115.7180 0010100 189.8240 345.0340 14.66476700000000
1 79815U          19331.24166667  .00000000  00000-0  00000-0 0 00000
2 79815 097.7460 116.0550 0016940 126.3550 152.5880 14.72066000000000
1 79815U          19331.62430556  .00000000  00000-0  00000-0 0 00000
2 79815 097.7400 116.4170 0002000 271.4470 228.9410 14.68776800000000
1 79815U          19331.92152778  .00000000  00000-0  00000-0 0 00000
2 79815 097.7420 116.6890 0016190 114.9670 155.7060 14.72206200000000
1 79815U          19332.16041667  .00000000  00000-0  00000-0 0 00000
2 79815 097.7460 116.9130 0020170 253.7070 199.0200 14.72190400000000
1 79815U          19332.54861111  .00000000  00000-0  00000-0 0 00000
2 79815 097.7350 117.2800 0006980 228.6800 114.8580 14.66908000000000
1 79815U          19332.87569444  .00000000  00000-0  00000-0 0 00000
2 79815 097.7420 117.5820 0017120 117.8650 153.6960 14.72208100000000
