1 79991U          19282.03541667  .00000000  00000-0  00000-0 0 00000
2 79991 097.7330 119.9730 0000000 000.0000 109.0190 15.01920000000000
1 79991U          19282.28541667  .00000000  00000-0  00000-0 0 00000
2 79991 097.7330 120.2190 0000000 000.0000 019.0200 15.01920000000000
1 79991U          19282.60416667  .00000000  00000-0  00000-0 0 00000
2 79991 097.7330 120.5340 0000000 000.0000 300.2700 15.01920000000000
1 79991U          19283.03541667  .00000000  00000-0  00000-0 0 00000
2 79991 097.7330 120.9590 0000000 000.0000 109.0210 15.01920000000000
1 79991U          19283.37361111  .00000000  00000-0  00000-0 0 00000
2 79991 097.7320 121.2920 0000000 000.0000 135.2720 15.01920000000000
1 79991U          19283.64375000  .00000000  00000-0  00000-0 0 00000
2 79991 097.7320 121.5580 0000000 000.0000 154.0220 15.01920000000000
1 79991U          19283.92847222  .00000000  00000-0  00000-0 0 00000
2 79991 097.7320 121.8390 0000000 000.0000 251.5220 15.01920000000000
1 79991U          19284.30902778  .00000000  00000-0  00000-0 0 00000
2 79991 097.7310 122.2140 0000000 000.0000 146.5230 15.01920000000000
1 79991U          19284.73680556  .00000000  00000-0  00000-0 0 00000
2 79991 097.7310 122.6360 0000000 000.0000 296.5240 15.01920000000000
1 79991U          19285.03819444  .00000000  00000-0  00000-0 0 00000
2 79991 097.7310 122.9330 0000000 000.0000 124.0240 15.01920000000000
1 79991U          19285.32291667  .00000000  00000-0  00000-0 0 00000
2 79991 097.7300 123.2140 0000000 000.0000 221.5250 15.01920000000000
1 79991U          19285.72500000  .00000000  00000-0  00000-0 0 00000
2 79991 097.7300 123.6100 0000000 000.0000 232.7750 15.01920000000000
1 79991U          19285.94583333  .00000000  00000-0  00000-0 0 00000
2 79991 097.7300 123.8280 0000000 000.0000 345.2760 15.01920000000000
1 79991U          19286.25833333  .00000000  00000-0  00000-0 0 00000
2 79991 097.7290 124.1360 0000000 000.0000 232.7760 15.01920000000000
1 79991U          19286.69236111  .00000000  00000-0  00000-0 0 00000
2 79991 097.7290 124.5640 0000000 000.0000 056.5270 15.01920000000000
1 79991U          19287.05416667  .00000000  00000-0  00000-0 0 00000
2 79991 097.7280 124.9200 0000000 000.0000 210.2770 15.01920000000000
1 79991U          19287.33402778  .00000000  00000-0  00000-0 0 00000
2 79991 097.7280 125.1960 0000000 000.0000 281.5280 15.01920000000000
1 79991U          19287.69305556  .00000000  00000-0  00000-0 0 00000
2 79991 097.7280 125.5500 0000000 000.0000 060.2780 15.01920000000000
1 79991U          19287.93958333  .00000000  00000-0  00000-0 0 00000
2 79991 097.7270 125.7930 0000000 000.0000 311.5290 15.01920000000000
1 79991U          19288.27222222  .00000000  00000-0  00000-0 0 00000
2 79991 097.7270 126.1210 0000000 000.0000 307.7790 15.01920000000000
1 79991U          19288.69930556  .00000000  00000-0  00000-0 0 00000
2 79991 097.7270 126.5420 0000000 000.0000 094.0300 15.01920000000000
1 79991U          19288.99722222  .00000000  00000-0  00000-0 0 00000
2 79991 097.7260 126.8360 0000000 000.0000 262.7810 15.01920000000000
1 79991U          19289.41319444  .00000000  00000-0  00000-0 0 00000
2 79991 097.7260 127.2460 0000000 000.0000 349.0310 15.01920000000000
1 79991U          19289.67013889  .00000000  00000-0  00000-0 0 00000
2 79991 097.7260 127.4990 0000000 000.0000 296.5320 15.01920000000000
1 79991U          19290.02916667  .00000000  00000-0  00000-0 0 00000
2 79991 097.7250 127.8530 0000000 000.0000 075.2820 15.01920000000000
1 79991U          19290.30486111  .00000000  00000-0  00000-0 0 00000
2 79991 097.7250 128.1250 0000000 000.0000 124.0320 15.01920000000000
1 79991U          19290.68055556  .00000000  00000-0  00000-0 0 00000
2 79991 097.7240 128.4950 0000000 000.0000 352.7830 15.01920000000000
1 79991U          19291.01111111  .00000000  00000-0  00000-0 0 00000
2 79991 097.7240 128.8210 0000000 000.0000 337.7840 15.01920000000000
1 79991U          19291.32708333  .00000000  00000-0  00000-0 0 00000
2 79991 097.7240 129.1330 0000000 000.0000 244.0340 15.01920000000000
1 79991U          19291.62361111  .00000000  00000-0  00000-0 0 00000
2 79991 097.7230 129.4250 0000000 000.0000 045.2840 15.01920000000000
1 79991U          19292.05416667  .00000000  00000-0  00000-0 0 00000
2 79991 097.7230 129.8490 0000000 000.0000 210.2850 15.01920000000000
1 79991U          19292.37083333  .00000000  00000-0  00000-0 0 00000
2 79991 097.7220 130.1620 0000000 000.0000 120.2860 15.01920000000000
1 79991U          19292.68263889  .00000000  00000-0  00000-0 0 00000
2 79991 097.7220 130.4690 0000000 000.0000 004.0360 15.01920000000000
1 79991U          19292.93611111  .00000000  00000-0  00000-0 0 00000
2 79991 097.7220 130.7190 0000000 000.0000 292.7860 15.01920000000000
1 79991U          19293.31388889  .00000000  00000-0  00000-0 0 00000
2 79991 097.7210 131.0910 0000000 000.0000 172.7870 15.01920000000000
1 79991U          19293.70694444  .00000000  00000-0  00000-0 0 00000
2 79991 097.7210 131.4790 0000000 000.0000 135.2880 15.01920000000000
1 79991U          19294.07569444  .00000000  00000-0  00000-0 0 00000
2 79991 097.7200 131.8420 0000000 000.0000 326.5380 15.01920000000000
1 79991U          19294.25486111  .00000000  00000-0  00000-0 0 00000
2 79991 097.7200 132.0190 0000000 000.0000 214.0380 15.01920000000000
1 79991U          19294.69583333  .00000000  00000-0  00000-0 0 00000
2 79991 097.7190 132.4540 0000000 000.0000 075.2890 15.01920000000000
1 79991U          19294.96319444  .00000000  00000-0  00000-0 0 00000
2 79991 097.7190 132.7170 0000000 000.0000 079.0390 15.01920000000000
1 79991U          19295.34305556  .00000000  00000-0  00000-0 0 00000
2 79991 097.7190 133.0920 0000000 000.0000 330.2900 15.01920000000000
1 79991U          19295.65416667  .00000000  00000-0  00000-0 0 00000
2 79991 097.7180 133.3980 0000000 000.0000 210.2900 15.01920000000000
1 79991U          19295.96527778  .00000000  00000-0  00000-0 0 00000
2 79991 097.7180 133.7050 0000000 000.0000 090.2910 15.01920000000000
1 79991U          19296.26527778  .00000000  00000-0  00000-0 0 00000
2 79991 097.7170 134.0010 0000000 000.0000 270.2910 15.01920000000000
1 79991U          19296.67569444  .00000000  00000-0  00000-0 0 00000
2 79991 097.7170 134.4050 0000000 000.0000 326.5420 15.01920000000000
1 79991U          19297.00555556  .00000000  00000-0  00000-0 0 00000
2 79991 097.7170 134.7310 0000000 000.0000 307.7920 15.01920000000000
1 79991U          19297.36944444  .00000000  00000-0  00000-0 0 00000
2 79991 097.7160 135.0890 0000000 000.0000 112.7930 15.01920000000000
1 79991U          19297.66666667  .00000000  00000-0  00000-0 0 00000
2 79991 097.7160 135.3820 0000000 000.0000 277.7930 15.01920000000000
1 79991U          19298.05972222  .00000000  00000-0  00000-0 0 00000
2 79991 097.7150 135.7700 0000000 000.0000 240.2940 15.01920000000000
1 79991U          19298.28333333  .00000000  00000-0  00000-0 0 00000
2 79991 097.7150 135.9900 0000000 000.0000 007.7940 15.01920000000000
1 79991U          19298.68541667  .00000000  00000-0  00000-0 0 00000
2 79991 097.7140 136.3860 0000000 000.0000 019.0440 15.01920000000000
1 79991U          19299.01180556  .00000000  00000-0  00000-0 0 00000
2 79991 097.7140 136.7080 0000000 000.0000 341.5450 15.01920000000000
1 79991U          19299.29583333  .00000000  00000-0  00000-0 0 00000
2 79991 097.7130 136.9880 0000000 000.0000 075.2950 15.01920000000000
1 79991U          19299.61736111  .00000000  00000-0  00000-0 0 00000
2 79991 097.7130 137.3050 0000000 000.0000 011.5460 15.01920000000000
1 79991U          19300.07152778  .00000000  00000-0  00000-0 0 00000
2 79991 097.7120 137.7530 0000000 000.0000 304.0460 15.01920000000000
1 79991U          19300.30486111  .00000000  00000-0  00000-0 0 00000
2 79991 097.7120 137.9830 0000000 000.0000 124.0460 15.01920000000000
1 79991U          19300.63819444  .00000000  00000-0  00000-0 0 00000
2 79991 097.7120 138.3110 0000000 000.0000 124.0470 15.01920000000000
1 79991U          19301.01805556  .00000000  00000-0  00000-0 0 00000
2 79991 097.7110 138.6860 0000000 000.0000 015.2970 15.01920000000000
1 79991U          19301.39930556  .00000000  00000-0  00000-0 0 00000
2 79991 097.7110 139.0620 0000000 000.0000 274.0480 15.01920000000000
1 79991U          19301.59027778  .00000000  00000-0  00000-0 0 00000
2 79991 097.7100 139.2500 0000000 000.0000 225.2980 15.01920000000000
1 79991U          19301.93125000  .00000000  00000-0  00000-0 0 00000
2 79991 097.7100 139.5860 0000000 000.0000 266.5490 15.01920000000000
1 79991U          19302.25694444  .00000000  00000-0  00000-0 0 00000
2 79991 097.7090 139.9070 0000000 000.0000 225.2990 15.01920000000000
1 79991U          19302.69166667  .00000000  00000-0  00000-0 0 00000
2 79991 097.7090 140.3360 0000000 000.0000 052.7990 15.01920000000000
1 79991U          19302.93333333  .00000000  00000-0  00000-0 0 00000
2 79991 097.7080 140.5740 0000000 000.0000 277.8000 15.01920000000000
1 79991U          19303.33819444  .00000000  00000-0  00000-0 0 00000
2 79991 097.7080 140.9730 0000000 000.0000 304.0500 15.01920000000000
1 79991U          19303.74375000  .00000000  00000-0  00000-0 0 00000
2 79991 097.7070 141.3730 0000000 000.0000 334.0510 15.01920000000000
1 79991U          19303.95833333  .00000000  00000-0  00000-0 0 00000
2 79991 097.7070 141.5840 0000000 000.0000 052.8010 15.01920000000000
1 79991U          19304.37569444  .00000000  00000-0  00000-0 0 00000
2 79991 097.7060 141.9960 0000000 000.0000 146.5520 15.01920000000000
1 79991U          19304.69513889  .00000000  00000-0  00000-0 0 00000
2 79991 097.7060 142.3110 0000000 000.0000 071.5520 15.01920000000000
1 79991U          19305.01805556  .00000000  00000-0  00000-0 0 00000
2 79991 097.7050 142.6290 0000000 000.0000 015.3020 15.01920000000000
1 79991U          19305.39236111  .00000000  00000-0  00000-0 0 00000
2 79991 097.7050 142.9980 0000000 000.0000 236.5530 15.01920000000000
1 79991U          19305.69097222  .00000000  00000-0  00000-0 0 00000
2 79991 097.7040 143.2920 0000000 000.0000 049.0530 15.01920000000000
1 79991U          19305.99722222  .00000000  00000-0  00000-0 0 00000
2 79991 097.7040 143.5940 0000000 000.0000 262.8030 15.01920000000000
1 79991U          19306.40486111  .00000000  00000-0  00000-0 0 00000
2 79991 097.7030 143.9960 0000000 000.0000 304.0540 15.01920000000000
1 79991U          19306.59305556  .00000000  00000-0  00000-0 0 00000
2 79991 097.7030 144.1820 0000000 000.0000 240.3040 15.01920000000000
1 79991U          19307.04652778  .00000000  00000-0  00000-0 0 00000
2 79991 097.7020 144.6290 0000000 000.0000 169.0550 15.01920000000000
1 79991U          19307.30277778  .00000000  00000-0  00000-0 0 00000
2 79991 097.7020 144.8810 0000000 000.0000 112.8050 15.01920000000000
1 79991U          19307.58680556  .00000000  00000-0  00000-0 0 00000
2 79991 097.7010 145.1610 0000000 000.0000 206.5550 15.01920000000000
1 79991U          19308.05833333  .00000000  00000-0  00000-0 0 00000
2 79991 097.7010 145.6260 0000000 000.0000 232.8060 15.01920000000000
1 79991U          19308.37777778  .00000000  00000-0  00000-0 0 00000
2 79991 097.7000 145.9410 0000000 000.0000 157.8060 15.01920000000000
1 79991U          19308.72638889  .00000000  00000-0  00000-0 0 00000
2 79991 097.7000 146.2850 0000000 000.0000 240.3060 15.01920000000000
1 79991U          19309.04513889  .00000000  00000-0  00000-0 0 00000
2 79991 097.6990 146.5990 0000000 000.0000 161.5570 15.01920000000000
1 79991U          19309.37361111  .00000000  00000-0  00000-0 0 00000
2 79991 097.6990 146.9230 0000000 000.0000 135.3070 15.01920000000000
1 79991U          19309.62708333  .00000000  00000-0  00000-0 0 00000
2 79991 097.6980 147.1720 0000000 000.0000 064.0570 15.01920000000000
1 79991U          19309.98680556  .00000000  00000-0  00000-0 0 00000
2 79991 097.6980 147.5270 0000000 000.0000 206.5580 15.01920000000000
1 79991U          19310.32291667  .00000000  00000-0  00000-0 0 00000
2 79991 097.6970 147.8580 0000000 000.0000 221.5580 15.01920000000000
1 79991U          19310.69305556  .00000000  00000-0  00000-0 0 00000
2 79991 097.6970 148.2230 0000000 000.0000 060.3080 15.01920000000000
1 79991U          19311.05277778  .00000000  00000-0  00000-0 0 00000
2 79991 097.6960 148.5780 0000000 000.0000 202.8090 15.01920000000000
1 79991U          19311.26597222  .00000000  00000-0  00000-0 0 00000
2 79991 097.6960 148.7880 0000000 000.0000 274.0590 15.01920000000000
1 79991U          19311.58958333  .00000000  00000-0  00000-0 0 00000
2 79991 097.6950 149.1070 0000000 000.0000 221.5590 15.01920000000000
1 79991U          19311.94444444  .00000000  00000-0  00000-0 0 00000
2 79991 097.6950 149.4570 0000000 000.0000 337.8100 15.01914300000000
1 79991U          19312.18055556  .00000000  00000-0  00000-0 0 00000
2 79991 097.6940 149.6890 0000000 000.0000 172.8100 15.01914300000000
1 79991U          19312.58750000  .00000000  00000-0  00000-0 0 00000
2 79991 097.6940 150.0910 0000000 000.0000 210.3100 15.01914300000000
1 79991U          19312.81388889  .00000000  00000-0  00000-0 0 00000
2 79991 097.6930 150.3140 0000000 000.0000 352.8110 15.01914300000000
1 79991U          19313.23402778  .00000000  00000-0  00000-0 0 00000
2 79991 097.6920 150.7280 0000000 000.0000 101.5610 15.01914300000000
1 79991U          19313.61736111  .00000000  00000-0  00000-0 0 00000
2 79991 097.6920 151.1060 0000000 000.0000 011.5610 15.01914300000000
1 79991U          19313.88402778  .00000000  00000-0  00000-0 0 00000
2 79991 097.6910 151.3690 0000000 000.0000 011.5620 15.01914300000000
1 79991U          19314.29444444  .00000000  00000-0  00000-0 0 00000
2 79991 097.6910 151.7730 0000000 000.0000 067.8120 15.01914300000000
1 79991U          19314.54861111  .00000000  00000-0  00000-0 0 00000
2 79991 097.6900 152.0240 0000000 000.0000 000.3120 15.01914300000000
1 79991U          19314.95763889  .00000000  00000-0  00000-0 0 00000
2 79991 097.6900 152.4270 0000000 000.0000 049.0630 15.01914300000000
1 79991U          19315.15486111  .00000000  00000-0  00000-0 0 00000
2 79991 097.6890 152.6210 0000000 000.0000 034.0630 15.01914300000000
1 79991U          19315.64513889  .00000000  00000-0  00000-0 0 00000
2 79991 097.6880 153.1050 0000000 000.0000 161.5630 15.01914300000000
1 79991U          19315.88819444  .00000000  00000-0  00000-0 0 00000
2 79991 097.6880 153.3440 0000000 000.0000 034.0630 15.01914300000000
1 79991U          19316.17430556  .00000000  00000-0  00000-0 0 00000
2 79991 097.6880 153.6260 0000000 000.0000 139.0640 15.01914300000000
1 79991U          19316.64444444  .00000000  00000-0  00000-0 0 00000
2 79991 097.6870 154.0900 0000000 000.0000 157.8140 15.01914300000000
1 79991U          19316.97569444  .00000000  00000-0  00000-0 0 00000
2 79991 097.6860 154.4160 0000000 000.0000 146.5640 15.01914300000000
1 79991U          19317.26319444  .00000000  00000-0  00000-0 0 00000
2 79991 097.6860 154.6990 0000000 000.0000 259.0650 15.01914300000000
1 79991U          19317.59236111  .00000000  00000-0  00000-0 0 00000
2 79991 097.6850 155.0240 0000000 000.0000 236.5650 15.01914300000000
1 79991U          19317.83055556  .00000000  00000-0  00000-0 0 00000
2 79991 097.6850 155.2590 0000000 000.0000 082.8150 15.01914300000000
1 79991U          19318.31250000  .00000000  00000-0  00000-0 0 00000
2 79991 097.6840 155.7340 0000000 000.0000 165.3150 15.01914300000000
1 79991U          19318.51319444  .00000000  00000-0  00000-0 0 00000
2 79991 097.6840 155.9320 0000000 000.0000 169.0660 15.01914300000000
1 79991U          19318.89583333  .00000000  00000-0  00000-0 0 00000
2 79991 097.6830 156.3090 0000000 000.0000 075.3160 15.01914300000000
1 79991U          19318.92291667  .00000000  00000-0  00000-0 0 00000
2 79991 097.6830 156.3350 0000000 000.0000 221.5660 15.01914300000000
1 79991U          19319.20555556  .00000000  00000-0  00000-0 0 00000
2 79991 097.6820 156.6140 0000000 000.0000 307.8160 15.01914300000000
1 79991U          19319.60000000  .00000000  00000-0  00000-0 0 00000
2 79991 097.6820 157.0030 0000000 000.0000 277.8160 15.01914300000000
1 79991U          19319.93541667  .00000000  00000-0  00000-0 0 00000
2 79991 097.6810 157.3340 0000000 000.0000 289.0670 15.01914300000000
1 79991U          19320.26805556  .00000000  00000-0  00000-0 0 00000
2 79991 097.6810 157.6610 0000000 000.0000 285.3170 15.01914300000000
1 79991U          19320.55486111  .00000000  00000-0  00000-0 0 00000
2 79991 097.6800 157.9440 0000000 000.0000 034.0670 15.01914300000000
1 79991U          19320.89236111  .00000000  00000-0  00000-0 0 00000
2 79991 097.6800 158.2770 0000000 000.0000 056.5670 15.01914300000000
1 79991U          19321.24791667  .00000000  00000-0  00000-0 0 00000
2 79991 097.6790 158.6270 0000000 000.0000 176.5680 15.01914300000000
1 79991U          19321.53472222  .00000000  00000-0  00000-0 0 00000
2 79991 097.6780 158.9100 0000000 000.0000 285.3180 15.01914300000000
1 79991U          19321.97222222  .00000000  00000-0  00000-0 0 00000
2 79991 097.6780 159.3410 0000000 000.0000 127.8180 15.01914300000000
1 79991U          19322.22500000  .00000000  00000-0  00000-0 0 00000
2 79991 097.6770 159.5900 0000000 000.0000 052.8180 15.01914300000000
1 79991U          19322.53263889  .00000000  00000-0  00000-0 0 00000
2 79991 097.6770 159.8940 0000000 000.0000 274.0690 15.01914300000000
1 79991U          19322.96944444  .00000000  00000-0  00000-0 0 00000
2 79991 097.6760 160.3240 0000000 000.0000 112.8190 15.01914300000000
1 79991U          19323.20625000  .00000000  00000-0  00000-0 0 00000
2 79991 097.6760 160.5580 0000000 000.0000 311.5690 15.01914300000000
1 79991U          19323.50416667  .00000000  00000-0  00000-0 0 00000
2 79991 097.6750 160.8510 0000000 000.0000 120.3190 15.01914300000000
1 79991U          19323.82569444  .00000000  00000-0  00000-0 0 00000
2 79991 097.6740 161.1680 0000000 000.0000 056.5690 15.01914300000000
1 79991U          19324.28055556  .00000000  00000-0  00000-0 0 00000
2 79991 097.6740 161.6160 0000000 000.0000 352.8200 15.01914300000000
1 79991U          19324.61319444  .00000000  00000-0  00000-0 0 00000
2 79991 097.6730 161.9440 0000000 000.0000 349.0700 15.01914300000000
1 79991U          19324.92430556  .00000000  00000-0  00000-0 0 00000
2 79991 097.6730 162.2510 0000000 000.0000 229.0700 15.01914300000000
1 79991U          19325.26736111  .00000000  00000-0  00000-0 0 00000
2 79991 097.6720 162.5890 0000000 000.0000 281.5700 15.01914300000000
1 79991U          19325.55833333  .00000000  00000-0  00000-0 0 00000
2 79991 097.6710 162.8760 0000000 000.0000 052.8200 15.01914300000000
1 79991U          19325.84027778  .00000000  00000-0  00000-0 0 00000
2 79991 097.6710 163.1540 0000000 000.0000 135.3210 15.01914300000000
1 79991U          19325.92361111  .00000000  00000-0  00000-0 0 00000
2 79991 097.6710 163.2360 0000000 000.0000 225.3210 15.01914300000000
1 79991U          19326.29583333  .00000000  00000-0  00000-0 0 00000
2 79991 097.6700 163.6030 0000000 000.0000 075.3210 15.01914300000000
1 79991U          19326.57361111  .00000000  00000-0  00000-0 0 00000
2 79991 097.6700 163.8770 0000000 000.0000 135.3210 15.01914300000000
1 79991U          19326.87430556  .00000000  00000-0  00000-0 0 00000
2 79991 097.6690 164.1730 0000000 000.0000 319.0710 15.01914300000000
1 79991U          19327.17361111  .00000000  00000-0  00000-0 0 00000
2 79991 097.6680 164.4680 0000000 000.0000 135.3210 15.01914300000000
1 79991U          19327.50972222  .00000000  00000-0  00000-0 0 00000
2 79991 097.6680 164.7990 0000000 000.0000 150.3210 15.01914300000000
1 79991U          19327.83125000  .00000000  00000-0  00000-0 0 00000
2 79991 097.6670 165.1160 0000000 000.0000 086.5720 15.01914300000000
1 79991U          19328.23472222  .00000000  00000-0  00000-0 0 00000
2 79991 097.6670 165.5140 0000000 000.0000 105.3220 15.01914300000000
1 79991U          19328.50208333  .00000000  00000-0  00000-0 0 00000
2 79991 097.6660 165.7780 0000000 000.0000 109.0720 15.01914300000000
1 79991U          19328.89583333  .00000000  00000-0  00000-0 0 00000
2 79991 097.6650 166.1660 0000000 000.0000 075.3220 15.01914300000000
1 79991U          19329.24583333  .00000000  00000-0  00000-0 0 00000
2 79991 097.6650 166.5110 0000000 000.0000 165.3220 15.01914300000000
1 79991U          19329.56458333  .00000000  00000-0  00000-0 0 00000
2 79991 097.6640 166.8250 0000000 000.0000 086.5730 15.01914300000000
1 79991U          19329.83333333  .00000000  00000-0  00000-0 0 00000
2 79991 097.6640 167.0900 0000000 000.0000 097.8230 15.01914300000000
1 79991U          19330.25347222  .00000000  00000-0  00000-0 0 00000
2 79991 097.6630 167.5040 0000000 000.0000 206.5730 15.01914300000000
1 79991U          19330.56180556  .00000000  00000-0  00000-0 0 00000
2 79991 097.6620 167.8080 0000000 000.0000 071.5730 15.01914300000000
1 79991U          19330.83888889  .00000000  00000-0  00000-0 0 00000
2 79991 097.6620 168.0810 0000000 000.0000 127.8230 15.01914300000000
1 79991U          19331.21250000  .00000000  00000-0  00000-0 0 00000
2 79991 097.6610 168.4490 0000000 000.0000 345.3230 15.01914300000000
1 79991U          19331.62430556  .00000000  00000-0  00000-0 0 00000
2 79991 097.6600 168.8550 0000000 000.0000 049.0730 15.01914300000000
1 79991U          19331.91458333  .00000000  00000-0  00000-0 0 00000
2 79991 097.6600 169.1410 0000000 000.0000 176.5730 15.01914300000000
1 79991U          19332.26111111  .00000000  00000-0  00000-0 0 00000
2 79991 097.6590 169.4830 0000000 000.0000 247.8240 15.01914300000000
1 79991U          19332.59583333  .00000000  00000-0  00000-0 0 00000
2 79991 097.6590 169.8130 0000000 000.0000 255.3240 15.01914300000000
1 79991U          19332.89583333  .00000000  00000-0  00000-0 0 00000
2 79991 097.6580 170.1080 0000000 000.0000 075.3240 15.01914300000000
