1 81683U          19281.93611111  .00000000  00000-0  00000-0 0 00000
2 81683 097.7340 119.8750 0000000 000.0000 028.7690 15.01920000000000
1 81683U          19282.31250000  .00000000  00000-0  00000-0 0 00000
2 81683 097.7330 120.2460 0000000 000.0000 261.2700 15.01920000000000
1 81683U          19282.66805556  .00000000  00000-0  00000-0 0 00000
2 81683 097.7330 120.5970 0000000 000.0000 021.2700 15.01920000000000
1 81683U          19282.92777778  .00000000  00000-0  00000-0 0 00000
2 81683 097.7330 120.8530 0000000 000.0000 343.7710 15.01920000000000
1 81683U          19283.30694444  .00000000  00000-0  00000-0 0 00000
2 81683 097.7320 121.2260 0000000 000.0000 231.2710 15.01920000000000
1 81683U          19283.66180556  .00000000  00000-0  00000-0 0 00000
2 81683 097.7320 121.5760 0000000 000.0000 347.5220 15.01920000000000
1 81683U          19283.99236111  .00000000  00000-0  00000-0 0 00000
2 81683 097.7320 121.9020 0000000 000.0000 332.5230 15.01920000000000
1 81683U          19284.34791667  .00000000  00000-0  00000-0 0 00000
2 81683 097.7310 122.2530 0000000 000.0000 092.5230 15.01920000000000
1 81683U          19284.64513889  .00000000  00000-0  00000-0 0 00000
2 81683 097.7310 122.5460 0000000 000.0000 257.5240 15.01920000000000
1 81683U          19284.92222222  .00000000  00000-0  00000-0 0 00000
2 81683 097.7310 122.8190 0000000 000.0000 313.7740 15.01920000000000
1 81683U          19285.29722222  .00000000  00000-0  00000-0 0 00000
2 81683 097.7300 123.1880 0000000 000.0000 178.7750 15.01920000000000
1 81683U          19285.67638889  .00000000  00000-0  00000-0 0 00000
2 81683 097.7300 123.5620 0000000 000.0000 066.2750 15.01920000000000
1 81683U          19285.94166667  .00000000  00000-0  00000-0 0 00000
2 81683 097.7300 123.8240 0000000 000.0000 058.7760 15.01920000000000
1 81683U          19286.28611111  .00000000  00000-0  00000-0 0 00000
2 81683 097.7290 124.1630 0000000 000.0000 118.7760 15.01920000000000
1 81683U          19286.72916667  .00000000  00000-0  00000-0 0 00000
2 81683 097.7290 124.6000 0000000 000.0000 351.2770 15.01920000000000
1 81683U          19287.03611111  .00000000  00000-0  00000-0 0 00000
2 81683 097.7280 124.9030 0000000 000.0000 208.7770 15.01920000000000
1 81683U          19287.32361111  .00000000  00000-0  00000-0 0 00000
2 81683 097.7280 125.1860 0000000 000.0000 321.2780 15.01920000000000
1 81683U          19287.73125000  .00000000  00000-0  00000-0 0 00000
2 81683 097.7280 125.5880 0000000 000.0000 002.5290 15.01920000000000
1 81683U          19287.97708333  .00000000  00000-0  00000-0 0 00000
2 81683 097.7270 125.8300 0000000 000.0000 250.0290 15.01920000000000
1 81683U          19288.40000000  .00000000  00000-0  00000-0 0 00000
2 81683 097.7270 126.2470 0000000 000.0000 013.7800 15.01920000000000
1 81683U          19288.69097222  .00000000  00000-0  00000-0 0 00000
2 81683 097.7270 126.5340 0000000 000.0000 145.0300 15.01920000000000
1 81683U          19288.96319444  .00000000  00000-0  00000-0 0 00000
2 81683 097.7260 126.8020 0000000 000.0000 175.0300 15.01920000000000
1 81683U          19289.35902778  .00000000  00000-0  00000-0 0 00000
2 81683 097.7260 127.1930 0000000 000.0000 152.5310 15.01920000000000
1 81683U          19289.66180556  .00000000  00000-0  00000-0 0 00000
2 81683 097.7260 127.4910 0000000 000.0000 347.5320 15.01920000000000
1 81683U          19289.94305556  .00000000  00000-0  00000-0 0 00000
2 81683 097.7250 127.7680 0000000 000.0000 066.2820 15.01920000000000
1 81683U          19290.39305556  .00000000  00000-0  00000-0 0 00000
2 81683 097.7250 128.2120 0000000 000.0000 336.2830 15.01920000000000
1 81683U          19290.61805556  .00000000  00000-0  00000-0 0 00000
2 81683 097.7240 128.4340 0000000 000.0000 111.2830 15.01920000000000
1 81683U          19291.01597222  .00000000  00000-0  00000-0 0 00000
2 81683 097.7240 128.8260 0000000 000.0000 100.0340 15.01920000000000
1 81683U          19291.39583333  .00000000  00000-0  00000-0 0 00000
2 81683 097.7240 129.2000 0000000 000.0000 351.2840 15.01920000000000
1 81683U          19291.72083333  .00000000  00000-0  00000-0 0 00000
2 81683 097.7230 129.5210 0000000 000.0000 306.2850 15.01920000000000
1 81683U          19292.02916667  .00000000  00000-0  00000-0 0 00000
2 81683 097.7230 129.8250 0000000 000.0000 171.2850 15.01920000000000
1 81683U          19292.26666667  .00000000  00000-0  00000-0 0 00000
2 81683 097.7220 130.0590 0000000 000.0000 013.7850 15.01920000000000
1 81683U          19292.73611111  .00000000  00000-0  00000-0 0 00000
2 81683 097.7220 130.5220 0000000 000.0000 028.7860 15.01920000000000
1 81683U          19293.00416667  .00000000  00000-0  00000-0 0 00000
2 81683 097.7220 130.7860 0000000 000.0000 036.2860 15.01920000000000
1 81683U          19293.27430556  .00000000  00000-0  00000-0 0 00000
2 81683 097.7210 131.0520 0000000 000.0000 055.0370 15.01920000000000
1 81683U          19293.58680556  .00000000  00000-0  00000-0 0 00000
2 81683 097.7210 131.3600 0000000 000.0000 302.5370 15.01920000000000
1 81683U          19294.03402778  .00000000  00000-0  00000-0 0 00000
2 81683 097.7200 131.8010 0000000 000.0000 197.5380 15.01920000000000
1 81683U          19294.34652778  .00000000  00000-0  00000-0 0 00000
2 81683 097.7200 132.1090 0000000 000.0000 085.0380 15.01920000000000
1 81683U          19294.66041667  .00000000  00000-0  00000-0 0 00000
2 81683 097.7200 132.4190 0000000 000.0000 340.0390 15.01920000000000
1 81683U          19294.99444444  .00000000  00000-0  00000-0 0 00000
2 81683 097.7190 132.7480 0000000 000.0000 343.7890 15.01920000000000
1 81683U          19295.34097222  .00000000  00000-0  00000-0 0 00000
2 81683 097.7190 133.0900 0000000 000.0000 055.0400 15.01920000000000
1 81683U          19295.67777778  .00000000  00000-0  00000-0 0 00000
2 81683 097.7180 133.4220 0000000 000.0000 073.7900 15.01920000000000
1 81683U          19296.03333333  .00000000  00000-0  00000-0 0 00000
2 81683 097.7180 133.7720 0000000 000.0000 193.7910 15.01920000000000
1 81683U          19296.33888889  .00000000  00000-0  00000-0 0 00000
2 81683 097.7170 134.0730 0000000 000.0000 043.7910 15.01920000000000
1 81683U          19296.64652778  .00000000  00000-0  00000-0 0 00000
2 81683 097.7170 134.3770 0000000 000.0000 265.0420 15.01920000000000
1 81683U          19296.99930556  .00000000  00000-0  00000-0 0 00000
2 81683 097.7170 134.7240 0000000 000.0000 010.0420 15.01920000000000
1 81683U          19297.40069444  .00000000  00000-0  00000-0 0 00000
2 81683 097.7160 135.1200 0000000 000.0000 017.5430 15.01920000000000
1 81683U          19297.63750000  .00000000  00000-0  00000-0 0 00000
2 81683 097.7160 135.3530 0000000 000.0000 216.2930 15.01920000000000
1 81683U          19297.98472222  .00000000  00000-0  00000-0 0 00000
2 81683 097.7150 135.6960 0000000 000.0000 291.2930 15.01920000000000
1 81683U          19298.33750000  .00000000  00000-0  00000-0 0 00000
2 81683 097.7150 136.0440 0000000 000.0000 036.2940 15.01920000000000
1 81683U          19298.72430556  .00000000  00000-0  00000-0 0 00000
2 81683 097.7140 136.4250 0000000 000.0000 325.0440 15.01920000000000
1 81683U          19299.06180556  .00000000  00000-0  00000-0 0 00000
2 81683 097.7140 136.7580 0000000 000.0000 347.5450 15.01920000000000
1 81683U          19299.26597222  .00000000  00000-0  00000-0 0 00000
2 81683 097.7130 136.9590 0000000 000.0000 010.0450 15.01920000000000
1 81683U          19299.69305556  .00000000  00000-0  00000-0 0 00000
2 81683 097.7130 137.3800 0000000 000.0000 156.2960 15.01920000000000
1 81683U          19299.92222222  .00000000  00000-0  00000-0 0 00000
2 81683 097.7130 137.6060 0000000 000.0000 313.7960 15.01920000000000
1 81683U          19300.25000000  .00000000  00000-0  00000-0 0 00000
2 81683 097.7120 137.9290 0000000 000.0000 283.7960 15.01920000000000
1 81683U          19300.71041667  .00000000  00000-0  00000-0 0 00000
2 81683 097.7110 138.3830 0000000 000.0000 250.0470 15.01920000000000
1 81683U          19301.01319444  .00000000  00000-0  00000-0 0 00000
2 81683 097.7110 138.6810 0000000 000.0000 085.0470 15.01920000000000
1 81683U          19301.28263889  .00000000  00000-0  00000-0 0 00000
2 81683 097.7110 138.9470 0000000 000.0000 100.0480 15.01920000000000
1 81683U          19301.69652778  .00000000  00000-0  00000-0 0 00000
2 81683 097.7100 139.3550 0000000 000.0000 175.0480 15.01920000000000
1 81683U          19302.05000000  .00000000  00000-0  00000-0 0 00000
2 81683 097.7100 139.7030 0000000 000.0000 283.7990 15.01920000000000
1 81683U          19302.39097222  .00000000  00000-0  00000-0 0 00000
2 81683 097.7090 140.0390 0000000 000.0000 325.0490 15.01920000000000
1 81683U          19302.66319444  .00000000  00000-0  00000-0 0 00000
2 81683 097.7090 140.3080 0000000 000.0000 355.0490 15.01920000000000
1 81683U          19303.03472222  .00000000  00000-0  00000-0 0 00000
2 81683 097.7080 140.6740 0000000 000.0000 201.3000 15.01920000000000
1 81683U          19303.31527778  .00000000  00000-0  00000-0 0 00000
2 81683 097.7080 140.9500 0000000 000.0000 276.3000 15.01920000000000
1 81683U          19303.61180556  .00000000  00000-0  00000-0 0 00000
2 81683 097.7070 141.2430 0000000 000.0000 077.5510 15.01920000000000
1 81683U          19303.98958333  .00000000  00000-0  00000-0 0 00000
2 81683 097.7070 141.6150 0000000 000.0000 317.5510 15.01920000000000
1 81683U          19304.29930556  .00000000  00000-0  00000-0 0 00000
2 81683 097.7060 141.9200 0000000 000.0000 190.0510 15.01920000000000
1 81683U          19304.68750000  .00000000  00000-0  00000-0 0 00000
2 81683 097.7060 142.3030 0000000 000.0000 126.3020 15.01920000000000
1 81683U          19304.94583333  .00000000  00000-0  00000-0 0 00000
2 81683 097.7050 142.5580 0000000 000.0000 081.3020 15.01920000000000
1 81683U          19305.41041667  .00000000  00000-0  00000-0 0 00000
2 81683 097.7050 143.0160 0000000 000.0000 070.0530 15.01920000000000
1 81683U          19305.74166667  .00000000  00000-0  00000-0 0 00000
2 81683 097.7040 143.3420 0000000 000.0000 058.8030 15.01920000000000
1 81683U          19305.98958333  .00000000  00000-0  00000-0 0 00000
2 81683 097.7040 143.5870 0000000 000.0000 317.5530 15.01920000000000
1 81683U          19306.30277778  .00000000  00000-0  00000-0 0 00000
2 81683 097.7030 143.8950 0000000 000.0000 208.8040 15.01920000000000
1 81683U          19306.58611111  .00000000  00000-0  00000-0 0 00000
2 81683 097.7030 144.1750 0000000 000.0000 298.8040 15.01920000000000
1 81683U          19307.02152778  .00000000  00000-0  00000-0 0 00000
2 81683 097.7020 144.6040 0000000 000.0000 130.0550 15.01920000000000
1 81683U          19307.37569444  .00000000  00000-0  00000-0 0 00000
2 81683 097.7020 144.9530 0000000 000.0000 242.5550 15.01920000000000
1 81683U          19307.70972222  .00000000  00000-0  00000-0 0 00000
2 81683 097.7010 145.2820 0000000 000.0000 246.3050 15.01920000000000
1 81683U          19308.03472222  .00000000  00000-0  00000-0 0 00000
2 81683 097.7010 145.6030 0000000 000.0000 201.3060 15.01920000000000
1 81683U          19308.37500000  .00000000  00000-0  00000-0 0 00000
2 81683 097.7000 145.9380 0000000 000.0000 238.8060 15.01920000000000
1 81683U          19308.60625000  .00000000  00000-0  00000-0 0 00000
2 81683 097.7000 146.1660 0000000 000.0000 047.5560 15.01920000000000
1 81683U          19309.01180556  .00000000  00000-0  00000-0 0 00000
2 81683 097.6990 146.5660 0000000 000.0000 077.5570 15.01920000000000
1 81683U          19309.34236111  .00000000  00000-0  00000-0 0 00000
2 81683 097.6990 146.8920 0000000 000.0000 062.5570 15.01920000000000
1 81683U          19309.65555556  .00000000  00000-0  00000-0 0 00000
2 81683 097.6980 147.2000 0000000 000.0000 313.8070 15.01920000000000
1 81683U          19310.00694444  .00000000  00000-0  00000-0 0 00000
2 81683 097.6980 147.5470 0000000 000.0000 051.3080 15.01920000000000
1 81683U          19310.37430556  .00000000  00000-0  00000-0 0 00000
2 81683 097.6970 147.9090 0000000 000.0000 235.0580 15.01920000000000
1 81683U          19310.67083333  .00000000  00000-0  00000-0 0 00000
2 81683 097.6970 148.2010 0000000 000.0000 036.3080 15.01920000000000
1 81683U          19310.91944444  .00000000  00000-0  00000-0 0 00000
2 81683 097.6960 148.4460 0000000 000.0000 298.8090 15.01920000000000
1 81683U          19311.33888889  .00000000  00000-0  00000-0 0 00000
2 81683 097.6960 148.8600 0000000 000.0000 043.8090 15.01920000000000
1 81683U          19311.69097222  .00000000  00000-0  00000-0 0 00000
2 81683 097.6950 149.2070 0000000 000.0000 145.0590 15.01920000000000
1 81683U          19311.89583333  .00000000  00000-0  00000-0 0 00000
2 81683 097.6950 149.4090 0000000 000.0000 171.3100 15.01914300000000
1 81683U          19312.29513889  .00000000  00000-0  00000-0 0 00000
2 81683 097.6940 149.8020 0000000 000.0000 167.5600 15.01914300000000
1 81683U          19312.56597222  .00000000  00000-0  00000-0 0 00000
2 81683 097.6940 150.0690 0000000 000.0000 190.0600 15.01914300000000
1 81683U          19312.84305556  .00000000  00000-0  00000-0 0 00000
2 81683 097.6930 150.3420 0000000 000.0000 246.3110 15.01914300000000
1 81683U          19313.20555556  .00000000  00000-0  00000-0 0 00000
2 81683 097.6930 150.7000 0000000 000.0000 043.8110 15.01914300000000
1 81683U          19313.57083333  .00000000  00000-0  00000-0 0 00000
2 81683 097.6920 151.0600 0000000 000.0000 216.3110 15.01914300000000
1 81683U          19313.85416667  .00000000  00000-0  00000-0 0 00000
2 81683 097.6910 151.3390 0000000 000.0000 306.3120 15.01914300000000
1 81683U          19314.22013889  .00000000  00000-0  00000-0 0 00000
2 81683 097.6910 151.7000 0000000 000.0000 122.5620 15.01914300000000
1 81683U          19314.62916667  .00000000  00000-0  00000-0 0 00000
2 81683 097.6900 152.1030 0000000 000.0000 171.3120 15.01914300000000
1 81683U          19314.85625000  .00000000  00000-0  00000-0 0 00000
2 81683 097.6900 152.3270 0000000 000.0000 317.5620 15.01914300000000
1 81683U          19315.21805556  .00000000  00000-0  00000-0 0 00000
2 81683 097.6890 152.6840 0000000 000.0000 111.3130 15.01914300000000
1 81683U          19315.57083333  .00000000  00000-0  00000-0 0 00000
2 81683 097.6890 153.0310 0000000 000.0000 216.3130 15.01914300000000
1 81683U          19315.90000000  .00000000  00000-0  00000-0 0 00000
2 81683 097.6880 153.3560 0000000 000.0000 193.8130 15.01914300000000
1 81683U          19316.17152778  .00000000  00000-0  00000-0 0 00000
2 81683 097.6880 153.6230 0000000 000.0000 220.0640 15.01914300000000
1 81683U          19316.56250000  .00000000  00000-0  00000-0 0 00000
2 81683 097.6870 154.0090 0000000 000.0000 171.3140 15.01914300000000
1 81683U          19316.84583333  .00000000  00000-0  00000-0 0 00000
2 81683 097.6860 154.2880 0000000 000.0000 261.3140 15.01914300000000
1 81683U          19317.24444444  .00000000  00000-0  00000-0 0 00000
2 81683 097.6860 154.6810 0000000 000.0000 253.8150 15.01914300000000
1 81683U          19317.52500000  .00000000  00000-0  00000-0 0 00000
2 81683 097.6850 154.9580 0000000 000.0000 328.8150 15.01914300000000
1 81683U          19317.92500000  .00000000  00000-0  00000-0 0 00000
2 81683 097.6850 155.3520 0000000 000.0000 328.8150 15.01914300000000
1 81683U          19318.21736111  .00000000  00000-0  00000-0 0 00000
2 81683 097.6840 155.6400 0000000 000.0000 107.5650 15.01914300000000
1 81683U          19318.50208333  .00000000  00000-0  00000-0 0 00000
2 81683 097.6840 155.9210 0000000 000.0000 205.0660 15.01914300000000
1 81683U          19318.82916667  .00000000  00000-0  00000-0 0 00000
2 81683 097.6830 156.2430 0000000 000.0000 171.3160 15.01914300000000
1 81683U          19318.94791667  .00000000  00000-0  00000-0 0 00000
2 81683 097.6830 156.3600 0000000 000.0000 092.5660 15.01914300000000
1 81683U          19319.21597222  .00000000  00000-0  00000-0 0 00000
2 81683 097.6820 156.6240 0000000 000.0000 100.0660 15.01914300000000
1 81683U          19319.58750000  .00000000  00000-0  00000-0 0 00000
2 81683 097.6820 156.9910 0000000 000.0000 306.3160 15.01914300000000
1 81683U          19319.87083333  .00000000  00000-0  00000-0 0 00000
2 81683 097.6810 157.2700 0000000 000.0000 036.3170 15.01914300000000
1 81683U          19320.19236111  .00000000  00000-0  00000-0 0 00000
2 81683 097.6810 157.5870 0000000 000.0000 332.5670 15.01914300000000
1 81683U          19320.62222222  .00000000  00000-0  00000-0 0 00000
2 81683 097.6800 158.0110 0000000 000.0000 133.8170 15.01914300000000
1 81683U          19320.95138889  .00000000  00000-0  00000-0 0 00000
2 81683 097.6790 158.3350 0000000 000.0000 111.3170 15.01914300000000
1 81683U          19321.26805556  .00000000  00000-0  00000-0 0 00000
2 81683 097.6790 158.6470 0000000 000.0000 021.3180 15.01914300000000
1 81683U          19321.61180556  .00000000  00000-0  00000-0 0 00000
2 81683 097.6780 158.9860 0000000 000.0000 077.5680 15.01914300000000
1 81683U          19321.85347222  .00000000  00000-0  00000-0 0 00000
2 81683 097.6780 159.2240 0000000 000.0000 302.5680 15.01914300000000
1 81683U          19322.30972222  .00000000  00000-0  00000-0 0 00000
2 81683 097.6770 159.6740 0000000 000.0000 246.3180 15.01914300000000
1 81683U          19322.61388889  .00000000  00000-0  00000-0 0 00000
2 81683 097.6770 159.9740 0000000 000.0000 088.8190 15.01914300000000
1 81683U          19322.90763889  .00000000  00000-0  00000-0 0 00000
2 81683 097.6760 160.2630 0000000 000.0000 235.0690 15.01914300000000
1 81683U          19323.18888889  .00000000  00000-0  00000-0 0 00000
2 81683 097.6760 160.5400 0000000 000.0000 313.8190 15.01914300000000
1 81683U          19323.61250000  .00000000  00000-0  00000-0 0 00000
2 81683 097.6750 160.9580 0000000 000.0000 081.3190 15.01914300000000
1 81683U          19323.87500000  .00000000  00000-0  00000-0 0 00000
2 81683 097.6740 161.2170 0000000 000.0000 058.8190 15.01914300000000
1 81683U          19324.15416667  .00000000  00000-0  00000-0 0 00000
2 81683 097.6740 161.4920 0000000 000.0000 126.3200 15.01914300000000
1 81683U          19324.57083333  .00000000  00000-0  00000-0 0 00000
2 81683 097.6730 161.9030 0000000 000.0000 216.3200 15.01914300000000
1 81683U          19324.85763889  .00000000  00000-0  00000-0 0 00000
2 81683 097.6730 162.1850 0000000 000.0000 325.0700 15.01914300000000
1 81683U          19325.27430556  .00000000  00000-0  00000-0 0 00000
2 81683 097.6720 162.5960 0000000 000.0000 055.0700 15.01914300000000
1 81683U          19325.56111111  .00000000  00000-0  00000-0 0 00000
2 81683 097.6710 162.8790 0000000 000.0000 163.8200 15.01914300000000
1 81683U          19325.89583333  .00000000  00000-0  00000-0 0 00000
2 81683 097.6710 163.2090 0000000 000.0000 171.3210 15.01914300000000
1 81683U          19325.89583333  .00000000  00000-0  00000-0 0 00000
2 81683 097.6710 163.2090 0000000 000.0000 171.3210 15.01914300000000
1 81683U          19326.23541667  .00000000  00000-0  00000-0 0 00000
2 81683 097.6700 163.5430 0000000 000.0000 205.0710 15.01914300000000
1 81683U          19326.50694444  .00000000  00000-0  00000-0 0 00000
2 81683 097.6700 163.8110 0000000 000.0000 231.3210 15.01914300000000
1 81683U          19326.91180556  .00000000  00000-0  00000-0 0 00000
2 81683 097.6690 164.2100 0000000 000.0000 257.5710 15.01914300000000
1 81683U          19327.21527778  .00000000  00000-0  00000-0 0 00000
2 81683 097.6680 164.5090 0000000 000.0000 096.3210 15.01914300000000
1 81683U          19327.55486111  .00000000  00000-0  00000-0 0 00000
2 81683 097.6680 164.8440 0000000 000.0000 130.0720 15.01914300000000
1 81683U          19327.91666667  .00000000  00000-0  00000-0 0 00000
2 81683 097.6670 165.2010 0000000 000.0000 283.8220 15.01914300000000
1 81683U          19328.26805556  .00000000  00000-0  00000-0 0 00000
2 81683 097.6670 165.5470 0000000 000.0000 021.3220 15.01914300000000
1 81683U          19328.53888889  .00000000  00000-0  00000-0 0 00000
2 81683 097.6660 165.8140 0000000 000.0000 043.8220 15.01914300000000
1 81683U          19328.89652778  .00000000  00000-0  00000-0 0 00000
2 81683 097.6650 166.1660 0000000 000.0000 175.0720 15.01914300000000
1 81683U          19329.15208333  .00000000  00000-0  00000-0 0 00000
2 81683 097.6650 166.4180 0000000 000.0000 115.0720 15.01914300000000
1 81683U          19329.48750000  .00000000  00000-0  00000-0 0 00000
2 81683 097.6640 166.7490 0000000 000.0000 126.3220 15.01914300000000
1 81683U          19329.84513889  .00000000  00000-0  00000-0 0 00000
2 81683 097.6640 167.1010 0000000 000.0000 257.5730 15.01914300000000
1 81683U          19330.30555556  .00000000  00000-0  00000-0 0 00000
2 81683 097.6630 167.5550 0000000 000.0000 223.8230 15.01914300000000
1 81683U          19330.51111111  .00000000  00000-0  00000-0 0 00000
2 81683 097.6620 167.7580 0000000 000.0000 253.8230 15.01914300000000
1 81683U          19330.92847222  .00000000  00000-0  00000-0 0 00000
2 81683 097.6620 168.1690 0000000 000.0000 347.5730 15.01914300000000
1 81683U          19331.29930556  .00000000  00000-0  00000-0 0 00000
2 81683 097.6610 168.5350 0000000 000.0000 190.0730 15.01914300000000
1 81683U          19331.61944444  .00000000  00000-0  00000-0 0 00000
2 81683 097.6600 168.8500 0000000 000.0000 118.8230 15.01914300000000
1 81683U          19331.97430556  .00000000  00000-0  00000-0 0 00000
2 81683 097.6600 169.2000 0000000 000.0000 235.0740 15.01914300000000
1 81683U          19332.24027778  .00000000  00000-0  00000-0 0 00000
2 81683 097.6590 169.4620 0000000 000.0000 231.3240 15.01914300000000
1 81683U          19332.64236111  .00000000  00000-0  00000-0 0 00000
2 81683 097.6590 169.8580 0000000 000.0000 242.5740 15.01914300000000
1 81683U          19332.89583333  .00000000  00000-0  00000-0 0 00000
2 81683 097.6580 170.1080 0000000 000.0000 171.3240 15.01914300000000
