1 8333U          19282.03194444  .00000000  00000-0  00000-0 0 00000
2 8333 097.7010 145.6880 0000000 000.0000 045.7330 15.01920000000000
1 8333U          19282.31458333  .00000000  00000-0  00000-0 0 00000
2 8333 097.7000 145.9670 0000000 000.0000 131.9840 15.01920000000000
1 8333U          19282.63611111  .00000000  00000-0  00000-0 0 00000
2 8333 097.7000 146.2840 0000000 000.0000 068.2340 15.01920000000000
1 8333U          19283.06458333  .00000000  00000-0  00000-0 0 00000
2 8333 097.6990 146.7060 0000000 000.0000 221.9840 15.01920000000000
1 8333U          19283.26041667  .00000000  00000-0  00000-0 0 00000
2 8333 097.6990 146.8990 0000000 000.0000 199.4850 15.01920000000000
1 8333U          19283.63819444  .00000000  00000-0  00000-0 0 00000
2 8333 097.6980 147.2720 0000000 000.0000 079.4850 15.01920000000000
1 8333U          19283.97569444  .00000000  00000-0  00000-0 0 00000
2 8333 097.6980 147.6040 0000000 000.0000 101.9850 15.01920000000000
1 8333U          19284.41111111  .00000000  00000-0  00000-0 0 00000
2 8333 097.6970 148.0340 0000000 000.0000 293.2360 15.01920000000000
1 8333U          19284.62500000  .00000000  00000-0  00000-0 0 00000
2 8333 097.6970 148.2450 0000000 000.0000 008.2360 15.01920000000000
1 8333U          19284.94652778  .00000000  00000-0  00000-0 0 00000
2 8333 097.6960 148.5610 0000000 000.0000 304.4860 15.01920000000000
1 8333U          19285.36250000  .00000000  00000-0  00000-0 0 00000
2 8333 097.6950 148.9710 0000000 000.0000 030.7370 15.01920000000000
1 8333U          19285.59236111  .00000000  00000-0  00000-0 0 00000
2 8333 097.6950 149.1980 0000000 000.0000 191.9870 15.01920000000000
1 8333U          19285.97916667  .00000000  00000-0  00000-0 0 00000
2 8333 097.6940 149.5790 0000000 000.0000 120.7370 15.01920000000000
1 8333U          19286.26736111  .00000000  00000-0  00000-0 0 00000
2 8333 097.6940 149.8630 0000000 000.0000 236.9880 15.01920000000000
1 8333U          19286.60138889  .00000000  00000-0  00000-0 0 00000
2 8333 097.6930 150.1930 0000000 000.0000 240.7380 15.01920000000000
1 8333U          19286.97361111  .00000000  00000-0  00000-0 0 00000
2 8333 097.6930 150.5600 0000000 000.0000 090.7380 15.01920000000000
1 8333U          19287.34791667  .00000000  00000-0  00000-0 0 00000
2 8333 097.6920 150.9290 0000000 000.0000 311.9890 15.01920000000000
1 8333U          19287.74583333  .00000000  00000-0  00000-0 0 00000
2 8333 097.6910 151.3210 0000000 000.0000 300.7390 15.01920000000000
1 8333U          19288.05972222  .00000000  00000-0  00000-0 0 00000
2 8333 097.6910 151.6300 0000000 000.0000 195.7390 15.01920000000000
1 8333U          19288.33750000  .00000000  00000-0  00000-0 0 00000
2 8333 097.6910 151.9040 0000000 000.0000 255.7400 15.01920000000000
1 8333U          19288.67013889  .00000000  00000-0  00000-0 0 00000
2 8333 097.6900 152.2320 0000000 000.0000 251.9900 15.01920000000000
1 8333U          19289.04513889  .00000000  00000-0  00000-0 0 00000
2 8333 097.6890 152.6020 0000000 000.0000 116.9900 15.01920000000000
1 8333U          19289.34375000  .00000000  00000-0  00000-0 0 00000
2 8333 097.6890 152.8960 0000000 000.0000 289.4910 15.01920000000000
1 8333U          19289.70416667  .00000000  00000-0  00000-0 0 00000
2 8333 097.6880 153.2510 0000000 000.0000 075.7410 15.01920000000000
1 8333U          19289.92430556  .00000000  00000-0  00000-0 0 00000
2 8333 097.6880 153.4680 0000000 000.0000 184.4910 15.01920000000000
1 8333U          19290.31319444  .00000000  00000-0  00000-0 0 00000
2 8333 097.6870 153.8520 0000000 000.0000 124.4910 15.01920000000000
1 8333U          19290.73402778  .00000000  00000-0  00000-0 0 00000
2 8333 097.6870 154.2660 0000000 000.0000 236.9920 15.01920000000000
1 8333U          19291.03750000  .00000000  00000-0  00000-0 0 00000
2 8333 097.6860 154.5650 0000000 000.0000 075.7420 15.01920000000000
1 8333U          19291.36111111  .00000000  00000-0  00000-0 0 00000
2 8333 097.6850 154.8840 0000000 000.0000 023.2420 15.01920000000000
1 8333U          19291.65138889  .00000000  00000-0  00000-0 0 00000
2 8333 097.6850 155.1710 0000000 000.0000 150.7430 15.01920000000000
1 8333U          19292.04236111  .00000000  00000-0  00000-0 0 00000
2 8333 097.6840 155.5560 0000000 000.0000 101.9930 15.01920000000000
1 8333U          19292.38541667  .00000000  00000-0  00000-0 0 00000
2 8333 097.6840 155.8940 0000000 000.0000 154.4930 15.01920000000000
1 8333U          19292.61111111  .00000000  00000-0  00000-0 0 00000
2 8333 097.6830 156.1170 0000000 000.0000 293.2430 15.01920000000000
1 8333U          19292.95694444  .00000000  00000-0  00000-0 0 00000
2 8333 097.6830 156.4570 0000000 000.0000 000.7440 15.01920000000000
1 8333U          19293.25763889  .00000000  00000-0  00000-0 0 00000
2 8333 097.6820 156.7540 0000000 000.0000 184.4940 15.01920000000000
1 8333U          19293.72013889  .00000000  00000-0  00000-0 0 00000
2 8333 097.6810 157.2100 0000000 000.0000 161.9940 15.01920000000000
1 8333U          19294.08194444  .00000000  00000-0  00000-0 0 00000
2 8333 097.6810 157.5660 0000000 000.0000 315.7440 15.01920000000000
1 8333U          19294.32986111  .00000000  00000-0  00000-0 0 00000
2 8333 097.6800 157.8110 0000000 000.0000 214.4950 15.01920000000000
1 8333U          19294.59097222  .00000000  00000-0  00000-0 0 00000
2 8333 097.6800 158.0680 0000000 000.0000 184.4950 15.01920000000000
1 8333U          19295.02083333  .00000000  00000-0  00000-0 0 00000
2 8333 097.6790 158.4920 0000000 000.0000 345.7450 15.01920000000000
1 8333U          19295.26805556  .00000000  00000-0  00000-0 0 00000
2 8333 097.6790 158.7360 0000000 000.0000 240.7450 15.01920000000000
1 8333U          19295.61180556  .00000000  00000-0  00000-0 0 00000
2 8333 097.6780 159.0740 0000000 000.0000 296.9960 15.01920000000000
1 8333U          19296.02083333  .00000000  00000-0  00000-0 0 00000
2 8333 097.6770 159.4780 0000000 000.0000 345.7460 15.01920000000000
1 8333U          19296.37291667  .00000000  00000-0  00000-0 0 00000
2 8333 097.6770 159.8250 0000000 000.0000 086.9960 15.01920000000000
1 8333U          19296.69305556  .00000000  00000-0  00000-0 0 00000
2 8333 097.6760 160.1400 0000000 000.0000 015.7460 15.01920000000000
1 8333U          19297.03888889  .00000000  00000-0  00000-0 0 00000
2 8333 097.6760 160.4810 0000000 000.0000 083.2460 15.01920000000000
1 8333U          19297.33472222  .00000000  00000-0  00000-0 0 00000
2 8333 097.6750 160.7730 0000000 000.0000 240.7470 15.01920000000000
1 8333U          19297.63333333  .00000000  00000-0  00000-0 0 00000
2 8333 097.6750 161.0670 0000000 000.0000 053.2470 15.01920000000000
1 8333U          19297.95763889  .00000000  00000-0  00000-0 0 00000
2 8333 097.6740 161.3870 0000000 000.0000 004.4970 15.01920000000000
1 8333U          19298.31180556  .00000000  00000-0  00000-0 0 00000
2 8333 097.6730 161.7360 0000000 000.0000 116.9970 15.01920000000000
1 8333U          19298.69027778  .00000000  00000-0  00000-0 0 00000
2 8333 097.6730 162.1090 0000000 000.0000 000.7480 15.01920000000000
1 8333U          19299.07986111  .00000000  00000-0  00000-0 0 00000
2 8333 097.6720 162.4930 0000000 000.0000 304.4980 15.01920000000000
1 8333U          19299.37013889  .00000000  00000-0  00000-0 0 00000
2 8333 097.6720 162.7790 0000000 000.0000 071.9980 15.01920000000000
1 8333U          19299.72430556  .00000000  00000-0  00000-0 0 00000
2 8333 097.6710 163.1280 0000000 000.0000 184.4980 15.01920000000000
1 8333U          19299.95625000  .00000000  00000-0  00000-0 0 00000
2 8333 097.6710 163.3570 0000000 000.0000 356.9980 15.01920000000000
1 8333U          19300.41388889  .00000000  00000-0  00000-0 0 00000
2 8333 097.6700 163.8080 0000000 000.0000 308.2490 15.01920000000000
1 8333U          19300.65416667  .00000000  00000-0  00000-0 0 00000
2 8333 097.6690 164.0450 0000000 000.0000 165.7490 15.01920000000000
1 8333U          19301.07083333  .00000000  00000-0  00000-0 0 00000
2 8333 097.6690 164.4550 0000000 000.0000 255.7490 15.01920000000000
1 8333U          19301.30208333  .00000000  00000-0  00000-0 0 00000
2 8333 097.6680 164.6830 0000000 000.0000 064.4990 15.01920000000000
1 8333U          19301.67777778  .00000000  00000-0  00000-0 0 00000
2 8333 097.6670 165.0540 0000000 000.0000 293.2490 15.01920000000000
1 8333U          19302.05000000  .00000000  00000-0  00000-0 0 00000
2 8333 097.6670 165.4200 0000000 000.0000 143.2490 15.01920000000000
1 8333U          19302.25763889  .00000000  00000-0  00000-0 0 00000
2 8333 097.6660 165.6250 0000000 000.0000 184.4990 15.01920000000000
1 8333U          19302.72013889  .00000000  00000-0  00000-0 0 00000
2 8333 097.6660 166.0810 0000000 000.0000 162.0000 15.01920000000000
1 8333U          19302.96111111  .00000000  00000-0  00000-0 0 00000
2 8333 097.6650 166.3180 0000000 000.0000 023.2500 15.01920000000000
1 8333U          19303.33819444  .00000000  00000-0  00000-0 0 00000
2 8333 097.6640 166.6900 0000000 000.0000 259.5000 15.01920000000000
1 8333U          19303.72638889  .00000000  00000-0  00000-0 0 00000
2 8333 097.6640 167.0730 0000000 000.0000 195.7500 15.01920000000000
1 8333U          19304.05416667  .00000000  00000-0  00000-0 0 00000
2 8333 097.6630 167.3960 0000000 000.0000 165.7500 15.01920000000000
1 8333U          19304.27500000  .00000000  00000-0  00000-0 0 00000
2 8333 097.6630 167.6140 0000000 000.0000 278.2500 15.01920000000000
1 8333U          19304.67569444  .00000000  00000-0  00000-0 0 00000
2 8333 097.6620 168.0080 0000000 000.0000 282.0010 15.01920000000000
1 8333U          19304.92708333  .00000000  00000-0  00000-0 0 00000
2 8333 097.6620 168.2560 0000000 000.0000 199.5010 15.01920000000000
1 8333U          19305.37083333  .00000000  00000-0  00000-0 0 00000
2 8333 097.6610 168.6940 0000000 000.0000 075.7510 15.01920000000000
1 8333U          19305.66111111  .00000000  00000-0  00000-0 0 00000
2 8333 097.6600 168.9800 0000000 000.0000 203.2510 15.01920000000000
1 8333U          19305.92569444  .00000000  00000-0  00000-0 0 00000
2 8333 097.6600 169.2410 0000000 000.0000 192.0010 15.01920000000000
1 8333U          19306.39097222  .00000000  00000-0  00000-0 0 00000
2 8333 097.6590 169.6990 0000000 000.0000 184.5010 15.01920000000000
1 8333U          19306.58888889  .00000000  00000-0  00000-0 0 00000
2 8333 097.6590 169.8940 0000000 000.0000 173.2510 15.01920000000000
1 8333U          19307.05763889  .00000000  00000-0  00000-0 0 00000
2 8333 097.6580 170.3560 0000000 000.0000 184.5010 15.01920000000000
1 8333U          19307.37291667  .00000000  00000-0  00000-0 0 00000
2 8333 097.6570 170.6670 0000000 000.0000 087.0020 15.01920000000000
1 8333U          19307.63125000  .00000000  00000-0  00000-0 0 00000
2 8333 097.6570 170.9220 0000000 000.0000 042.0020 15.01920000000000
1 8333U          19308.04166667  .00000000  00000-0  00000-0 0 00000
2 8333 097.6560 171.3260 0000000 000.0000 098.2520 15.01920000000000
1 8333U          19308.37569444  .00000000  00000-0  00000-0 0 00000
2 8333 097.6550 171.6550 0000000 000.0000 102.0020 15.01920000000000
1 8333U          19308.67083333  .00000000  00000-0  00000-0 0 00000
2 8333 097.6550 171.9460 0000000 000.0000 255.7520 15.01920000000000
1 8333U          19308.95347222  .00000000  00000-0  00000-0 0 00000
2 8333 097.6540 172.2250 0000000 000.0000 342.0020 15.01920000000000
1 8333U          19309.31944444  .00000000  00000-0  00000-0 0 00000
2 8333 097.6530 172.5860 0000000 000.0000 158.2520 15.01920000000000
1 8333U          19309.65416667  .00000000  00000-0  00000-0 0 00000
2 8333 097.6530 172.9150 0000000 000.0000 165.7520 15.01920000000000
1 8333U          19310.08125000  .00000000  00000-0  00000-0 0 00000
2 8333 097.6520 173.3360 0000000 000.0000 312.0020 15.01920000000000
1 8333U          19310.25555556  .00000000  00000-0  00000-0 0 00000
2 8333 097.6520 173.5080 0000000 000.0000 173.2520 15.01920000000000
1 8333U          19310.62291667  .00000000  00000-0  00000-0 0 00000
2 8333 097.6510 173.8700 0000000 000.0000 357.0030 15.01920000000000
1 8333U          19311.05763889  .00000000  00000-0  00000-0 0 00000
2 8333 097.6500 174.2990 0000000 000.0000 184.5030 15.01920000000000
1 8333U          19311.33263889  .00000000  00000-0  00000-0 0 00000
2 8333 097.6500 174.5700 0000000 000.0000 229.5030 15.01920000000000
1 8333U          19311.63611111  .00000000  00000-0  00000-0 0 00000
2 8333 097.6490 174.8690 0000000 000.0000 068.2530 15.01920000000000
1 8333U          19311.89583333  .00000000  00000-0  00000-0 0 00000
2 8333 097.6490 175.1250 0000000 000.0000 030.7530 15.01914300000000
1 8333U          19312.29444444  .00000000  00000-0  00000-0 0 00000
2 8333 097.6480 175.5180 0000000 000.0000 023.2530 15.01914300000000
1 8333U          19312.51666667  .00000000  00000-0  00000-0 0 00000
2 8333 097.6480 175.7370 0000000 000.0000 143.2530 15.01914300000000
1 8333U          19312.83888889  .00000000  00000-0  00000-0 0 00000
2 8333 097.6470 176.0540 0000000 000.0000 083.2530 15.01914300000000
1 8333U          19313.29722222  .00000000  00000-0  00000-0 0 00000
2 8333 097.6460 176.5060 0000000 000.0000 038.2530 15.01914300000000
1 8333U          19313.61458333  .00000000  00000-0  00000-0 0 00000
2 8333 097.6460 176.8190 0000000 000.0000 312.0030 15.01914300000000
1 8333U          19313.91250000  .00000000  00000-0  00000-0 0 00000
2 8333 097.6450 177.1130 0000000 000.0000 120.7530 15.01914300000000
1 8333U          19314.18055556  .00000000  00000-0  00000-0 0 00000
2 8333 097.6440 177.3770 0000000 000.0000 128.2530 15.01914300000000
1 8333U          19314.48611111  .00000000  00000-0  00000-0 0 00000
2 8333 097.6440 177.6780 0000000 000.0000 338.2530 15.01914300000000
1 8333U          19314.94444444  .00000000  00000-0  00000-0 0 00000
2 8333 097.6430 178.1300 0000000 000.0000 293.2530 15.01914300000000
1 8333U          19315.23055556  .00000000  00000-0  00000-0 0 00000
2 8333 097.6430 178.4120 0000000 000.0000 038.2530 15.01914300000000
1 8333U          19315.53819444  .00000000  00000-0  00000-0 0 00000
2 8333 097.6420 178.7150 0000000 000.0000 259.5030 15.01914300000000
1 8333U          19315.95694444  .00000000  00000-0  00000-0 0 00000
2 8333 097.6410 179.1280 0000000 000.0000 000.7530 15.01914300000000
1 8333U          19316.29166667  .00000000  00000-0  00000-0 0 00000
2 8333 097.6410 179.4580 0000000 000.0000 008.2530 15.01914300000000
1 8333U          19316.62986111  .00000000  00000-0  00000-0 0 00000
2 8333 097.6400 179.7910 0000000 000.0000 034.5030 15.01914300000000
1 8333U          19316.86041667  .00000000  00000-0  00000-0 0 00000
2 8333 097.6390 180.0180 0000000 000.0000 199.5030 15.01914300000000
1 8333U          19317.23541667  .00000000  00000-0  00000-0 0 00000
2 8333 097.6390 180.3880 0000000 000.0000 064.5030 15.01914300000000
1 8333U          19317.54583333  .00000000  00000-0  00000-0 0 00000
2 8333 097.6380 180.6940 0000000 000.0000 300.7530 15.01914300000000
1 8333U          19317.83819444  .00000000  00000-0  00000-0 0 00000
2 8333 097.6380 180.9820 0000000 000.0000 079.5030 15.01914300000000
1 8333U          19318.29861111  .00000000  00000-0  00000-0 0 00000
2 8333 097.6370 181.4360 0000000 000.0000 045.7530 15.01914300000000
1 8333U          19318.63750000  .00000000  00000-0  00000-0 0 00000
2 8333 097.6360 181.7700 0000000 000.0000 075.7530 15.01914300000000
1 8333U          19318.88541667  .00000000  00000-0  00000-0 0 00000
2 8333 097.6360 182.0140 0000000 000.0000 334.5030 15.01914300000000
1 8333U          19318.89583333  .00000000  00000-0  00000-0 0 00000
2 8333 097.6360 182.0240 0000000 000.0000 030.7530 15.01914300000000
1 8333U          19319.31041667  .00000000  00000-0  00000-0 0 00000
2 8333 097.6350 182.4330 0000000 000.0000 109.5030 15.01914300000000
1 8333U          19319.48333333  .00000000  00000-0  00000-0 0 00000
2 8333 097.6350 182.6030 0000000 000.0000 323.2530 15.01914300000000
1 8333U          19319.88611111  .00000000  00000-0  00000-0 0 00000
2 8333 097.6340 183.0000 0000000 000.0000 338.2530 15.01914300000000
1 8333U          19320.29097222  .00000000  00000-0  00000-0 0 00000
2 8333 097.6330 183.3990 0000000 000.0000 004.5030 15.01914300000000
1 8333U          19320.62916667  .00000000  00000-0  00000-0 0 00000
2 8333 097.6320 183.7330 0000000 000.0000 030.7530 15.01914300000000
1 8333U          19320.94236111  .00000000  00000-0  00000-0 0 00000
2 8333 097.6320 184.0410 0000000 000.0000 282.0030 15.01914300000000
1 8333U          19321.30347222  .00000000  00000-0  00000-0 0 00000
2 8333 097.6310 184.3970 0000000 000.0000 072.0030 15.01914300000000
1 8333U          19321.55069444  .00000000  00000-0  00000-0 0 00000
2 8333 097.6310 184.6410 0000000 000.0000 327.0030 15.01914300000000
1 8333U          19321.87013889  .00000000  00000-0  00000-0 0 00000
2 8333 097.6300 184.9560 0000000 000.0000 252.0030 15.01914300000000
1 8333U          19322.14930556  .00000000  00000-0  00000-0 0 00000
2 8333 097.6300 185.2310 0000000 000.0000 319.5030 15.01914300000000
1 8333U          19322.60625000  .00000000  00000-0  00000-0 0 00000
2 8333 097.6290 185.6810 0000000 000.0000 267.0030 15.01914300000000
1 8333U          19322.92291667  .00000000  00000-0  00000-0 0 00000
2 8333 097.6280 185.9930 0000000 000.0000 177.0030 15.01914300000000
1 8333U          19323.22222222  .00000000  00000-0  00000-0 0 00000
2 8333 097.6280 186.2880 0000000 000.0000 353.2530 15.01914300000000
1 8333U          19323.61527778  .00000000  00000-0  00000-0 0 00000
2 8333 097.6270 186.6760 0000000 000.0000 315.7530 15.01914300000000
1 8333U          19323.93055556  .00000000  00000-0  00000-0 0 00000
2 8333 097.6260 186.9860 0000000 000.0000 218.2530 15.01914300000000
1 8333U          19324.27916667  .00000000  00000-0  00000-0 0 00000
2 8333 097.6260 187.3300 0000000 000.0000 300.7530 15.01914300000000
1 8333U          19324.62569444  .00000000  00000-0  00000-0 0 00000
2 8333 097.6250 187.6710 0000000 000.0000 012.0030 15.01914300000000
1 8333U          19324.84097222  .00000000  00000-0  00000-0 0 00000
2 8333 097.6250 187.8840 0000000 000.0000 094.5020 15.01914300000000
1 8333U          19325.25486111  .00000000  00000-0  00000-0 0 00000
2 8333 097.6240 188.2920 0000000 000.0000 169.5020 15.01914300000000
1 8333U          19325.58402778  .00000000  00000-0  00000-0 0 00000
2 8333 097.6230 188.6160 0000000 000.0000 147.0020 15.01914300000000
1 8333U          19325.82013889  .00000000  00000-0  00000-0 0 00000
2 8333 097.6230 188.8490 0000000 000.0000 342.0020 15.01914300000000
1 8333U          19325.92708333  .00000000  00000-0  00000-0 0 00000
2 8333 097.6230 188.9540 0000000 000.0000 199.5020 15.01914300000000
1 8333U          19326.20902778  .00000000  00000-0  00000-0 0 00000
2 8333 097.6220 189.2320 0000000 000.0000 282.0020 15.01914300000000
1 8333U          19326.51875000  .00000000  00000-0  00000-0 0 00000
2 8333 097.6220 189.5370 0000000 000.0000 154.5020 15.01914300000000
1 8333U          19326.96458333  .00000000  00000-0  00000-0 0 00000
2 8333 097.6210 189.9770 0000000 000.0000 042.0020 15.01914300000000
1 8333U          19327.29166667  .00000000  00000-0  00000-0 0 00000
2 8333 097.6200 190.2990 0000000 000.0000 008.2520 15.01914300000000
1 8333U          19327.59375000  .00000000  00000-0  00000-0 0 00000
2 8333 097.6200 190.5970 0000000 000.0000 199.5020 15.01914300000000
1 8333U          19327.96388889  .00000000  00000-0  00000-0 0 00000
2 8333 097.6190 190.9610 0000000 000.0000 038.2520 15.01914300000000
1 8333U          19328.18611111  .00000000  00000-0  00000-0 0 00000
2 8333 097.6190 191.1810 0000000 000.0000 158.2520 15.01914300000000
1 8333U          19328.59652778  .00000000  00000-0  00000-0 0 00000
2 8333 097.6180 191.5850 0000000 000.0000 214.5010 15.01914300000000
1 8333U          19328.95208333  .00000000  00000-0  00000-0 0 00000
2 8333 097.6170 191.9350 0000000 000.0000 334.5010 15.01914300000000
1 8333U          19329.26527778  .00000000  00000-0  00000-0 0 00000
2 8333 097.6170 192.2440 0000000 000.0000 225.7510 15.01914300000000
1 8333U          19329.51250000  .00000000  00000-0  00000-0 0 00000
2 8333 097.6160 192.4880 0000000 000.0000 120.7510 15.01914300000000
1 8333U          19329.97638889  .00000000  00000-0  00000-0 0 00000
2 8333 097.6150 192.9450 0000000 000.0000 105.7510 15.01914300000000
1 8333U          19330.21527778  .00000000  00000-0  00000-0 0 00000
2 8333 097.6150 193.1800 0000000 000.0000 315.7510 15.01914300000000
1 8333U          19330.59097222  .00000000  00000-0  00000-0 0 00000
2 8333 097.6140 193.5510 0000000 000.0000 184.5010 15.01914300000000
1 8333U          19330.96250000  .00000000  00000-0  00000-0 0 00000
2 8333 097.6140 193.9170 0000000 000.0000 030.7500 15.01914300000000
1 8333U          19331.19444444  .00000000  00000-0  00000-0 0 00000
2 8333 097.6130 194.1450 0000000 000.0000 203.2500 15.01914300000000
1 8333U          19331.62083333  .00000000  00000-0  00000-0 0 00000
2 8333 097.6120 194.5660 0000000 000.0000 345.7500 15.01914300000000
1 8333U          19331.91944444  .00000000  00000-0  00000-0 0 00000
2 8333 097.6120 194.8600 0000000 000.0000 158.2500 15.01914300000000
1 8333U          19332.16527778  .00000000  00000-0  00000-0 0 00000
2 8333 097.6110 195.1020 0000000 000.0000 045.7500 15.01914300000000
1 8333U          19332.57430556  .00000000  00000-0  00000-0 0 00000
2 8333 097.6110 195.5050 0000000 000.0000 094.5000 15.01914300000000
1 8333U          19332.86527778  .00000000  00000-0  00000-0 0 00000
2 8333 097.6100 195.7920 0000000 000.0000 225.7500 15.01914300000000
1 8333U          19325.89583333  .00000000  00000-0  00000-0 0 00000
2 8333 097.6230 188.9230 0000000 000.0000 030.7520 15.01914300000000
1 8333U          19325.96736111  .00000000  00000-0  00000-0 0 00000
2 8333 097.6230 188.9940 0000000 000.0000 057.0020 15.01914300000000
1 8333U          19326.07430556  .00000000  00000-0  00000-0 0 00000
2 8333 097.6220 189.0990 0000000 000.0000 274.5020 15.01914300000000
1 8333U          19326.16250000  .00000000  00000-0  00000-0 0 00000
2 8333 097.6220 189.1860 0000000 000.0000 030.7520 15.01914300000000
1 8333U          19326.24375000  .00000000  00000-0  00000-0 0 00000
2 8333 097.6220 189.2660 0000000 000.0000 109.5020 15.01914300000000
1 8333U          19326.29652778  .00000000  00000-0  00000-0 0 00000
2 8333 097.6220 189.3180 0000000 000.0000 034.5020 15.01914300000000
1 8333U          19326.40902778  .00000000  00000-0  00000-0 0 00000
2 8333 097.6220 189.4290 0000000 000.0000 282.0020 15.01914300000000
1 8333U          19326.46875000  .00000000  00000-0  00000-0 0 00000
2 8333 097.6220 189.4880 0000000 000.0000 244.5020 15.01914300000000
1 8333U          19326.54375000  .00000000  00000-0  00000-0 0 00000
2 8333 097.6220 189.5620 0000000 000.0000 289.5020 15.01914300000000
1 8333U          19326.65069444  .00000000  00000-0  00000-0 0 00000
2 8333 097.6210 189.6670 0000000 000.0000 147.0020 15.01914300000000
1 8333U          19326.74375000  .00000000  00000-0  00000-0 0 00000
2 8333 097.6210 189.7590 0000000 000.0000 289.5020 15.01914300000000
1 8333U          19326.79791667  .00000000  00000-0  00000-0 0 00000
2 8333 097.6210 189.8120 0000000 000.0000 222.0020 15.01914300000000
1 8333U          19326.89375000  .00000000  00000-0  00000-0 0 00000
2 8333 097.6210 189.9070 0000000 000.0000 019.5020 15.01914300000000
1 8333U          19326.96736111  .00000000  00000-0  00000-0 0 00000
2 8333 097.6210 189.9790 0000000 000.0000 057.0020 15.01914300000000
1 8333U          19327.06597222  .00000000  00000-0  00000-0 0 00000
2 8333 097.6210 190.0770 0000000 000.0000 229.5020 15.01914300000000
1 8333U          19327.12500000  .00000000  00000-0  00000-0 0 00000
2 8333 097.6210 190.1350 0000000 000.0000 188.2520 15.01914300000000
1 8333U          19327.21736111  .00000000  00000-0  00000-0 0 00000
2 8333 097.6200 190.2260 0000000 000.0000 327.0020 15.01914300000000
1 8333U          19327.30486111  .00000000  00000-0  00000-0 0 00000
2 8333 097.6200 190.3120 0000000 000.0000 079.5020 15.01914300000000
1 8333U          19327.39166667  .00000000  00000-0  00000-0 0 00000
2 8333 097.6200 190.3980 0000000 000.0000 188.2520 15.01914300000000
1 8333U          19327.46875000  .00000000  00000-0  00000-0 0 00000
2 8333 097.6200 190.4730 0000000 000.0000 244.5020 15.01914300000000
1 8333U          19327.54583333  .00000000  00000-0  00000-0 0 00000
2 8333 097.6200 190.5490 0000000 000.0000 300.7520 15.01914300000000
1 8333U          19327.65833333  .00000000  00000-0  00000-0 0 00000
2 8333 097.6200 190.6600 0000000 000.0000 188.2520 15.01914300000000
1 8333U          19327.73194444  .00000000  00000-0  00000-0 0 00000
2 8333 097.6190 190.7330 0000000 000.0000 225.7520 15.01914300000000
1 8333U          19327.79444444  .00000000  00000-0  00000-0 0 00000
2 8333 097.6190 190.7940 0000000 000.0000 203.2520 15.01914300000000
1 8333U          19327.88125000  .00000000  00000-0  00000-0 0 00000
2 8333 097.6190 190.8800 0000000 000.0000 312.0020 15.01914300000000
1 8333U          19327.99652778  .00000000  00000-0  00000-0 0 00000
2 8333 097.6190 190.9940 0000000 000.0000 214.5020 15.01914300000000
1 8333U          19328.04444444  .00000000  00000-0  00000-0 0 00000
2 8333 097.6190 191.0410 0000000 000.0000 113.2520 15.01914300000000
1 8333U          19328.12500000  .00000000  00000-0  00000-0 0 00000
2 8333 097.6190 191.1200 0000000 000.0000 188.2520 15.01914300000000
1 8333U          19328.23819444  .00000000  00000-0  00000-0 0 00000
2 8333 097.6180 191.2320 0000000 000.0000 079.5020 15.01914300000000
1 8333U          19328.31319444  .00000000  00000-0  00000-0 0 00000
2 8333 097.6180 191.3060 0000000 000.0000 124.5020 15.01914300000000
1 8333U          19328.39583333  .00000000  00000-0  00000-0 0 00000
2 8333 097.6180 191.3870 0000000 000.0000 210.7510 15.01914300000000
1 8333U          19328.46805556  .00000000  00000-0  00000-0 0 00000
2 8333 097.6180 191.4580 0000000 000.0000 240.7510 15.01914300000000
1 8333U          19328.55694444  .00000000  00000-0  00000-0 0 00000
2 8333 097.6180 191.5460 0000000 000.0000 000.7510 15.01914300000000
1 8333U          19328.62569444  .00000000  00000-0  00000-0 0 00000
2 8333 097.6180 191.6140 0000000 000.0000 012.0010 15.01914300000000
1 8333U          19328.71875000  .00000000  00000-0  00000-0 0 00000
2 8333 097.6180 191.7050 0000000 000.0000 154.5010 15.01914300000000
1 8333U          19328.80902778  .00000000  00000-0  00000-0 0 00000
2 8333 097.6170 191.7940 0000000 000.0000 282.0010 15.01914300000000
1 8333U          19328.87847222  .00000000  00000-0  00000-0 0 00000
2 8333 097.6170 191.8630 0000000 000.0000 297.0010 15.01914300000000
1 8333U          19328.95972222  .00000000  00000-0  00000-0 0 00000
2 8333 097.6170 191.9430 0000000 000.0000 015.7510 15.01914300000000
1 8333U          19329.06875000  .00000000  00000-0  00000-0 0 00000
2 8333 097.6170 192.0500 0000000 000.0000 244.5010 15.01914300000000
1 8333U          19329.16250000  .00000000  00000-0  00000-0 0 00000
2 8333 097.6170 192.1430 0000000 000.0000 030.7510 15.01914300000000
1 8333U          19329.23055556  .00000000  00000-0  00000-0 0 00000
2 8333 097.6170 192.2100 0000000 000.0000 038.2510 15.01914300000000
1 8333U          19329.30277778  .00000000  00000-0  00000-0 0 00000
2 8333 097.6170 192.2810 0000000 000.0000 068.2510 15.01914300000000
1 8333U          19329.40833333  .00000000  00000-0  00000-0 0 00000
2 8333 097.6160 192.3850 0000000 000.0000 278.2510 15.01914300000000
1 8333U          19329.46944444  .00000000  00000-0  00000-0 0 00000
2 8333 097.6160 192.4450 0000000 000.0000 248.2510 15.01914300000000
1 8333U          19329.56388889  .00000000  00000-0  00000-0 0 00000
2 8333 097.6160 192.5380 0000000 000.0000 038.2510 15.01914300000000
1 8333U          19329.65555556  .00000000  00000-0  00000-0 0 00000
2 8333 097.6160 192.6290 0000000 000.0000 173.2510 15.01914300000000
1 8333U          19329.73263889  .00000000  00000-0  00000-0 0 00000
2 8333 097.6160 192.7050 0000000 000.0000 229.5010 15.01914300000000
1 8333U          19329.79722222  .00000000  00000-0  00000-0 0 00000
2 8333 097.6160 192.7680 0000000 000.0000 218.2510 15.01914300000000
1 8333U          19329.87847222  .00000000  00000-0  00000-0 0 00000
2 8333 097.6160 192.8480 0000000 000.0000 297.0010 15.01914300000000
1 8333U          19329.99444444  .00000000  00000-0  00000-0 0 00000
2 8333 097.6150 192.9630 0000000 000.0000 203.2510 15.01914300000000
1 8333U          19330.04652778  .00000000  00000-0  00000-0 0 00000
2 8333 097.6150 193.0140 0000000 000.0000 124.5010 15.01914300000000
1 8333U          19330.13402778  .00000000  00000-0  00000-0 0 00000
2 8333 097.6150 193.1000 0000000 000.0000 237.0010 15.01914300000000
1 8333U          19330.21319444  .00000000  00000-0  00000-0 0 00000
2 8333 097.6150 193.1780 0000000 000.0000 304.5010 15.01914300000000
1 8333U          19330.32152778  .00000000  00000-0  00000-0 0 00000
2 8333 097.6150 193.2850 0000000 000.0000 169.5010 15.01914300000000
1 8333U          19330.38680556  .00000000  00000-0  00000-0 0 00000
2 8333 097.6150 193.3490 0000000 000.0000 162.0010 15.01914300000000
1 8333U          19330.47013889  .00000000  00000-0  00000-0 0 00000
2 8333 097.6140 193.4320 0000000 000.0000 252.0010 15.01914300000000
1 8333U          19330.56736111  .00000000  00000-0  00000-0 0 00000
2 8333 097.6140 193.5270 0000000 000.0000 057.0010 15.01914300000000
1 8333U          19330.65486111  .00000000  00000-0  00000-0 0 00000
2 8333 097.6140 193.6140 0000000 000.0000 169.5010 15.01914300000000
1 8333U          19330.71597222  .00000000  00000-0  00000-0 0 00000
2 8333 097.6140 193.6740 0000000 000.0000 139.5010 15.01914300000000
1 8333U          19330.81458333  .00000000  00000-0  00000-0 0 00000
2 8333 097.6140 193.7710 0000000 000.0000 312.0010 15.01914300000000
1 8333U          19330.88541667  .00000000  00000-0  00000-0 0 00000
2 8333 097.6140 193.8410 0000000 000.0000 334.5010 15.01914300000000
1 8333U          19330.98541667  .00000000  00000-0  00000-0 0 00000
2 8333 097.6140 193.9390 0000000 000.0000 154.5000 15.01914300000000
1 8333U          19331.05208333  .00000000  00000-0  00000-0 0 00000
2 8333 097.6130 194.0050 0000000 000.0000 154.5000 15.01914300000000
1 8333U          19331.14027778  .00000000  00000-0  00000-0 0 00000
2 8333 097.6130 194.0920 0000000 000.0000 270.7500 15.01914300000000
1 8333U          19331.22013889  .00000000  00000-0  00000-0 0 00000
2 8333 097.6130 194.1710 0000000 000.0000 342.0000 15.01914300000000
1 8333U          19331.31180556  .00000000  00000-0  00000-0 0 00000
2 8333 097.6130 194.2610 0000000 000.0000 117.0000 15.01914300000000
1 8333U          19331.41458333  .00000000  00000-0  00000-0 0 00000
2 8333 097.6130 194.3620 0000000 000.0000 312.0000 15.01914300000000
1 8333U          19331.48125000  .00000000  00000-0  00000-0 0 00000
2 8333 097.6130 194.4280 0000000 000.0000 312.0000 15.01914300000000
1 8333U          19331.56388889  .00000000  00000-0  00000-0 0 00000
2 8333 097.6120 194.5090 0000000 000.0000 038.2500 15.01914300000000
1 8333U          19331.65347222  .00000000  00000-0  00000-0 0 00000
2 8333 097.6120 194.5980 0000000 000.0000 162.0000 15.01914300000000
1 8333U          19331.74583333  .00000000  00000-0  00000-0 0 00000
2 8333 097.6120 194.6890 0000000 000.0000 300.7500 15.01914300000000
1 8333U          19331.81805556  .00000000  00000-0  00000-0 0 00000
2 8333 097.6120 194.7600 0000000 000.0000 330.7500 15.01914300000000
1 8333U          19331.88541667  .00000000  00000-0  00000-0 0 00000
2 8333 097.6120 194.8260 0000000 000.0000 334.5000 15.01914300000000
1 8333U          19331.97222222  .00000000  00000-0  00000-0 0 00000
2 8333 097.6120 194.9120 0000000 000.0000 083.2500 15.01914300000000
1 8333U          19332.07152778  .00000000  00000-0  00000-0 0 00000
2 8333 097.6120 195.0100 0000000 000.0000 259.5000 15.01914300000000
1 8333U          19332.14375000  .00000000  00000-0  00000-0 0 00000
2 8333 097.6110 195.0810 0000000 000.0000 289.5000 15.01914300000000
1 8333U          19332.24583333  .00000000  00000-0  00000-0 0 00000
2 8333 097.6110 195.1820 0000000 000.0000 120.7500 15.01914300000000
1 8333U          19332.32361111  .00000000  00000-0  00000-0 0 00000
2 8333 097.6110 195.2580 0000000 000.0000 180.7500 15.01914300000000
1 8333U          19332.40138889  .00000000  00000-0  00000-0 0 00000
2 8333 097.6110 195.3350 0000000 000.0000 240.7500 15.01914300000000
1 8333U          19332.48680556  .00000000  00000-0  00000-0 0 00000
2 8333 097.6110 195.4190 0000000 000.0000 342.0000 15.01914300000000
1 8333U          19332.57638889  .00000000  00000-0  00000-0 0 00000
2 8333 097.6110 195.5070 0000000 000.0000 105.7500 15.01914300000000
1 8333U          19332.66041667  .00000000  00000-0  00000-0 0 00000
2 8333 097.6100 195.5900 0000000 000.0000 199.5000 15.01914300000000
1 8333U          19332.72708333  .00000000  00000-0  00000-0 0 00000
2 8333 097.6100 195.6560 0000000 000.0000 199.5000 15.01914300000000
1 8333U          19332.80208333  .00000000  00000-0  00000-0 0 00000
2 8333 097.6100 195.7300 0000000 000.0000 244.5000 15.01914300000000
1 8333U          19332.87638889  .00000000  00000-0  00000-0 0 00000
2 8333 097.6100 195.8030 0000000 000.0000 285.7500 15.01914300000000
