1 83471U          19282.02083333  .00000000  00000-0  00000-0 0 00000
2 83471 097.7140 042.798  0000000 000.0000 019.8490 15.01920000000000
1 83471U          19282.33194444  .00000000  00000-0  00000-0 0 00000
2 83471 097.7150 043.104  0000000 000.0000 259.8490 15.01920000000000
1 83471U          19282.68055556  .00000000  00000-0  00000-0 0 00000
2 83471 097.7150 043.448  0000000 000.0000 342.3500 15.01920000000000
1 83471U          19283.07083333  .00000000  00000-0  00000-0 0 00000
2 83471 097.7160 043.833  0000000 000.0000 289.8500 15.01920000000000
1 83471U          19283.29513889  .00000000  00000-0  00000-0 0 00000
2 83471 097.7160 044.054  0000000 000.0000 061.1010 15.01920000000000
1 83471U          19283.60902778  .00000000  00000-0  00000-0 0 00000
2 83471 097.7160 044.363  0000000 000.0000 316.1010 15.01920000000000
1 83471U          19283.96736111  .00000000  00000-0  00000-0 0 00000
2 83471 097.7170 044.716  0000000 000.0000 091.1020 15.01920000000000
1 83471U          19284.37361111  .00000000  00000-0  00000-0 0 00000
2 83471 097.7170 045.117  0000000 000.0000 124.8520 15.01920000000000
1 83471U          19284.67222222  .00000000  00000-0  00000-0 0 00000
2 83471 097.7180 045.411  0000000 000.0000 297.3530 15.01920000000000
1 83471U          19285.01597222  .00000000  00000-0  00000-0 0 00000
2 83471 097.7180 045.750  0000000 000.0000 353.6030 15.01920000000000
1 83471U          19285.39375000  .00000000  00000-0  00000-0 0 00000
2 83471 097.7190 046.123  0000000 000.0000 233.6040 15.01920000000000
1 83471U          19285.69652778  .00000000  00000-0  00000-0 0 00000
2 83471 097.7190 046.421  0000000 000.0000 068.6040 15.01920000000000
1 83471U          19285.97708333  .00000000  00000-0  00000-0 0 00000
2 83471 097.7190 046.698  0000000 000.0000 143.6040 15.01920000000000
1 83471U          19286.34375000  .00000000  00000-0  00000-0 0 00000
2 83471 097.7200 047.059  0000000 000.0000 323.6050 15.01920000000000
1 83471U          19286.68402778  .00000000  00000-0  00000-0 0 00000
2 83471 097.7200 047.395  0000000 000.0000 001.1050 15.01920000000000
1 83471U          19287.01736111  .00000000  00000-0  00000-0 0 00000
2 83471 097.7210 047.723  0000000 000.0000 001.1060 15.01920000000000
1 83471U          19287.32569444  .00000000  00000-0  00000-0 0 00000
2 83471 097.7210 048.027  0000000 000.0000 226.1060 15.01920000000000
1 83471U          19287.60625000  .00000000  00000-0  00000-0 0 00000
2 83471 097.7210 048.304  0000000 000.0000 301.1070 15.01920000000000
1 83471U          19287.95416667  .00000000  00000-0  00000-0 0 00000
2 83471 097.7220 048.647  0000000 000.0000 019.8570 15.01920000000000
1 83471U          19288.29166667  .00000000  00000-0  00000-0 0 00000
2 83471 097.7220 048.979  0000000 000.0000 042.3580 15.01920000000000
1 83471U          19288.60208333  .00000000  00000-0  00000-0 0 00000
2 83471 097.7230 049.285  0000000 000.0000 278.6080 15.01920000000000
1 83471U          19288.96250000  .00000000  00000-0  00000-0 0 00000
2 83471 097.7230 049.641  0000000 000.0000 064.8590 15.01920000000000
1 83471U          19289.38194444  .00000000  00000-0  00000-0 0 00000
2 83471 097.7230 050.054  0000000 000.0000 169.8590 15.01920000000000
1 83471U          19289.74722222  .00000000  00000-0  00000-0 0 00000
2 83471 097.7240 050.414  0000000 000.0000 342.3600 15.01920000000000
1 83471U          19290.07986111  .00000000  00000-0  00000-0 0 00000
2 83471 097.7240 050.742  0000000 000.0000 338.6100 15.01920000000000
1 83471U          19290.41319444  .00000000  00000-0  00000-0 0 00000
2 83471 097.7250 051.071  0000000 000.0000 338.6110 15.01920000000000
1 83471U          19290.65347222  .00000000  00000-0  00000-0 0 00000
2 83471 097.7250 051.308  0000000 000.0000 196.1110 15.01920000000000
1 83471U          19291.05000000  .00000000  00000-0  00000-0 0 00000
2 83471 097.7250 051.699  0000000 000.0000 177.3620 15.01920000000000
1 83471U          19291.33750000  .00000000  00000-0  00000-0 0 00000
2 83471 097.7260 051.982  0000000 000.0000 289.8620 15.01920000000000
1 83471U          19291.69027778  .00000000  00000-0  00000-0 0 00000
2 83471 097.7260 052.330  0000000 000.0000 034.8630 15.01920000000000
1 83471U          19292.01805556  .00000000  00000-0  00000-0 0 00000
2 83471 097.7260 052.653  0000000 000.0000 004.8630 15.01920000000000
1 83471U          19292.38194444  .00000000  00000-0  00000-0 0 00000
2 83471 097.7270 053.012  0000000 000.0000 169.8640 15.01920000000000
1 83471U          19292.69097222  .00000000  00000-0  00000-0 0 00000
2 83471 097.7270 053.316  0000000 000.0000 038.6140 15.01920000000000
1 83471U          19292.95625000  .00000000  00000-0  00000-0 0 00000
2 83471 097.7280 053.578  0000000 000.0000 031.1150 15.01920000000000
1 83471U          19293.32500000  .00000000  00000-0  00000-0 0 00000
2 83471 097.7280 053.941  0000000 000.0000 222.3650 15.01920000000000
1 83471U          19293.71041667  .00000000  00000-0  00000-0 0 00000
2 83471 097.7280 054.321  0000000 000.0000 143.6160 15.01920000000000
1 83471U          19294.01527778  .00000000  00000-0  00000-0 0 00000
2 83471 097.7290 054.622  0000000 000.0000 349.8660 15.01920000000000
1 83471U          19294.36458333  .00000000  00000-0  00000-0 0 00000
2 83471 097.7290 054.966  0000000 000.0000 076.1170 15.01920000000000
1 83471U          19294.72986111  .00000000  00000-0  00000-0 0 00000
2 83471 097.7290 055.326  0000000 000.0000 248.6180 15.01920000000000
1 83471U          19294.98611111  .00000000  00000-0  00000-0 0 00000
2 83471 097.7300 055.579  0000000 000.0000 192.3680 15.01920000000000
1 83471U          19295.31388889  .00000000  00000-0  00000-0 0 00000
2 83471 097.7300 055.902  0000000 000.0000 162.3690 15.01920000000000
1 83471U          19295.73888889  .00000000  00000-0  00000-0 0 00000
2 83471 097.7300 056.321  0000000 000.0000 297.3690 15.01920000000000
1 83471U          19296.03472222  .00000000  00000-0  00000-0 0 00000
2 83471 097.7310 056.613  0000000 000.0000 094.8700 15.01920000000000
1 83471U          19296.35277778  .00000000  00000-0  00000-0 0 00000
2 83471 097.7310 056.926  0000000 000.0000 012.3700 15.01920000000000
1 83471U          19296.63541667  .00000000  00000-0  00000-0 0 00000
2 83471 097.7310 057.205  0000000 000.0000 098.6210 15.01920000000000
1 83471U          19296.93194444  .00000000  00000-0  00000-0 0 00000
2 83471 097.7320 057.497  0000000 000.0000 259.8710 15.01920000000000
1 83471U          19297.25763889  .00000000  00000-0  00000-0 0 00000
2 83471 097.7320 057.818  0000000 000.0000 218.6220 15.01920000000000
1 83471U          19297.58958333  .00000000  00000-0  00000-0 0 00000
2 83471 097.7320 058.145  0000000 000.0000 211.1220 15.01920000000000
1 83471U          19298.01180556  .00000000  00000-0  00000-0 0 00000
2 83471 097.7330 058.562  0000000 000.0000 331.1230 15.01920000000000
1 83471U          19298.40347222  .00000000  00000-0  00000-0 0 00000
2 83471 097.7330 058.948  0000000 000.0000 286.1240 15.01920000000000
1 83471U          19298.68194444  .00000000  00000-0  00000-0 0 00000
2 83471 097.7330 059.222  0000000 000.0000 349.8740 15.01920000000000
1 83471U          19299.06041667  .00000000  00000-0  00000-0 0 00000
2 83471 097.7340 059.595  0000000 000.0000 233.6250 15.01920000000000
1 83471U          19299.33958333  .00000000  00000-0  00000-0 0 00000
2 83471 097.7340 059.871  0000000 000.0000 301.1250 15.01920000000000
1 83471U          19299.73958333  .00000000  00000-0  00000-0 0 00000
2 83471 097.7340 060.265  0000000 000.0000 301.1260 15.01920000000000
1 83471U          19299.91666667  .00000000  00000-0  00000-0 0 00000
2 83471 097.7350 060.439  0000000 000.0000 177.3760 15.01920000000000
1 83471U          19300.37291667  .00000000  00000-0  00000-0 0 00000
2 83471 097.7350 060.889  0000000 000.0000 121.1270 15.01920000000000
1 83471U          19300.72291667  .00000000  00000-0  00000-0 0 00000
2 83471 097.7350 061.234  0000000 000.0000 211.1270 15.01920000000000
1 83471U          19300.95069444  .00000000  00000-0  00000-0 0 00000
2 83471 097.7350 061.459  0000000 000.0000 001.1280 15.01920000000000
1 83471U          19301.36180556  .00000000  00000-0  00000-0 0 00000
2 83471 097.7360 061.864  0000000 000.0000 061.1280 15.01920000000000
1 83471U          19301.67430556  .00000000  00000-0  00000-0 0 00000
2 83471 097.7360 062.172  0000000 000.0000 308.6290 15.01920000000000
1 83471U          19302.04097222  .00000000  00000-0  00000-0 0 00000
2 83471 097.7360 062.534  0000000 000.0000 128.6300 15.01920000000000
1 83471U          19302.31319444  .00000000  00000-0  00000-0 0 00000
2 83471 097.7370 062.802  0000000 000.0000 158.6300 15.01920000000000
1 83471U          19302.71041667  .00000000  00000-0  00000-0 0 00000
2 83471 097.7370 063.194  0000000 000.0000 143.6310 15.01920000000000
1 83471U          19303.01180556  .00000000  00000-0  00000-0 0 00000
2 83471 097.7370 063.491  0000000 000.0000 331.1310 15.01920000000000
1 83471U          19303.41041667  .00000000  00000-0  00000-0 0 00000
2 83471 097.7380 063.884  0000000 000.0000 323.6320 15.01920000000000
1 83471U          19303.69305556  .00000000  00000-0  00000-0 0 00000
2 83471 097.7380 064.162  0000000 000.0000 049.8820 15.01920000000000
1 83471U          19303.92847222  .00000000  00000-0  00000-0 0 00000
2 83471 097.7380 064.394  0000000 000.0000 241.1330 15.01920000000000
1 83471U          19304.25555556  .00000000  00000-0  00000-0 0 00000
2 83471 097.7380 064.717  0000000 000.0000 207.3830 15.01920000000000
1 83471U          19304.64930556  .00000000  00000-0  00000-0 0 00000
2 83471 097.7380 065.105  0000000 000.0000 173.6340 15.01920000000000
1 83471U          19304.99583333  .00000000  00000-0  00000-0 0 00000
2 83471 097.7390 065.447  0000000 000.0000 244.8850 15.01920000000000
1 83471U          19305.32500000  .00000000  00000-0  00000-0 0 00000
2 83471 097.7390 065.771  0000000 000.0000 222.3850 15.01920000000000
1 83471U          19305.71458333  .00000000  00000-0  00000-0 0 00000
2 83471 097.7390 066.155  0000000 000.0000 166.1360 15.01920000000000
1 83471U          19306.00000000  .00000000  00000-0  00000-0 0 00000
2 83471 097.7400 066.437  0000000 000.0000 267.3870 15.01920000000000
1 83471U          19306.29166667  .00000000  00000-0  00000-0 0 00000
2 83471 097.7400 066.724  0000000 000.0000 042.3870 15.01920000000000
1 83471U          19306.73680556  .00000000  00000-0  00000-0 0 00000
2 83471 097.7400 067.163  0000000 000.0000 286.1380 15.01920000000000
1 83471U          19307.01527778  .00000000  00000-0  00000-0 0 00000
2 83471 097.7400 067.437  0000000 000.0000 349.8880 15.01920000000000
1 83471U          19307.33125000  .00000000  00000-0  00000-0 0 00000
2 83471 097.7400 067.749  0000000 000.0000 256.1390 15.01920000000000
1 83471U          19307.59444444  .00000000  00000-0  00000-0 0 00000
2 83471 097.7410 068.008  0000000 000.0000 237.3890 15.01920000000000
1 83471U          19307.93888889  .00000000  00000-0  00000-0 0 00000
2 83471 097.7410 068.348  0000000 000.0000 297.3900 15.01920000000000
1 83471U          19308.28958333  .00000000  00000-0  00000-0 0 00000
2 83471 097.7410 068.694  0000000 000.0000 031.1410 15.01920000000000
1 83471U          19308.62013889  .00000000  00000-0  00000-0 0 00000
2 83471 097.7410 069.020  0000000 000.0000 016.1410 15.01920000000000
1 83471U          19308.93402778  .00000000  00000-0  00000-0 0 00000
2 83471 097.7420 069.329  0000000 000.0000 271.1420 15.01920000000000
1 83471U          19309.37777778  .00000000  00000-0  00000-0 0 00000
2 83471 097.7420 069.767  0000000 000.0000 147.3930 15.01920000000000
1 83471U          19309.72222222  .00000000  00000-0  00000-0 0 00000
2 83471 097.7420 070.106  0000000 000.0000 207.3930 15.01920000000000
1 83471U          19309.97013889  .00000000  00000-0  00000-0 0 00000
2 83471 097.7420 070.351  0000000 000.0000 106.1440 15.01920000000000
1 83471U          19310.36597222  .00000000  00000-0  00000-0 0 00000
2 83471 097.7420 070.741  0000000 000.0000 083.6440 15.01920000000000
1 83471U          19310.70347222  .00000000  00000-0  00000-0 0 00000
2 83471 097.7430 071.073  0000000 000.0000 106.1450 15.01920000000000
1 83471U          19310.93333333  .00000000  00000-0  00000-0 0 00000
2 83471 097.7430 071.300  0000000 000.0000 267.3950 15.01920000000000
1 83471U          19311.35208333  .00000000  00000-0  00000-0 0 00000
2 83471 097.7430 071.713  0000000 000.0000 008.6460 15.01920000000000
1 83471U          19311.70763889  .00000000  00000-0  00000-0 0 00000
2 83471 097.7430 072.063  0000000 000.0000 128.6470 15.01920000000000
1 83471U          19311.89583333  .00000000  00000-0  00000-0 0 00000
2 83471 097.7430 072.249  0000000 000.0000 064.8970 15.01914300000000
1 83471U          19312.31180556  .00000000  00000-0  00000-0 0 00000
2 83471 097.7440 072.659  0000000 000.0000 151.1480 15.01914300000000
1 83471U          19312.56736111  .00000000  00000-0  00000-0 0 00000
2 83471 097.7440 072.911  0000000 000.0000 091.1480 15.01914300000000
1 83471U          19312.85833333  .00000000  00000-0  00000-0 0 00000
2 83471 097.7440 073.198  0000000 000.0000 222.3990 15.01914300000000
1 83471U          19313.26805556  .00000000  00000-0  00000-0 0 00000
2 83471 097.7440 073.602  0000000 000.0000 274.9000 15.01914300000000
1 83471U          19313.57847222  .00000000  00000-0  00000-0 0 00000
2 83471 097.7440 073.908  0000000 000.0000 151.1500 15.01914300000000
1 83471U          19313.88888889  .00000000  00000-0  00000-0 0 00000
2 83471 097.7440 074.214  0000000 000.0000 027.4010 15.01914300000000
1 83471U          19314.21319444  .00000000  00000-0  00000-0 0 00000
2 83471 097.7450 074.534  0000000 000.0000 338.6510 15.01914300000000
1 83471U          19314.55972222  .00000000  00000-0  00000-0 0 00000
2 83471 097.7450 074.875  0000000 000.0000 049.9020 15.01914300000000
1 83471U          19314.93333333  .00000000  00000-0  00000-0 0 00000
2 83471 097.7450 075.243  0000000 000.0000 267.4030 15.01914300000000
1 83471U          19315.29375000  .00000000  00000-0  00000-0 0 00000
2 83471 097.7450 075.599  0000000 000.0000 053.6530 15.01914300000000
1 83471U          19315.52500000  .00000000  00000-0  00000-0 0 00000
2 83471 097.7450 075.827  0000000 000.0000 222.4040 15.01914300000000
1 83471U          19315.91527778  .00000000  00000-0  00000-0 0 00000
2 83471 097.7450 076.212  0000000 000.0000 169.9050 15.01914300000000
1 83471U          19316.23263889  .00000000  00000-0  00000-0 0 00000
2 83471 097.7450 076.524  0000000 000.0000 083.6550 15.01914300000000
1 83471U          19316.56250000  .00000000  00000-0  00000-0 0 00000
2 83471 097.7460 076.850  0000000 000.0000 064.9060 15.01914300000000
1 83471U          19316.84097222  .00000000  00000-0  00000-0 0 00000
2 83471 097.7460 077.124  0000000 000.0000 128.6560 15.01914300000000
1 83471U          19317.25069444  .00000000  00000-0  00000-0 0 00000
2 83471 097.7460 077.528  0000000 000.0000 181.1570 15.01914300000000
1 83471U          19317.59444444  .00000000  00000-0  00000-0 0 00000
2 83471 097.7460 077.867  0000000 000.0000 237.4080 15.01914300000000
1 83471U          19317.89583333  .00000000  00000-0  00000-0 0 00000
2 83471 097.7460 078.164  0000000 000.0000 064.9080 15.01914300000000
1 83471U          19318.28125000  .00000000  00000-0  00000-0 0 00000
2 83471 097.7460 078.544  0000000 000.0000 346.1590 15.01914300000000
1 83471U          19318.55694444  .00000000  00000-0  00000-0 0 00000
2 83471 097.7460 078.816  0000000 000.0000 034.9090 15.01914300000000
1 83471U          19318.89583333  .00000000  00000-0  00000-0 0 00000
2 83471 097.7460 079.150  0000000 000.0000 064.9100 15.01914300000000
1 83471U          19318.90069444  .00000000  00000-0  00000-0 0 00000
2 83471 097.7460 079.155  0000000 000.0000 091.1600 15.01914300000000
1 83471U          19319.29513889  .00000000  00000-0  00000-0 0 00000
2 83471 097.7470 079.544  0000000 000.0000 061.1610 15.01914300000000
1 83471U          19319.49236111  .00000000  00000-0  00000-0 0 00000
2 83471 097.7470 079.738  0000000 000.0000 046.1610 15.01914300000000
1 83471U          19319.92430556  .00000000  00000-0  00000-0 0 00000
2 83471 097.7470 080.164  0000000 000.0000 218.6620 15.01914300000000
1 83471U          19320.19583333  .00000000  00000-0  00000-0 0 00000
2 83471 097.7470 080.432  0000000 000.0000 244.9130 15.01914300000000
1 83471U          19320.49236111  .00000000  00000-0  00000-0 0 00000
2 83471 097.7470 080.724  0000000 000.0000 046.1630 15.01914300000000
1 83471U          19320.84305556  .00000000  00000-0  00000-0 0 00000
2 83471 097.7470 081.070  0000000 000.0000 139.9140 15.01914300000000
1 83471U          19321.17986111  .00000000  00000-0  00000-0 0 00000
2 83471 097.7470 081.402  0000000 000.0000 158.6640 15.01914300000000
1 83471U          19321.60486111  .00000000  00000-0  00000-0 0 00000
2 83471 097.7470 081.821  0000000 000.0000 293.6650 15.01914300000000
1 83471U          19321.85416667  .00000000  00000-0  00000-0 0 00000
2 83471 097.7470 082.066  0000000 000.0000 199.9160 15.01914300000000
1 83471U          19322.24791667  .00000000  00000-0  00000-0 0 00000
2 83471 097.7470 082.455  0000000 000.0000 166.1660 15.01914300000000
1 83471U          19322.59166667  .00000000  00000-0  00000-0 0 00000
2 83471 097.7470 082.793  0000000 000.0000 222.4170 15.01914300000000
1 83471U          19322.93611111  .00000000  00000-0  00000-0 0 00000
2 83471 097.7480 083.133  0000000 000.0000 282.4180 15.01914300000000
1 83471U          19323.20972222  .00000000  00000-0  00000-0 0 00000
2 83471 097.7480 083.403  0000000 000.0000 319.9180 15.01914300000000
1 83471U          19323.63263889  .00000000  00000-0  00000-0 0 00000
2 83471 097.7480 083.820  0000000 000.0000 083.6690 15.01914300000000
1 83471U          19323.97847222  .00000000  00000-0  00000-0 0 00000
2 83471 097.7480 084.161  0000000 000.0000 151.1700 15.01914300000000
1 83471U          19324.26805556  .00000000  00000-0  00000-0 0 00000
2 83471 097.7480 084.446  0000000 000.0000 274.9200 15.01914300000000
1 83471U          19324.60625000  .00000000  00000-0  00000-0 0 00000
2 83471 097.7480 084.780  0000000 000.0000 301.1710 15.01914300000000
1 83471U          19324.87291667  .00000000  00000-0  00000-0 0 00000
2 83471 097.7480 085.042  0000000 000.0000 301.1710 15.01914300000000
1 83471U          19325.31180556  .00000000  00000-0  00000-0 0 00000
2 83471 097.7480 085.475  0000000 000.0000 151.1720 15.01914300000000
1 83471U          19325.54236111  .00000000  00000-0  00000-0 0 00000
2 83471 097.7480 085.702  0000000 000.0000 316.1730 15.01914300000000
1 83471U          19325.89583333  .00000000  00000-0  00000-0 0 00000
2 83471 097.7480 086.051  0000000 000.0000 064.9230 15.01914300000000
1 83471U          19325.91875000  .00000000  00000-0  00000-0 0 00000
2 83471 097.7480 086.074  0000000 000.0000 188.6730 15.01914300000000
1 83471U          19326.22222222  .00000000  00000-0  00000-0 0 00000
2 83471 097.7480 086.373  0000000 000.0000 027.4240 15.01914300000000
1 83471U          19326.52916667  .00000000  00000-0  00000-0 0 00000
2 83471 097.7480 086.675  0000000 000.0000 244.9250 15.01914300000000
1 83471U          19326.91666667  .00000000  00000-0  00000-0 0 00000
2 83471 097.7480 087.057  0000000 000.0000 177.4250 15.01914300000000
1 83471U          19327.17013889  .00000000  00000-0  00000-0 0 00000
2 83471 097.7480 087.307  0000000 000.0000 106.1760 15.01914300000000
1 83471U          19327.62222222  .00000000  00000-0  00000-0 0 00000
2 83471 097.7480 087.753  0000000 000.0000 027.4270 15.01914300000000
1 83471U          19327.87222222  .00000000  00000-0  00000-0 0 00000
2 83471 097.7480 087.999  0000000 000.0000 297.4270 15.01914300000000
1 83471U          19328.19305556  .00000000  00000-0  00000-0 0 00000
2 83471 097.7480 088.316  0000000 000.0000 229.9280 15.01914300000000
1 83471U          19328.60555556  .00000000  00000-0  00000-0 0 00000
2 83471 097.7480 088.722  0000000 000.0000 297.4290 15.01914300000000
1 83471U          19328.90347222  .00000000  00000-0  00000-0 0 00000
2 83471 097.7480 089.016  0000000 000.0000 106.1790 15.01914300000000
1 83471U          19329.24583333  .00000000  00000-0  00000-0 0 00000
2 83471 097.7480 089.354  0000000 000.0000 154.9300 15.01914300000000
1 83471U          19329.55694444  .00000000  00000-0  00000-0 0 00000
2 83471 097.7480 089.660  0000000 000.0000 034.9300 15.01914300000000
1 83471U          19329.93194444  .00000000  00000-0  00000-0 0 00000
2 83471 097.7480 090.030  0000000 000.0000 259.9310 15.01914300000000
1 83471U          19330.28472222  .00000000  00000-0  00000-0 0 00000
2 83471 097.7480 090.378  0000000 000.0000 004.9320 15.01914300000000
1 83471U          19330.49652778  .00000000  00000-0  00000-0 0 00000
2 83471 097.7480 090.587  0000000 000.0000 068.6820 15.01914300000000
1 83471U          19330.86944444  .00000000  00000-0  00000-0 0 00000
2 83471 097.7480 090.954  0000000 000.0000 282.4330 15.01914300000000
1 83471U          19331.27777778  .00000000  00000-0  00000-0 0 00000
2 83471 097.7480 091.357  0000000 000.0000 327.4340 15.01914300000000
1 83471U          19331.50555556  .00000000  00000-0  00000-0 0 00000
2 83471 097.7480 091.581  0000000 000.0000 117.4340 15.01914300000000
1 83471U          19331.84027778  .00000000  00000-0  00000-0 0 00000
2 83471 097.7480 091.911  0000000 000.0000 124.9350 15.01914300000000
1 83471U          19332.26319444  .00000000  00000-0  00000-0 0 00000
2 83471 097.7480 092.328  0000000 000.0000 248.6860 15.01914300000000
1 83471U          19332.51388889  .00000000  00000-0  00000-0 0 00000
2 83471 097.7480 092.575  0000000 000.0000 162.4360 15.01914300000000
1 83471U          19332.82083333  .00000000  00000-0  00000-0 0 00000
2 83471 097.7480 092.878  0000000 000.0000 019.9370 15.01914300000000
