1 86077U          19281.99097222  .00000000  00000-0  00000-0 0 00000
2 86077 097.7340 119.9290 0000000 000.0000 013.0190 15.01920000000000
1 86077U          19282.40416667  .00000000  00000-0  00000-0 0 00000
2 86077 097.7330 120.3360 0000000 000.0000 084.2700 15.01920000000000
1 86077U          19282.65972222  .00000000  00000-0  00000-0 0 00000
2 86077 097.7330 120.5880 0000000 000.0000 024.2700 15.01920000000000
1 86077U          19282.95694444  .00000000  00000-0  00000-0 0 00000
2 86077 097.7330 120.8810 0000000 000.0000 189.2710 15.01920000000000
1 86077U          19283.26597222  .00000000  00000-0  00000-0 0 00000
2 86077 097.7320 121.1860 0000000 000.0000 058.0210 15.01920000000000
1 86077U          19283.73194444  .00000000  00000-0  00000-0 0 00000
2 86077 097.7320 121.6450 0000000 000.0000 054.2720 15.01920000000000
1 86077U          19284.06111111  .00000000  00000-0  00000-0 0 00000
2 86077 097.7320 121.9700 0000000 000.0000 031.7730 15.01920000000000
1 86077U          19284.30347222  .00000000  00000-0  00000-0 0 00000
2 86077 097.7310 122.2090 0000000 000.0000 260.5230 15.01920000000000
1 86077U          19284.73472222  .00000000  00000-0  00000-0 0 00000
2 86077 097.7310 122.6340 0000000 000.0000 069.2740 15.01920000000000
1 86077U          19284.95694444  .00000000  00000-0  00000-0 0 00000
2 86077 097.7310 122.8530 0000000 000.0000 189.2740 15.01920000000000
1 86077U          19285.25069444  .00000000  00000-0  00000-0 0 00000
2 86077 097.7300 123.1430 0000000 000.0000 335.5250 15.01920000000000
1 86077U          19285.65486111  .00000000  00000-0  00000-0 0 00000
2 86077 097.7300 123.5410 0000000 000.0000 358.0250 15.01920000000000
1 86077U          19286.03055556  .00000000  00000-0  00000-0 0 00000
2 86077 097.7300 123.9110 0000000 000.0000 226.7760 15.01920000000000
1 86077U          19286.40208333  .00000000  00000-0  00000-0 0 00000
2 86077 097.7290 124.2780 0000000 000.0000 073.0260 15.01920000000000
1 86077U          19286.72847222  .00000000  00000-0  00000-0 0 00000
2 86077 097.7290 124.5990 0000000 000.0000 035.5270 15.01920000000000
1 86077U          19286.95208333  .00000000  00000-0  00000-0 0 00000
2 86077 097.7290 124.8200 0000000 000.0000 163.0270 15.01920000000000
1 86077U          19287.31597222  .00000000  00000-0  00000-0 0 00000
2 86077 097.7280 125.1790 0000000 000.0000 328.0280 15.01920000000000
1 86077U          19287.67013889  .00000000  00000-0  00000-0 0 00000
2 86077 097.7280 125.5280 0000000 000.0000 080.5280 15.01920000000000
1 86077U          19288.07500000  .00000000  00000-0  00000-0 0 00000
2 86077 097.7270 125.9270 0000000 000.0000 106.7790 15.01920000000000
1 86077U          19288.39236111  .00000000  00000-0  00000-0 0 00000
2 86077 097.7270 126.2400 0000000 000.0000 020.5300 15.01920000000000
1 86077U          19288.73125000  .00000000  00000-0  00000-0 0 00000
2 86077 097.7270 126.5740 0000000 000.0000 050.5300 15.01920000000000
1 86077U          19288.92986111  .00000000  00000-0  00000-0 0 00000
2 86077 097.7260 126.7700 0000000 000.0000 043.0300 15.01920000000000
1 86077U          19289.26527778  .00000000  00000-0  00000-0 0 00000
2 86077 097.7260 127.1000 0000000 000.0000 054.2810 15.01920000000000
1 86077U          19289.73263889  .00000000  00000-0  00000-0 0 00000
2 86077 097.7250 127.5610 0000000 000.0000 058.0320 15.01920000000000
1 86077U          19289.92222222  .00000000  00000-0  00000-0 0 00000
2 86077 097.7250 127.7480 0000000 000.0000 001.7820 15.01920000000000
1 86077U          19290.26388889  .00000000  00000-0  00000-0 0 00000
2 86077 097.7250 128.0850 0000000 000.0000 046.7820 15.01920000000000
1 86077U          19290.60486111  .00000000  00000-0  00000-0 0 00000
2 86077 097.7240 128.4210 0000000 000.0000 088.0330 15.01920000000000
1 86077U          19290.96041667  .00000000  00000-0  00000-0 0 00000
2 86077 097.7240 128.7710 0000000 000.0000 208.0330 15.01920000000000
1 86077U          19291.33402778  .00000000  00000-0  00000-0 0 00000
2 86077 097.7240 129.1400 0000000 000.0000 065.5340 15.01920000000000
1 86077U          19291.73750000  .00000000  00000-0  00000-0 0 00000
2 86077 097.7230 129.5370 0000000 000.0000 084.2850 15.01920000000000
1 86077U          19292.02916667  .00000000  00000-0  00000-0 0 00000
2 86077 097.7230 129.8250 0000000 000.0000 219.2850 15.01920000000000
1 86077U          19292.33750000  .00000000  00000-0  00000-0 0 00000
2 86077 097.7220 130.1290 0000000 000.0000 084.2860 15.01920000000000
1 86077U          19292.74305556  .00000000  00000-0  00000-0 0 00000
2 86077 097.7220 130.5290 0000000 000.0000 114.2860 15.01920000000000
1 86077U          19293.07777778  .00000000  00000-0  00000-0 0 00000
2 86077 097.7220 130.8590 0000000 000.0000 121.7870 15.01920000000000
1 86077U          19293.29861111  .00000000  00000-0  00000-0 0 00000
2 86077 097.7210 131.0760 0000000 000.0000 234.2870 15.01920000000000
1 86077U          19293.71250000  .00000000  00000-0  00000-0 0 00000
2 86077 097.7210 131.4840 0000000 000.0000 309.2880 15.01920000000000
1 86077U          19293.92013889  .00000000  00000-0  00000-0 0 00000
2 86077 097.7200 131.6890 0000000 000.0000 350.5380 15.01920000000000
1 86077U          19294.30902778  .00000000  00000-0  00000-0 0 00000
2 86077 097.7200 132.0720 0000000 000.0000 290.5380 15.01920000000000
1 86077U          19294.59305556  .00000000  00000-0  00000-0 0 00000
2 86077 097.7200 132.3520 0000000 000.0000 024.2890 15.01920000000000
1 86077U          19294.98541667  .00000000  00000-0  00000-0 0 00000
2 86077 097.7190 132.7390 0000000 000.0000 343.0390 15.01920000000000
1 86077U          19295.40277778  .00000000  00000-0  00000-0 0 00000
2 86077 097.7190 133.1510 0000000 000.0000 076.7900 15.01920000000000
1 86077U          19295.72569444  .00000000  00000-0  00000-0 0 00000
2 86077 097.7180 133.4690 0000000 000.0000 020.5400 15.01920000000000
1 86077U          19296.02847222  .00000000  00000-0  00000-0 0 00000
2 86077 097.7180 133.7670 0000000 000.0000 215.5410 15.01920000000000
1 86077U          19296.40763889  .00000000  00000-0  00000-0 0 00000
2 86077 097.7170 134.1410 0000000 000.0000 103.0410 15.01920000000000
1 86077U          19296.60138889  .00000000  00000-0  00000-0 0 00000
2 86077 097.7170 134.3320 0000000 000.0000 069.2920 15.01920000000000
1 86077U          19296.94861111  .00000000  00000-0  00000-0 0 00000
2 86077 097.7170 134.6740 0000000 000.0000 144.2920 15.01920000000000
1 86077U          19297.41111111  .00000000  00000-0  00000-0 0 00000
2 86077 097.7160 135.1300 0000000 000.0000 121.7930 15.01920000000000
1 86077U          19297.70138889  .00000000  00000-0  00000-0 0 00000
2 86077 097.7160 135.4160 0000000 000.0000 249.2930 15.01920000000000
1 86077U          19298.05277778  .00000000  00000-0  00000-0 0 00000
2 86077 097.7150 135.7630 0000000 000.0000 346.7940 15.01920000000000
1 86077U          19298.29652778  .00000000  00000-0  00000-0 0 00000
2 86077 097.7150 136.0030 0000000 000.0000 223.0440 15.01920000000000
1 86077U          19298.63541667  .00000000  00000-0  00000-0 0 00000
2 86077 097.7140 136.3370 0000000 000.0000 253.0440 15.01920000000000
1 86077U          19298.94652778  .00000000  00000-0  00000-0 0 00000
2 86077 097.7140 136.6440 0000000 000.0000 133.0450 15.01920000000000
1 86077U          19299.35000000  .00000000  00000-0  00000-0 0 00000
2 86077 097.7130 137.0420 0000000 000.0000 151.7950 15.01920000000000
1 86077U          19299.71458333  .00000000  00000-0  00000-0 0 00000
2 86077 097.7130 137.4010 0000000 000.0000 320.5460 15.01920000000000
1 86077U          19300.01458333  .00000000  00000-0  00000-0 0 00000
2 86077 097.7120 137.6970 0000000 000.0000 140.5460 15.01920000000000
1 86077U          19300.30208333  .00000000  00000-0  00000-0 0 00000
2 86077 097.7120 137.9800 0000000 000.0000 253.0460 15.01920000000000
1 86077U          19300.64027778  .00000000  00000-0  00000-0 0 00000
2 86077 097.7120 138.3140 0000000 000.0000 279.2970 15.01920000000000
1 86077U          19301.01527778  .00000000  00000-0  00000-0 0 00000
2 86077 097.7110 138.6830 0000000 000.0000 144.2970 15.01920000000000
1 86077U          19301.34861111  .00000000  00000-0  00000-0 0 00000
2 86077 097.7110 139.0120 0000000 000.0000 144.2980 15.01920000000000
1 86077U          19301.69861111  .00000000  00000-0  00000-0 0 00000
2 86077 097.7100 139.3570 0000000 000.0000 234.2980 15.01920000000000
1 86077U          19301.98541667  .00000000  00000-0  00000-0 0 00000
2 86077 097.7100 139.6400 0000000 000.0000 343.0490 15.01920000000000
1 86077U          19302.38888889  .00000000  00000-0  00000-0 0 00000
2 86077 097.7090 140.0370 0000000 000.0000 001.7990 15.01920000000000
1 86077U          19302.62361111  .00000000  00000-0  00000-0 0 00000
2 86077 097.7090 140.2690 0000000 000.0000 189.2990 15.01920000000000
1 86077U          19303.01388889  .00000000  00000-0  00000-0 0 00000
2 86077 097.7080 140.6530 0000000 000.0000 136.8000 15.01920000000000
1 86077U          19303.31041667  .00000000  00000-0  00000-0 0 00000
2 86077 097.7080 140.9460 0000000 000.0000 298.0500 15.01920000000000
1 86077U          19303.70555556  .00000000  00000-0  00000-0 0 00000
2 86077 097.7070 141.3350 0000000 000.0000 271.8010 15.01920000000000
1 86077U          19304.07500000  .00000000  00000-0  00000-0 0 00000
2 86077 097.7070 141.6990 0000000 000.0000 106.8010 15.01920000000000
1 86077U          19304.28055556  .00000000  00000-0  00000-0 0 00000
2 86077 097.7060 141.9020 0000000 000.0000 136.8010 15.01920000000000
1 86077U          19304.59722222  .00000000  00000-0  00000-0 0 00000
2 86077 097.7060 142.2140 0000000 000.0000 046.8020 15.01920000000000
1 86077U          19305.06111111  .00000000  00000-0  00000-0 0 00000
2 86077 097.7050 142.6710 0000000 000.0000 031.8020 15.01920000000000
1 86077U          19305.35902778  .00000000  00000-0  00000-0 0 00000
2 86077 097.7050 142.9650 0000000 000.0000 200.5530 15.01920000000000
1 86077U          19305.65763889  .00000000  00000-0  00000-0 0 00000
2 86077 097.7040 143.2590 0000000 000.0000 013.0530 15.01920000000000
1 86077U          19306.02500000  .00000000  00000-0  00000-0 0 00000
2 86077 097.7040 143.6220 0000000 000.0000 196.8030 15.01920000000000
1 86077U          19306.30902778  .00000000  00000-0  00000-0 0 00000
2 86077 097.7030 143.9020 0000000 000.0000 290.5540 15.01920000000000
1 86077U          19306.72638889  .00000000  00000-0  00000-0 0 00000
2 86077 097.7030 144.3130 0000000 000.0000 024.3040 15.01920000000000
1 86077U          19307.00902778  .00000000  00000-0  00000-0 0 00000
2 86077 097.7020 144.5920 0000000 000.0000 110.5550 15.01920000000000
1 86077U          19307.26527778  .00000000  00000-0  00000-0 0 00000
2 86077 097.7020 144.8440 0000000 000.0000 054.3050 15.01920000000000
1 86077U          19307.74861111  .00000000  00000-0  00000-0 0 00000
2 86077 097.7010 145.3210 0000000 000.0000 144.3050 15.01920000000000
1 86077U          19307.97638889  .00000000  00000-0  00000-0 0 00000
2 86077 097.7010 145.5450 0000000 000.0000 294.3060 15.01920000000000
1 86077U          19308.39861111  .00000000  00000-0  00000-0 0 00000
2 86077 097.7000 145.9610 0000000 000.0000 054.3060 15.01920000000000
1 86077U          19308.73888889  .00000000  00000-0  00000-0 0 00000
2 86077 097.7000 146.2970 0000000 000.0000 091.8060 15.01920000000000
1 86077U          19308.99097222  .00000000  00000-0  00000-0 0 00000
2 86077 097.6990 146.5450 0000000 000.0000 013.0570 15.01920000000000
1 86077U          19309.28472222  .00000000  00000-0  00000-0 0 00000
2 86077 097.6990 146.8350 0000000 000.0000 159.3070 15.01920000000000
1 86077U          19309.72361111  .00000000  00000-0  00000-0 0 00000
2 86077 097.6980 147.2680 0000000 000.0000 009.3070 15.01920000000000
1 86077U          19309.98125000  .00000000  00000-0  00000-0 0 00000
2 86077 097.6980 147.5210 0000000 000.0000 320.5580 15.01920000000000
1 86077U          19310.25694444  .00000000  00000-0  00000-0 0 00000
2 86077 097.6970 147.7930 0000000 000.0000 009.3080 15.01920000000000
1 86077U          19310.64305556  .00000000  00000-0  00000-0 0 00000
2 86077 097.6970 148.1740 0000000 000.0000 294.3080 15.01920000000000
1 86077U          19311.03819444  .00000000  00000-0  00000-0 0 00000
2 86077 097.6960 148.5630 0000000 000.0000 268.0590 15.01920000000000
1 86077U          19311.35000000  .00000000  00000-0  00000-0 0 00000
2 86077 097.6960 148.8710 0000000 000.0000 151.8090 15.01920000000000
1 86077U          19311.67500000  .00000000  00000-0  00000-0 0 00000
2 86077 097.6950 149.1910 0000000 000.0000 106.8090 15.01920000000000
1 86077U          19311.89583333  .00000000  00000-0  00000-0 0 00000
2 86077 097.6950 149.4090 0000000 000.0000 219.3100 15.01914300000000
1 86077U          19312.19513889  .00000000  00000-0  00000-0 0 00000
2 86077 097.6940 149.7040 0000000 000.0000 035.5600 15.01914300000000
1 86077U          19312.51250000  .00000000  00000-0  00000-0 0 00000
2 86077 097.6940 150.0170 0000000 000.0000 309.3100 15.01914300000000
1 86077U          19312.91944444  .00000000  00000-0  00000-0 0 00000
2 86077 097.6930 150.4180 0000000 000.0000 346.8110 15.01914300000000
1 86077U          19313.20069444  .00000000  00000-0  00000-0 0 00000
2 86077 097.6930 150.6950 0000000 000.0000 065.5610 15.01914300000000
1 86077U          19313.49305556  .00000000  00000-0  00000-0 0 00000
2 86077 097.6920 150.9830 0000000 000.0000 204.3110 15.01914300000000
1 86077U          19313.83194444  .00000000  00000-0  00000-0 0 00000
2 86077 097.6910 151.3170 0000000 000.0000 234.3120 15.01914300000000
1 86077U          19314.21527778  .00000000  00000-0  00000-0 0 00000
2 86077 097.6910 151.6950 0000000 000.0000 144.3120 15.01914300000000
1 86077U          19314.63958333  .00000000  00000-0  00000-0 0 00000
2 86077 097.6900 152.1130 0000000 000.0000 275.5620 15.01914300000000
1 86077U          19314.89305556  .00000000  00000-0  00000-0 0 00000
2 86077 097.6900 152.3630 0000000 000.0000 204.3130 15.01914300000000
1 86077U          19315.27638889  .00000000  00000-0  00000-0 0 00000
2 86077 097.6890 152.7410 0000000 000.0000 114.3130 15.01914300000000
1 86077U          19315.58125000  .00000000  00000-0  00000-0 0 00000
2 86077 097.6890 153.0420 0000000 000.0000 320.5630 15.01914300000000
1 86077U          19315.81388889  .00000000  00000-0  00000-0 0 00000
2 86077 097.6880 153.2710 0000000 000.0000 136.8130 15.01914300000000
1 86077U          19316.27847222  .00000000  00000-0  00000-0 0 00000
2 86077 097.6870 153.7290 0000000 000.0000 125.5640 15.01914300000000
1 86077U          19316.59444444  .00000000  00000-0  00000-0 0 00000
2 86077 097.6870 154.0400 0000000 000.0000 031.8140 15.01914300000000
1 86077U          19316.88750000  .00000000  00000-0  00000-0 0 00000
2 86077 097.6860 154.3290 0000000 000.0000 174.3140 15.01914300000000
1 86077U          19317.14791667  .00000000  00000-0  00000-0 0 00000
2 86077 097.6860 154.5860 0000000 000.0000 140.5640 15.01914300000000
1 86077U          19317.58194444  .00000000  00000-0  00000-0 0 00000
2 86077 097.6850 155.0140 0000000 000.0000 324.3150 15.01914300000000
1 86077U          19317.87986111  .00000000  00000-0  00000-0 0 00000
2 86077 097.6850 155.3070 0000000 000.0000 133.0650 15.01914300000000
1 86077U          19318.23125000  .00000000  00000-0  00000-0 0 00000
2 86077 097.6840 155.6540 0000000 000.0000 230.5650 15.01914300000000
1 86077U          19318.62222222  .00000000  00000-0  00000-0 0 00000
2 86077 097.6830 156.0390 0000000 000.0000 181.8160 15.01914300000000
1 86077U          19318.85138889  .00000000  00000-0  00000-0 0 00000
2 86077 097.6830 156.2650 0000000 000.0000 339.3160 15.01914300000000
1 86077U          19318.93958333  .00000000  00000-0  00000-0 0 00000
2 86077 097.6830 156.3520 0000000 000.0000 095.5660 15.01914300000000
1 86077U          19319.26736111  .00000000  00000-0  00000-0 0 00000
2 86077 097.6820 156.6750 0000000 000.0000 065.5660 15.01914300000000
1 86077U          19319.60625000  .00000000  00000-0  00000-0 0 00000
2 86077 097.6820 157.0090 0000000 000.0000 095.5660 15.01914300000000
1 86077U          19319.92708333  .00000000  00000-0  00000-0 0 00000
2 86077 097.6810 157.3250 0000000 000.0000 028.0670 15.01914300000000
1 86077U          19320.25625000  .00000000  00000-0  00000-0 0 00000
2 86077 097.6810 157.6500 0000000 000.0000 005.5670 15.01914300000000
1 86077U          19320.48611111  .00000000  00000-0  00000-0 0 00000
2 86077 097.6800 157.8760 0000000 000.0000 166.8170 15.01914300000000
1 86077U          19320.94722222  .00000000  00000-0  00000-0 0 00000
2 86077 097.6790 158.3310 0000000 000.0000 136.8170 15.01914300000000
1 86077U          19321.14930556  .00000000  00000-0  00000-0 0 00000
2 86077 097.6790 158.5300 0000000 000.0000 148.0680 15.01914300000000
1 86077U          19321.49861111  .00000000  00000-0  00000-0 0 00000
2 86077 097.6790 158.8740 0000000 000.0000 234.3180 15.01914300000000
1 86077U          19321.91736111  .00000000  00000-0  00000-0 0 00000
2 86077 097.6780 159.2870 0000000 000.0000 335.5680 15.01914300000000
1 86077U          19322.16805556  .00000000  00000-0  00000-0 0 00000
2 86077 097.6770 159.5340 0000000 000.0000 249.3180 15.01914300000000
1 86077U          19322.63263889  .00000000  00000-0  00000-0 0 00000
2 86077 097.6770 159.9920 0000000 000.0000 238.0690 15.01914300000000
1 86077U          19322.83958333  .00000000  00000-0  00000-0 0 00000
2 86077 097.6760 160.1960 0000000 000.0000 275.5690 15.01914300000000
1 86077U          19323.24305556  .00000000  00000-0  00000-0 0 00000
2 86077 097.6750 160.5940 0000000 000.0000 294.3190 15.01914300000000
1 86077U          19323.58194444  .00000000  00000-0  00000-0 0 00000
2 86077 097.6750 160.9280 0000000 000.0000 324.3190 15.01914300000000
1 86077U          19323.84444444  .00000000  00000-0  00000-0 0 00000
2 86077 097.6740 161.1870 0000000 000.0000 301.8190 15.01914300000000
1 86077U          19324.20486111  .00000000  00000-0  00000-0 0 00000
2 86077 097.6740 161.5420 0000000 000.0000 088.0700 15.01914300000000
1 86077U          19324.58958333  .00000000  00000-0  00000-0 0 00000
2 86077 097.6730 161.9210 0000000 000.0000 005.5700 15.01914300000000
1 86077U          19324.97430556  .00000000  00000-0  00000-0 0 00000
2 86077 097.6720 162.3000 0000000 000.0000 283.0700 15.01914300000000
1 86077U          19325.24166667  .00000000  00000-0  00000-0 0 00000
2 86077 097.6720 162.5640 0000000 000.0000 286.8200 15.01914300000000
1 86077U          19325.57500000  .00000000  00000-0  00000-0 0 00000
2 86077 097.6710 162.8920 0000000 000.0000 286.8200 15.01914300000000
1 86077U          19325.89583333  .00000000  00000-0  00000-0 0 00000
2 86077 097.6710 163.2090 0000000 000.0000 219.3210 15.01914300000000
1 86077U          19325.89583333  .00000000  00000-0  00000-0 0 00000
2 86077 097.6710 163.2090 0000000 000.0000 219.3210 15.01914300000000
1 86077U          19326.29444444  .00000000  00000-0  00000-0 0 00000
2 86077 097.6700 163.6020 0000000 000.0000 211.8210 15.01914300000000
1 86077U          19326.54930556  .00000000  00000-0  00000-0 0 00000
2 86077 097.6700 163.8530 0000000 000.0000 148.0710 15.01914300000000
1 86077U          19326.83263889  .00000000  00000-0  00000-0 0 00000
2 86077 097.6690 164.1320 0000000 000.0000 238.0710 15.01914300000000
1 86077U          19327.23402778  .00000000  00000-0  00000-0 0 00000
2 86077 097.6680 164.5280 0000000 000.0000 245.5710 15.01914300000000
1 86077U          19327.48750000  .00000000  00000-0  00000-0 0 00000
2 86077 097.6680 164.7780 0000000 000.0000 174.3210 15.01914300000000
1 86077U          19327.81875000  .00000000  00000-0  00000-0 0 00000
2 86077 097.6670 165.1040 0000000 000.0000 163.0720 15.01914300000000
1 86077U          19328.30486111  .00000000  00000-0  00000-0 0 00000
2 86077 097.6660 165.5830 0000000 000.0000 268.0720 15.01914300000000
1 86077U          19328.58958333  .00000000  00000-0  00000-0 0 00000
2 86077 097.6660 165.8640 0000000 000.0000 005.5720 15.01914300000000
1 86077U          19328.83333333  .00000000  00000-0  00000-0 0 00000
2 86077 097.6660 166.1040 0000000 000.0000 241.8220 15.01914300000000
1 86077U          19329.14583333  .00000000  00000-0  00000-0 0 00000
2 86077 097.6650 166.4120 0000000 000.0000 129.3220 15.01914300000000
1 86077U          19329.56666667  .00000000  00000-0  00000-0 0 00000
2 86077 097.6640 166.8270 0000000 000.0000 241.8230 15.01914300000000
1 86077U          19329.96597222  .00000000  00000-0  00000-0 0 00000
2 86077 097.6630 167.2200 0000000 000.0000 238.0730 15.01914300000000
1 86077U          19330.23125000  .00000000  00000-0  00000-0 0 00000
2 86077 097.6630 167.4820 0000000 000.0000 230.5730 15.01914300000000
1 86077U          19330.48125000  .00000000  00000-0  00000-0 0 00000
2 86077 097.6630 167.7280 0000000 000.0000 140.5730 15.01914300000000
1 86077U          19330.85347222  .00000000  00000-0  00000-0 0 00000
2 86077 097.6620 168.0950 0000000 000.0000 350.5730 15.01914300000000
1 86077U          19331.16805556  .00000000  00000-0  00000-0 0 00000
2 86077 097.6610 168.4050 0000000 000.0000 249.3230 15.01914300000000
1 86077U          19331.57847222  .00000000  00000-0  00000-0 0 00000
2 86077 097.6610 168.8100 0000000 000.0000 305.5730 15.01914300000000
1 86077U          19331.94791667  .00000000  00000-0  00000-0 0 00000
2 86077 097.6600 169.1740 0000000 000.0000 140.5730 15.01914300000000
1 86077U          19332.23750000  .00000000  00000-0  00000-0 0 00000
2 86077 097.6590 169.4590 0000000 000.0000 264.3240 15.01914300000000
1 86077U          19332.57361111  .00000000  00000-0  00000-0 0 00000
2 86077 097.6590 169.7910 0000000 000.0000 279.3240 15.01914300000000
1 86077U          19332.89583333  .00000000  00000-0  00000-0 0 00000
2 86077 097.6580 170.1080 0000000 000.0000 219.3240 15.01914300000000
