1 86116U          19281.98680556  .00000000  00000-0  00000-0 0 00000
2 86116 097.6720 17.0470 0000000 000.0000 144.6460 15.01920000000000
1 86116U          19282.31458333  .00000000  00000-0  00000-0 0 00000
2 86116 097.6730 17.3700 0000000 000.0000 114.6460 15.01920000000000
1 86116U          19282.66180556  .00000000  00000-0  00000-0 0 00000
2 86116 097.6740 17.7120 0000000 000.0000 189.6460 15.01920000000000
1 86116U          19283.01875000  .00000000  00000-0  00000-0 0 00000
2 86116 097.6740 18.0640 0000000 000.0000 317.1470 15.01920000000000
1 86116U          19283.30972222  .00000000  00000-0  00000-0 0 00000
2 86116 097.6750 18.3510 0000000 000.0000 088.3970 15.01920000000000
1 86116U          19283.70277778  .00000000  00000-0  00000-0 0 00000
2 86116 097.6760 18.7380 0000000 000.0000 050.8970 15.01920000000000
1 86116U          19283.94652778  .00000000  00000-0  00000-0 0 00000
2 86116 097.6760 18.9780 0000000 000.0000 287.1470 15.01920000000000
1 86116U          19284.26111111  .00000000  00000-0  00000-0 0 00000
2 86116 097.6760 19.2880 0000000 000.0000 185.8970 15.01920000000000
1 86116U          19284.72708333  .00000000  00000-0  00000-0 0 00000
2 86116 097.6770 19.7480 0000000 000.0000 182.1480 15.01920000000000
1 86116U          19285.04236111  .00000000  00000-0  00000-0 0 00000
2 86116 097.6780 20.0580 0000000 000.0000 084.6480 15.01920000000000
1 86116U          19285.39583333  .00000000  00000-0  00000-0 0 00000
2 86116 097.6780 20.4070 0000000 000.0000 193.3980 15.01920000000000
1 86116U          19285.69652778  .00000000  00000-0  00000-0 0 00000
2 86116 097.6790 20.7030 0000000 000.0000 017.1480 15.01920000000000
1 86116U          19285.98055556  .00000000  00000-0  00000-0 0 00000
2 86116 097.6790 20.9830 0000000 000.0000 110.8990 15.01920000000000
1 86116U          19286.34930556  .00000000  00000-0  00000-0 0 00000
2 86116 097.6800 21.3470 0000000 000.0000 302.1490 15.01920000000000
1 86116U          19286.66736111  .00000000  00000-0  00000-0 0 00000
2 86116 097.6810 21.6600 0000000 000.0000 219.6490 15.01920000000000
1 86116U          19286.99236111  .00000000  00000-0  00000-0 0 00000
2 86116 097.6810 21.9810 0000000 000.0000 174.6490 15.01920000000000
1 86116U          19287.31388889  .00000000  00000-0  00000-0 0 00000
2 86116 097.6820 22.2970 0000000 000.0000 110.9000 15.01920000000000
1 86116U          19287.67013889  .00000000  00000-0  00000-0 0 00000
2 86116 097.6820 22.6490 0000000 000.0000 234.6500 15.01920000000000
1 86116U          19288.04861111  .00000000  00000-0  00000-0 0 00000
2 86116 097.6830 23.0220 0000000 000.0000 118.4000 15.01920000000000
1 86116U          19288.34583333  .00000000  00000-0  00000-0 0 00000
2 86116 097.6840 23.3150 0000000 000.0000 283.4000 15.01920000000000
1 86116U          19288.63958333  .00000000  00000-0  00000-0 0 00000
2 86116 097.6840 23.6040 0000000 000.0000 069.6510 15.01920000000000
1 86116U          19288.98611111  .00000000  00000-0  00000-0 0 00000
2 86116 097.6850 23.9460 0000000 000.0000 140.9010 15.01920000000000
1 86116U          19289.26805556  .00000000  00000-0  00000-0 0 00000
2 86116 097.6850 24.2240 0000000 000.0000 223.4010 15.01920000000000
1 86116U          19289.63541667  .00000000  00000-0  00000-0 0 00000
2 86116 097.6860 24.5860 0000000 000.0000 047.1510 15.01920000000000
1 86116U          19290.01111111  .00000000  00000-0  00000-0 0 00000
2 86116 097.6860 24.9560 0000000 000.0000 275.9020 15.01920000000000
1 86116U          19290.40902778  .00000000  00000-0  00000-0 0 00000
2 86116 097.6870 25.3480 0000000 000.0000 264.6520 15.01920000000000
1 86116U          19290.74166667  .00000000  00000-0  00000-0 0 00000
2 86116 097.6880 25.6760 0000000 000.0000 260.9020 15.01920000000000
1 86116U          19291.02152778  .00000000  00000-0  00000-0 0 00000
2 86116 097.6880 25.9520 0000000 000.0000 332.1530 15.01920000000000
1 86116U          19291.27916667  .00000000  00000-0  00000-0 0 00000
2 86116 097.6880 26.2060 0000000 000.0000 283.4030 15.01920000000000
1 86116U          19291.65555556  .00000000  00000-0  00000-0 0 00000
2 86116 097.6890 26.5770 0000000 000.0000 155.9030 15.01920000000000
1 86116U          19292.07222222  .00000000  00000-0  00000-0 0 00000
2 86116 097.6900 26.9880 0000000 000.0000 245.9040 15.01920000000000
1 86116U          19292.34305556  .00000000  00000-0  00000-0 0 00000
2 86116 097.6900 27.2550 0000000 000.0000 268.4040 15.01920000000000
1 86116U          19292.58680556  .00000000  00000-0  00000-0 0 00000
2 86116 097.6910 27.4950 0000000 000.0000 144.6540 15.01920000000000
1 86116U          19293.07777778  .00000000  00000-0  00000-0 0 00000
2 86116 097.6910 27.9790 0000000 000.0000 275.9040 15.01920000000000
1 86116U          19293.39513889  .00000000  00000-0  00000-0 0 00000
2 86116 097.6920 28.2920 0000000 000.0000 189.6550 15.01920000000000
1 86116U          19293.63750000  .00000000  00000-0  00000-0 0 00000
2 86116 097.6920 28.5310 0000000 000.0000 058.4050 15.01920000000000
1 86116U          19293.99444444  .00000000  00000-0  00000-0 0 00000
2 86116 097.6930 28.8830 0000000 000.0000 185.9050 15.01920000000000
1 86116U          19294.27222222  .00000000  00000-0  00000-0 0 00000
2 86116 097.6930 29.1560 0000000 000.0000 245.9060 15.01920000000000
1 86116U          19294.74375000  .00000000  00000-0  00000-0 0 00000
2 86116 097.6940 29.6210 0000000 000.0000 272.1560 15.01920000000000
1 86116U          19295.04375000  .00000000  00000-0  00000-0 0 00000
2 86116 097.6950 29.9170 0000000 000.0000 092.1560 15.01920000000000
1 86116U          19295.27152778  .00000000  00000-0  00000-0 0 00000
2 86116 097.6950 30.1410 0000000 000.0000 242.1570 15.01920000000000
1 86116U          19295.73263889  .00000000  00000-0  00000-0 0 00000
2 86116 097.6960 30.5960 0000000 000.0000 212.1570 15.01920000000000
1 86116U          19295.93680556  .00000000  00000-0  00000-0 0 00000
2 86116 097.6960 30.7970 0000000 000.0000 234.6570 15.01920000000000
1 86116U          19296.30763889  .00000000  00000-0  00000-0 0 00000
2 86116 097.6970 31.1630 0000000 000.0000 077.1580 15.01920000000000
1 86116U          19296.59444444  .00000000  00000-0  00000-0 0 00000
2 86116 097.6970 31.4450 0000000 000.0000 185.9080 15.01920000000000
1 86116U          19297.04166667  .00000000  00000-0  00000-0 0 00000
2 86116 097.6980 31.8860 0000000 000.0000 080.9080 15.01920000000000
1 86116U          19297.34305556  .00000000  00000-0  00000-0 0 00000
2 86116 097.6980 32.1830 0000000 000.0000 268.4090 15.01920000000000
1 86116U          19297.74166667  .00000000  00000-0  00000-0 0 00000
2 86116 097.6990 32.5760 0000000 000.0000 260.9090 15.01920000000000
1 86116U          19297.96111111  .00000000  00000-0  00000-0 0 00000
2 86116 097.6990 32.7930 0000000 000.0000 005.9090 15.01920000000000
1 86116U          19298.26250000  .00000000  00000-0  00000-0 0 00000
2 86116 097.7000 33.0900 0000000 000.0000 193.4100 15.01920000000000
1 86116U          19298.73333333  .00000000  00000-0  00000-0 0 00000
2 86116 097.7000 33.5540 0000000 000.0000 215.9100 15.01920000000000
1 86116U          19298.99861111  .00000000  00000-0  00000-0 0 00000
2 86116 097.7010 33.8150 0000000 000.0000 208.4100 15.01920000000000
1 86116U          19299.36805556  .00000000  00000-0  00000-0 0 00000
2 86116 097.7010 34.1800 0000000 000.0000 043.4110 15.01920000000000
1 86116U          19299.64097222  .00000000  00000-0  00000-0 0 00000
2 86116 097.7020 34.4490 0000000 000.0000 077.1610 15.01920000000000
1 86116U          19299.99166667  .00000000  00000-0  00000-0 0 00000
2 86116 097.7020 34.7940 0000000 000.0000 170.9120 15.01920000000000
1 86116U          19300.34513889  .00000000  00000-0  00000-0 0 00000
2 86116 097.7030 35.1430 0000000 000.0000 279.6620 15.01920000000000
1 86116U          19300.70069444  .00000000  00000-0  00000-0 0 00000
2 86116 097.7030 35.4930 0000000 000.0000 039.6620 15.01920000000000
1 86116U          19301.03125000  .00000000  00000-0  00000-0 0 00000
2 86116 097.7040 35.8190 0000000 000.0000 024.6630 15.01920000000000
1 86116U          19301.27638889  .00000000  00000-0  00000-0 0 00000
2 86116 097.7040 36.0610 0000000 000.0000 268.4130 15.01920000000000
1 86116U          19301.71458333  .00000000  00000-0  00000-0 0 00000
2 86116 097.7050 36.4930 0000000 000.0000 114.6630 15.01920000000000
1 86116U          19302.00902778  .00000000  00000-0  00000-0 0 00000
2 86116 097.7050 36.7830 0000000 000.0000 264.6640 15.01920000000000
1 86116U          19302.26180556  .00000000  00000-0  00000-0 0 00000
2 86116 097.7060 37.0320 0000000 000.0000 189.6640 15.01920000000000
1 86116U          19302.60069444  .00000000  00000-0  00000-0 0 00000
2 86116 097.7060 37.3660 0000000 000.0000 219.6650 15.01920000000000
1 86116U          19302.96250000  .00000000  00000-0  00000-0 0 00000
2 86116 097.7070 37.7230 0000000 000.0000 013.4150 15.01920000000000
1 86116U          19303.37569444  .00000000  00000-0  00000-0 0 00000
2 86116 097.7070 38.1300 0000000 000.0000 084.6650 15.01920000000000
1 86116U          19303.66388889  .00000000  00000-0  00000-0 0 00000
2 86116 097.7080 38.4140 0000000 000.0000 200.9160 15.01920000000000
1 86116U          19304.00347222  .00000000  00000-0  00000-0 0 00000
2 86116 097.7080 38.7490 0000000 000.0000 234.6660 15.01920000000000
1 86116U          19304.31944444  .00000000  00000-0  00000-0 0 00000
2 86116 097.7090 39.0600 0000000 000.0000 140.9170 15.01920000000000
1 86116U          19304.69722222  .00000000  00000-0  00000-0 0 00000
2 86116 097.7090 39.4330 0000000 000.0000 020.9170 15.01920000000000
1 86116U          19305.00694444  .00000000  00000-0  00000-0 0 00000
2 86116 097.7100 39.7380 0000000 000.0000 253.4170 15.01920000000000
1 86116U          19305.26597222  .00000000  00000-0  00000-0 0 00000
2 86116 097.7100 39.9930 0000000 000.0000 212.1680 15.01920000000000
1 86116U          19305.72222222  .00000000  00000-0  00000-0 0 00000
2 86116 097.7110 40.4430 0000000 000.0000 155.9180 15.01920000000000
1 86116U          19305.94722222  .00000000  00000-0  00000-0 0 00000
2 86116 097.7110 40.6650 0000000 000.0000 290.9190 15.01920000000000
1 86116U          19306.32013889  .00000000  00000-0  00000-0 0 00000
2 86116 097.7120 41.0330 0000000 000.0000 144.6690 15.01920000000000
1 86116U          19306.68472222  .00000000  00000-0  00000-0 0 00000
2 86116 097.7120 41.3920 0000000 000.0000 313.4200 15.01920000000000
1 86116U          19307.03750000  .00000000  00000-0  00000-0 0 00000
2 86116 097.7130 41.7400 0000000 000.0000 058.4200 15.01920000000000
1 86116U          19307.41041667  .00000000  00000-0  00000-0 0 00000
2 86116 097.7130 42.1070 0000000 000.0000 272.1710 15.01920000000000
1 86116U          19307.60000000  .00000000  00000-0  00000-0 0 00000
2 86116 097.7130 42.2940 0000000 000.0000 215.9210 15.01920000000000
1 86116U          19307.92083333  .00000000  00000-0  00000-0 0 00000
2 86116 097.7140 42.6110 0000000 000.0000 148.4210 15.01920000000000
1 86116U          19308.36666667  .00000000  00000-0  00000-0 0 00000
2 86116 097.7140 43.0500 0000000 000.0000 035.9220 15.01920000000000
1 86116U          19308.65833333  .00000000  00000-0  00000-0 0 00000
2 86116 097.7150 43.3380 0000000 000.0000 170.9220 15.01920000000000
1 86116U          19309.02430556  .00000000  00000-0  00000-0 0 00000
2 86116 097.7150 43.6980 0000000 000.0000 347.1730 15.01920000000000
1 86116U          19309.36041667  .00000000  00000-0  00000-0 0 00000
2 86116 097.7160 44.0300 0000000 000.0000 002.1730 15.01920000000000
1 86116U          19309.66319444  .00000000  00000-0  00000-0 0 00000
2 86116 097.7160 44.3280 0000000 000.0000 197.1740 15.01920000000000
1 86116U          19309.95555556  .00000000  00000-0  00000-0 0 00000
2 86116 097.7170 44.6160 0000000 000.0000 335.9240 15.01920000000000
1 86116U          19310.32222222  .00000000  00000-0  00000-0 0 00000
2 86116 097.7170 44.9780 0000000 000.0000 155.9240 15.01920000000000
1 86116U          19310.69375000  .00000000  00000-0  00000-0 0 00000
2 86116 097.7180 45.3440 0000000 000.0000 002.1750 15.01920000000000
1 86116U          19310.94930556  .00000000  00000-0  00000-0 0 00000
2 86116 097.7180 45.5960 0000000 000.0000 302.1750 15.01920000000000
1 86116U          19311.30347222  .00000000  00000-0  00000-0 0 00000
2 86116 097.7180 45.9450 0000000 000.0000 054.6760 15.01920000000000
1 86116U          19311.65486111  .00000000  00000-0  00000-0 0 00000
2 86116 097.7190 46.2920 0000000 000.0000 152.1760 15.01920000000000
1 86116U          19311.93958333  .00000000  00000-0  00000-0 0 00000
2 86116 097.7190 46.5720 0000000 000.0000 249.6770 15.01914300000000
1 86116U          19312.24791667  .00000000  00000-0  00000-0 0 00000
2 86116 097.7200 46.8760 0000000 000.0000 114.6770 15.01914300000000
1 86116U          19312.53680556  .00000000  00000-0  00000-0 0 00000
2 86116 097.7200 47.1610 0000000 000.0000 234.6780 15.01914300000000
1 86116U          19312.91041667  .00000000  00000-0  00000-0 0 00000
2 86116 097.7200 47.5290 0000000 000.0000 092.1780 15.01914300000000
1 86116U          19313.21527778  .00000000  00000-0  00000-0 0 00000
2 86116 097.7210 47.8300 0000000 000.0000 298.4280 15.01914300000000
1 86116U          19313.60347222  .00000000  00000-0  00000-0 0 00000
2 86116 097.7210 48.2120 0000000 000.0000 234.6790 15.01914300000000
1 86116U          19313.86805556  .00000000  00000-0  00000-0 0 00000
2 86116 097.7220 48.4730 0000000 000.0000 223.4290 15.01914300000000
1 86116U          19314.16736111  .00000000  00000-0  00000-0 0 00000
2 86116 097.7220 48.7680 0000000 000.0000 039.6800 15.01914300000000
1 86116U          19314.55000000  .00000000  00000-0  00000-0 0 00000
2 86116 097.7220 49.1460 0000000 000.0000 305.9300 15.01914300000000
1 86116U          19314.83263889  .00000000  00000-0  00000-0 0 00000
2 86116 097.7230 49.4240 0000000 000.0000 032.1810 15.01914300000000
1 86116U          19315.15486111  .00000000  00000-0  00000-0 0 00000
2 86116 097.7230 49.7420 0000000 000.0000 332.1810 15.01914300000000
1 86116U          19315.63125000  .00000000  00000-0  00000-0 0 00000
2 86116 097.7240 50.2110 0000000 000.0000 024.6820 15.01914300000000
1 86116U          19315.96041667  .00000000  00000-0  00000-0 0 00000
2 86116 097.7240 50.5360 0000000 000.0000 002.1830 15.01914300000000
1 86116U          19316.19444444  .00000000  00000-0  00000-0 0 00000
2 86116 097.7240 50.7670 0000000 000.0000 185.9330 15.01914300000000
1 86116U          19316.59375000  .00000000  00000-0  00000-0 0 00000
2 86116 097.7250 51.1600 0000000 000.0000 182.1830 15.01914300000000
1 86116U          19316.88055556  .00000000  00000-0  00000-0 0 00000
2 86116 097.7250 51.4430 0000000 000.0000 290.9340 15.01914300000000
1 86116U          19317.26875000  .00000000  00000-0  00000-0 0 00000
2 86116 097.7260 51.8260 0000000 000.0000 227.1840 15.01914300000000
1 86116U          19317.63750000  .00000000  00000-0  00000-0 0 00000
2 86116 097.7260 52.1890 0000000 000.0000 058.4350 15.01914300000000
1 86116U          19317.92083333  .00000000  00000-0  00000-0 0 00000
2 86116 097.7260 52.4690 0000000 000.0000 148.4350 15.01914300000000
1 86116U          19318.26319444  .00000000  00000-0  00000-0 0 00000
2 86116 097.7270 52.8060 0000000 000.0000 197.1860 15.01914300000000
1 86116U          19318.48402778  .00000000  00000-0  00000-0 0 00000
2 86116 097.7270 53.0240 0000000 000.0000 309.6860 15.01914300000000
1 86116U          19318.89583333  .00000000  00000-0  00000-0 0 00000
2 86116 097.7270 53.4300 0000000 000.0000 013.4370 15.01914300000000
1 86116U          19318.97013889  .00000000  00000-0  00000-0 0 00000
2 86116 097.7270 53.5030 0000000 000.0000 054.6870 15.01914300000000
1 86116U          19319.22986111  .00000000  00000-0  00000-0 0 00000
2 86116 097.7280 53.7590 0000000 000.0000 017.1880 15.01914300000000
1 86116U          19319.61180556  .00000000  00000-0  00000-0 0 00000
2 86116 097.7280 54.1350 0000000 000.0000 279.6880 15.01914300000000
1 86116U          19319.90625000  .00000000  00000-0  00000-0 0 00000
2 86116 097.7280 54.4260 0000000 000.0000 069.6890 15.01914300000000
1 86116U          19320.16180556  .00000000  00000-0  00000-0 0 00000
2 86116 097.7290 54.6780 0000000 000.0000 009.6890 15.01914300000000
1 86116U          19320.52430556  .00000000  00000-0  00000-0 0 00000
2 86116 097.7290 55.0350 0000000 000.0000 167.1900 15.01914300000000
1 86116U          19320.91666667  .00000000  00000-0  00000-0 0 00000
2 86116 097.7300 55.4220 0000000 000.0000 125.9400 15.01914300000000
1 86116U          19321.30486111  .00000000  00000-0  00000-0 0 00000
2 86116 097.7300 55.8050 0000000 000.0000 062.1910 15.01914300000000
1 86116U          19321.51527778  .00000000  00000-0  00000-0 0 00000
2 86116 097.7300 56.0120 0000000 000.0000 118.4410 15.01914300000000
1 86116U          19321.85694444  .00000000  00000-0  00000-0 0 00000
2 86116 097.7310 56.3490 0000000 000.0000 163.4420 15.01914300000000
1 86116U          19322.19583333  .00000000  00000-0  00000-0 0 00000
2 86116 097.7310 56.6830 0000000 000.0000 193.4420 15.01914300000000
1 86116U          19322.57777778  .00000000  00000-0  00000-0 0 00000
2 86116 097.7310 57.0590 0000000 000.0000 095.9430 15.01914300000000
1 86116U          19322.89097222  .00000000  00000-0  00000-0 0 00000
2 86116 097.7320 57.3680 0000000 000.0000 347.1930 15.01914300000000
1 86116U          19323.25069444  .00000000  00000-0  00000-0 0 00000
2 86116 097.7320 57.7230 0000000 000.0000 129.6940 15.01914300000000
1 86116U          19323.54166667  .00000000  00000-0  00000-0 0 00000
2 86116 097.7320 58.0100 0000000 000.0000 260.9440 15.01914300000000
1 86116U          19323.86597222  .00000000  00000-0  00000-0 0 00000
2 86116 097.7330 58.3290 0000000 000.0000 212.1950 15.01914300000000
1 86116U          19324.23402778  .00000000  00000-0  00000-0 0 00000
2 86116 097.7330 58.6920 0000000 000.0000 039.6960 15.01914300000000
1 86116U          19324.50347222  .00000000  00000-0  00000-0 0 00000
2 86116 097.7330 58.9580 0000000 000.0000 054.6960 15.01914300000000
1 86116U          19324.91944444  .00000000  00000-0  00000-0 0 00000
2 86116 097.7340 59.3680 0000000 000.0000 140.9470 15.01914300000000
1 86116U          19325.27013889  .00000000  00000-0  00000-0 0 00000
2 86116 097.7340 59.7140 0000000 000.0000 234.6970 15.01914300000000
1 86116U          19325.57916667  .00000000  00000-0  00000-0 0 00000
2 86116 097.7340 60.0180 0000000 000.0000 103.4480 15.01914300000000
1 86116U          19325.85833333  .00000000  00000-0  00000-0 0 00000
2 86116 097.7340 60.2930 0000000 000.0000 170.9480 15.01914300000000
1 86116U          19325.89583333  .00000000  00000-0  00000-0 0 00000
2 86116 097.7340 60.3300 0000000 000.0000 013.4480 15.01914300000000
1 86116U          19326.19722222  .00000000  00000-0  00000-0 0 00000
2 86116 097.7350 60.6280 0000000 000.0000 200.9490 15.01914300000000
1 86116U          19326.61180556  .00000000  00000-0  00000-0 0 00000
2 86116 097.7350 61.0360 0000000 000.0000 279.7000 15.01914300000000
1 86116U          19326.96180556  .00000000  00000-0  00000-0 0 00000
2 86116 097.7350 61.3810 0000000 000.0000 009.7000 15.01914300000000
1 86116U          19327.27430556  .00000000  00000-0  00000-0 0 00000
2 86116 097.7360 61.6890 0000000 000.0000 257.2010 15.01914300000000
1 86116U          19327.51805556  .00000000  00000-0  00000-0 0 00000
2 86116 097.7360 61.9300 0000000 000.0000 133.4510 15.01914300000000
1 86116U          19327.87361111  .00000000  00000-0  00000-0 0 00000
2 86116 097.7360 62.2800 0000000 000.0000 253.4520 15.01914300000000
1 86116U          19328.31180556  .00000000  00000-0  00000-0 0 00000
2 86116 097.7370 62.7120 0000000 000.0000 099.7020 15.01914300000000
1 86116U          19328.50902778  .00000000  00000-0  00000-0 0 00000
2 86116 097.7370 62.9070 0000000 000.0000 084.7030 15.01914300000000
1 86116U          19328.87013889  .00000000  00000-0  00000-0 0 00000
2 86116 097.7370 63.2630 0000000 000.0000 234.7030 15.01914300000000
1 86116U          19329.30138889  .00000000  00000-0  00000-0 0 00000
2 86116 097.7370 63.6880 0000000 000.0000 043.4540 15.01914300000000
1 86116U          19329.48888889  .00000000  00000-0  00000-0 0 00000
2 86116 097.7380 63.8730 0000000 000.0000 335.9540 15.01914300000000
1 86116U          19329.90277778  .00000000  00000-0  00000-0 0 00000
2 86116 097.7380 64.2810 0000000 000.0000 050.9550 15.01914300000000
1 86116U          19330.16180556  .00000000  00000-0  00000-0 0 00000
2 86116 097.7380 64.5360 0000000 000.0000 009.7060 15.01914300000000
1 86116U          19330.50416667  .00000000  00000-0  00000-0 0 00000
2 86116 097.7380 64.8730 0000000 000.0000 058.4560 15.01914300000000
1 86116U          19330.82152778  .00000000  00000-0  00000-0 0 00000
2 86116 097.7390 65.1860 0000000 000.0000 332.2070 15.01914300000000
1 86116U          19331.20833333  .00000000  00000-0  00000-0 0 00000
2 86116 097.7390 65.5680 0000000 000.0000 260.9570 15.01914300000000
1 86116U          19331.63194444  .00000000  00000-0  00000-0 0 00000
2 86116 097.7390 65.9850 0000000 000.0000 028.4580 15.01914300000000
1 86116U          19331.85555556  .00000000  00000-0  00000-0 0 00000
2 86116 097.7390 66.2060 0000000 000.0000 155.9590 15.01914300000000
1 86116U          19332.27152778  .00000000  00000-0  00000-0 0 00000
2 86116 097.7400 66.6160 0000000 000.0000 242.2090 15.01914300000000
1 86116U          19332.62569444  .00000000  00000-0  00000-0 0 00000
2 86116 097.7400 66.9650 0000000 000.0000 354.7100 15.01914300000000
1 86116U          19332.82986111  .00000000  00000-0  00000-0 0 00000
2 86116 097.7400 67.1660 0000000 000.0000 017.2100 15.01914300000000
