1 86892U          19282.01875000  .00000000  00000-0  00000-0 0 00000
2 86892 097.6560 171.392  0000000 000.0000 337.9290 15.01920000000000
1 86892U          19282.32013889  .00000000  00000-0  00000-0 0 00000
2 86892 097.6550 171.689  0000000 000.0000 165.4290 15.01920000000000
1 86892U          19282.74305556  .00000000  00000-0  00000-0 0 00000
2 86892 097.6540 172.106  0000000 000.0000 289.1800 15.01920000000000
1 86892U          19283.06388889  .00000000  00000-0  00000-0 0 00000
2 86892 097.6540 172.422  0000000 000.0000 221.6800 15.01920000000000
1 86892U          19283.29097222  .00000000  00000-0  00000-0 0 00000
2 86892 097.6530 172.646  0000000 000.0000 007.9300 15.01920000000000
1 86892U          19283.59791667  .00000000  00000-0  00000-0 0 00000
2 86892 097.6530 172.948  0000000 000.0000 225.4300 15.01920000000000
1 86892U          19283.95625000  .00000000  00000-0  00000-0 0 00000
2 86892 097.6520 173.302  0000000 000.0000 000.4300 15.01920000000000
1 86892U          19284.30972222  .00000000  00000-0  00000-0 0 00000
2 86892 097.6510 173.650  0000000 000.0000 109.1800 15.01920000000000
1 86892U          19284.66111111  .00000000  00000-0  00000-0 0 00000
2 86892 097.6510 173.996  0000000 000.0000 206.6800 15.01920000000000
1 86892U          19284.99375000  .00000000  00000-0  00000-0 0 00000
2 86892 097.6500 174.324  0000000 000.0000 202.9300 15.01920000000000
1 86892U          19285.28125000  .00000000  00000-0  00000-0 0 00000
2 86892 097.6500 174.608  0000000 000.0000 315.4300 15.01920000000000
1 86892U          19285.63263889  .00000000  00000-0  00000-0 0 00000
2 86892 097.6490 174.954  0000000 000.0000 052.9300 15.01920000000000
1 86892U          19286.02013889  .00000000  00000-0  00000-0 0 00000
2 86892 097.6480 175.336  0000000 000.0000 345.4300 15.01920000000000
1 86892U          19286.40277778  .00000000  00000-0  00000-0 0 00000
2 86892 097.6480 175.713  0000000 000.0000 251.6800 15.01920000000000
1 86892U          19286.66180556  .00000000  00000-0  00000-0 0 00000
2 86892 097.6470 175.968  0000000 000.0000 210.4300 15.01920000000000
1 86892U          19287.05625000  .00000000  00000-0  00000-0 0 00000
2 86892 097.6460 176.357  0000000 000.0000 180.4310 15.01920000000000
1 86892U          19287.35277778  .00000000  00000-0  00000-0 0 00000
2 86892 097.6460 176.649  0000000 000.0000 341.6810 15.01920000000000
1 86892U          19287.64513889  .00000000  00000-0  00000-0 0 00000
2 86892 097.6450 176.938  0000000 000.0000 120.4310 15.01920000000000
1 86892U          19288.05347222  .00000000  00000-0  00000-0 0 00000
2 86892 097.6450 177.340  0000000 000.0000 165.4310 15.01920000000000
1 86892U          19288.32430556  .00000000  00000-0  00000-0 0 00000
2 86892 097.6440 177.607  0000000 000.0000 187.9310 15.01920000000000
1 86892U          19288.61250000  .00000000  00000-0  00000-0 0 00000
2 86892 097.6440 177.891  0000000 000.0000 304.1810 15.01920000000000
1 86892U          19288.92986111  .00000000  00000-0  00000-0 0 00000
2 86892 097.6430 178.204  0000000 000.0000 217.9310 15.01920000000000
1 86892U          19289.27569444  .00000000  00000-0  00000-0 0 00000
2 86892 097.6420 178.545  0000000 000.0000 285.4310 15.01920000000000
1 86892U          19289.65694444  .00000000  00000-0  00000-0 0 00000
2 86892 097.6420 178.920  0000000 000.0000 184.1810 15.01920000000000
1 86892U          19289.96805556  .00000000  00000-0  00000-0 0 00000
2 86892 097.6410 179.227  0000000 000.0000 064.1810 15.01920000000000
1 86892U          19290.41319444  .00000000  00000-0  00000-0 0 00000
2 86892 097.6400 179.666  0000000 000.0000 307.9310 15.01920000000000
1 86892U          19290.67291667  .00000000  00000-0  00000-0 0 00000
2 86892 097.6400 179.922  0000000 000.0000 270.4310 15.01920000000000
1 86892U          19290.95694444  .00000000  00000-0  00000-0 0 00000
2 86892 097.6390 180.202  0000000 000.0000 004.1810 15.01920000000000
1 86892U          19291.25625000  .00000000  00000-0  00000-0 0 00000
2 86892 097.6390 180.497  0000000 000.0000 180.4310 15.01920000000000
1 86892U          19291.66041667  .00000000  00000-0  00000-0 0 00000
2 86892 097.6380 180.895  0000000 000.0000 202.9310 15.01920000000000
1 86892U          19292.07013889  .00000000  00000-0  00000-0 0 00000
2 86892 097.6370 181.299  0000000 000.0000 255.4310 15.01920000000000
1 86892U          19292.28680556  .00000000  00000-0  00000-0 0 00000
2 86892 097.6370 181.512  0000000 000.0000 345.4310 15.01920000000000
1 86892U          19292.64375000  .00000000  00000-0  00000-0 0 00000
2 86892 097.6360 181.864  0000000 000.0000 112.9310 15.01920000000000
1 86892U          19292.97291667  .00000000  00000-0  00000-0 0 00000
2 86892 097.6350 182.189  0000000 000.0000 090.4310 15.01920000000000
1 86892U          19293.41180556  .00000000  00000-0  00000-0 0 00000
2 86892 097.6350 182.621  0000000 000.0000 300.4310 15.01920000000000
1 86892U          19293.70208333  .00000000  00000-0  00000-0 0 00000
2 86892 097.6340 182.907  0000000 000.0000 067.9310 15.01920000000000
1 86892U          19294.01875000  .00000000  00000-0  00000-0 0 00000
2 86892 097.6330 183.219  0000000 000.0000 337.9310 15.01920000000000
1 86892U          19294.33819444  .00000000  00000-0  00000-0 0 00000
2 86892 097.6330 183.534  0000000 000.0000 262.9310 15.01920000000000
1 86892U          19294.64930556  .00000000  00000-0  00000-0 0 00000
2 86892 097.6320 183.841  0000000 000.0000 142.9310 15.01920000000000
1 86892U          19294.93750000  .00000000  00000-0  00000-0 0 00000
2 86892 097.6320 184.125  0000000 000.0000 259.1810 15.01920000000000
1 86892U          19295.31111111  .00000000  00000-0  00000-0 0 00000
2 86892 097.6310 184.493  0000000 000.0000 116.6810 15.01920000000000
1 86892U          19295.74444444  .00000000  00000-0  00000-0 0 00000
2 86892 097.6300 184.920  0000000 000.0000 296.6810 15.01920000000000
1 86892U          19295.95694444  .00000000  00000-0  00000-0 0 00000
2 86892 097.6300 185.130  0000000 000.0000 004.1810 15.01920000000000
1 86892U          19296.27569444  .00000000  00000-0  00000-0 0 00000
2 86892 097.6290 185.444  0000000 000.0000 285.4310 15.01920000000000
1 86892U          19296.67430556  .00000000  00000-0  00000-0 0 00000
2 86892 097.6290 185.837  0000000 000.0000 277.9300 15.01920000000000
1 86892U          19297.07777778  .00000000  00000-0  00000-0 0 00000
2 86892 097.6280 186.234  0000000 000.0000 296.6800 15.01920000000000
1 86892U          19297.37361111  .00000000  00000-0  00000-0 0 00000
2 86892 097.6270 186.526  0000000 000.0000 094.1800 15.01920000000000
1 86892U          19297.71597222  .00000000  00000-0  00000-0 0 00000
2 86892 097.6270 186.863  0000000 000.0000 142.9300 15.01920000000000
1 86892U          19297.92916667  .00000000  00000-0  00000-0 0 00000
2 86892 097.6260 187.073  0000000 000.0000 214.1800 15.01920000000000
1 86892U          19298.35555556  .00000000  00000-0  00000-0 0 00000
2 86892 097.6250 187.494  0000000 000.0000 356.6800 15.01920000000000
1 86892U          19298.73125000  .00000000  00000-0  00000-0 0 00000
2 86892 097.6250 187.864  0000000 000.0000 225.4300 15.01920000000000
1 86892U          19299.04791667  .00000000  00000-0  00000-0 0 00000
2 86892 097.6240 188.176  0000000 000.0000 135.4300 15.01920000000000
1 86892U          19299.28402778  .00000000  00000-0  00000-0 0 00000
2 86892 097.6240 188.409  0000000 000.0000 330.4300 15.01920000000000
1 86892U          19299.73819444  .00000000  00000-0  00000-0 0 00000
2 86892 097.6230 188.856  0000000 000.0000 262.9300 15.01920000000000
1 86892U          19299.99513889  .00000000  00000-0  00000-0 0 00000
2 86892 097.6220 189.110  0000000 000.0000 210.4300 15.01920000000000
1 86892U          19300.40763889  .00000000  00000-0  00000-0 0 00000
2 86892 097.6220 189.516  0000000 000.0000 277.9300 15.01920000000000
1 86892U          19300.64722222  .00000000  00000-0  00000-0 0 00000
2 86892 097.6210 189.752  0000000 000.0000 131.6800 15.01920000000000
1 86892U          19301.02916667  .00000000  00000-0  00000-0 0 00000
2 86892 097.6210 190.129  0000000 000.0000 034.1790 15.01920000000000
1 86892U          19301.26805556  .00000000  00000-0  00000-0 0 00000
2 86892 097.6200 190.364  0000000 000.0000 244.1790 15.01920000000000
1 86892U          19301.69583333  .00000000  00000-0  00000-0 0 00000
2 86892 097.6190 190.786  0000000 000.0000 034.1790 15.01920000000000
1 86892U          19302.01736111  .00000000  00000-0  00000-0 0 00000
2 86892 097.6190 191.103  0000000 000.0000 330.4290 15.01920000000000
1 86892U          19302.31458333  .00000000  00000-0  00000-0 0 00000
2 86892 097.6180 191.396  0000000 000.0000 135.4290 15.01920000000000
1 86892U          19302.64097222  .00000000  00000-0  00000-0 0 00000
2 86892 097.6180 191.717  0000000 000.0000 097.9290 15.01920000000000
1 86892U          19302.96666667  .00000000  00000-0  00000-0 0 00000
2 86892 097.6170 192.038  0000000 000.0000 056.6790 15.01920000000000
1 86892U          19303.27916667  .00000000  00000-0  00000-0 0 00000
2 86892 097.6160 192.346  0000000 000.0000 304.1790 15.01920000000000
1 86892U          19303.64305556  .00000000  00000-0  00000-0 0 00000
2 86892 097.6160 192.705  0000000 000.0000 109.1790 15.01920000000000
1 86892U          19304.07291667  .00000000  00000-0  00000-0 0 00000
2 86892 097.6150 193.128  0000000 000.0000 270.4280 15.01920000000000
1 86892U          19304.32152778  .00000000  00000-0  00000-0 0 00000
2 86892 097.6150 193.374  0000000 000.0000 172.9280 15.01920000000000
1 86892U          19304.68958333  .00000000  00000-0  00000-0 0 00000
2 86892 097.6140 193.736  0000000 000.0000 000.4280 15.01920000000000
1 86892U          19305.04305556  .00000000  00000-0  00000-0 0 00000
2 86892 097.6130 194.085  0000000 000.0000 109.1780 15.01920000000000
1 86892U          19305.27777778  .00000000  00000-0  00000-0 0 00000
2 86892 097.6130 194.316  0000000 000.0000 296.6780 15.01920000000000
1 86892U          19305.66944444  .00000000  00000-0  00000-0 0 00000
2 86892 097.6120 194.702  0000000 000.0000 251.6780 15.01920000000000
1 86892U          19305.94583333  .00000000  00000-0  00000-0 0 00000
2 86892 097.6120 194.974  0000000 000.0000 304.1780 15.01920000000000
1 86892U          19306.40555556  .00000000  00000-0  00000-0 0 00000
2 86892 097.6110 195.427  0000000 000.0000 266.6770 15.01920000000000
1 86892U          19306.70555556  .00000000  00000-0  00000-0 0 00000
2 86892 097.6100 195.723  0000000 000.0000 086.6770 15.01920000000000
1 86892U          19307.01458333  .00000000  00000-0  00000-0 0 00000
2 86892 097.6100 196.028  0000000 000.0000 315.4270 15.01920000000000
1 86892U          19307.40069444  .00000000  00000-0  00000-0 0 00000
2 86892 097.6090 196.408  0000000 000.0000 240.4270 15.01920000000000
1 86892U          19307.72847222  .00000000  00000-0  00000-0 0 00000
2 86892 097.6080 196.731  0000000 000.0000 210.4270 15.01920000000000
1 86892U          19308.07152778  .00000000  00000-0  00000-0 0 00000
2 86892 097.6080 197.069  0000000 000.0000 262.9270 15.01920000000000
1 86892U          19308.26388889  .00000000  00000-0  00000-0 0 00000
2 86892 097.6070 197.259  0000000 000.0000 221.6760 15.01920000000000
1 86892U          19308.65972222  .00000000  00000-0  00000-0 0 00000
2 86892 097.6070 197.649  0000000 000.0000 199.1760 15.01920000000000
1 86892U          19309.00902778  .00000000  00000-0  00000-0 0 00000
2 86892 097.6060 197.993  0000000 000.0000 285.4260 15.01920000000000
1 86892U          19309.40000000  .00000000  00000-0  00000-0 0 00000
2 86892 097.6050 198.379  0000000 000.0000 236.6760 15.01920000000000
1 86892U          19309.71666667  .00000000  00000-0  00000-0 0 00000
2 86892 097.6050 198.691  0000000 000.0000 146.6760 15.01920000000000
1 86892U          19309.97777778  .00000000  00000-0  00000-0 0 00000
2 86892 097.6040 198.948  0000000 000.0000 116.6750 15.01920000000000
1 86892U          19310.26041667  .00000000  00000-0  00000-0 0 00000
2 86892 097.6040 199.227  0000000 000.0000 202.9250 15.01920000000000
1 86892U          19310.73541667  .00000000  00000-0  00000-0 0 00000
2 86892 097.6030 199.695  0000000 000.0000 247.9250 15.01920000000000
1 86892U          19310.96111111  .00000000  00000-0  00000-0 0 00000
2 86892 097.6030 199.917  0000000 000.0000 026.6750 15.01920000000000
1 86892U          19311.33194444  .00000000  00000-0  00000-0 0 00000
2 86892 097.6020 200.283  0000000 000.0000 229.1750 15.01920000000000
1 86892U          19311.59583333  .00000000  00000-0  00000-0 0 00000
2 86892 097.6020 200.543  0000000 000.0000 214.1750 15.01920000000000
1 86892U          19311.89583333  .00000000  00000-0  00000-0 0 00000
2 86892 097.6010 200.838  0000000 000.0000 034.1740 15.01914300000000
1 86892U          19312.18680556  .00000000  00000-0  00000-0 0 00000
2 86892 097.6010 201.125  0000000 000.0000 165.4240 15.01914300000000
1 86892U          19312.61944444  .00000000  00000-0  00000-0 0 00000
2 86892 097.6000 201.551  0000000 000.0000 341.6740 15.01914300000000
1 86892U          19312.88055556  .00000000  00000-0  00000-0 0 00000
2 86892 097.5990 201.809  0000000 000.0000 311.6740 15.01914300000000
1 86892U          19313.16944444  .00000000  00000-0  00000-0 0 00000
2 86892 097.5990 202.093  0000000 000.0000 071.6730 15.01914300000000
1 86892U          19313.58750000  .00000000  00000-0  00000-0 0 00000
2 86892 097.5980 202.505  0000000 000.0000 169.1730 15.01914300000000
1 86892U          19313.85138889  .00000000  00000-0  00000-0 0 00000
2 86892 097.5980 202.765  0000000 000.0000 154.1730 15.01914300000000
1 86892U          19314.17361111  .00000000  00000-0  00000-0 0 00000
2 86892 097.5970 203.083  0000000 000.0000 094.1730 15.01914300000000
1 86892U          19314.63541667  .00000000  00000-0  00000-0 0 00000
2 86892 097.5960 203.538  0000000 000.0000 067.9220 15.01914300000000
1 86892U          19314.91458333  .00000000  00000-0  00000-0 0 00000
2 86892 097.5960 203.813  0000000 000.0000 135.4220 15.01914300000000
1 86892U          19315.22916667  .00000000  00000-0  00000-0 0 00000
2 86892 097.5950 204.123  0000000 000.0000 034.1720 15.01914300000000
1 86892U          19315.55972222  .00000000  00000-0  00000-0 0 00000
2 86892 097.5950 204.449  0000000 000.0000 019.1720 15.01914300000000
1 86892U          19315.95833333  .00000000  00000-0  00000-0 0 00000
2 86892 097.5940 204.842  0000000 000.0000 011.6710 15.01914300000000
1 86892U          19316.19375000  .00000000  00000-0  00000-0 0 00000
2 86892 097.5940 205.074  0000000 000.0000 202.9210 15.01914300000000
1 86892U          19316.52222222  .00000000  00000-0  00000-0 0 00000
2 86892 097.5930 205.398  0000000 000.0000 176.6710 15.01914300000000
1 86892U          19316.82777778  .00000000  00000-0  00000-0 0 00000
2 86892 097.5930 205.699  0000000 000.0000 026.6710 15.01914300000000
1 86892U          19317.19513889  .00000000  00000-0  00000-0 0 00000
2 86892 097.5920 206.061  0000000 000.0000 210.4210 15.01914300000000
1 86892U          19317.61666667  .00000000  00000-0  00000-0 0 00000
2 86892 097.5910 206.476  0000000 000.0000 326.6700 15.01914300000000
1 86892U          19317.91944444  .00000000  00000-0  00000-0 0 00000
2 86892 097.5910 206.775  0000000 000.0000 161.6700 15.01914300000000
1 86892U          19318.29166667  .00000000  00000-0  00000-0 0 00000
2 86892 097.5900 207.141  0000000 000.0000 011.6700 15.01914300000000
1 86892U          19318.59305556  .00000000  00000-0  00000-0 0 00000
2 86892 097.5900 207.438  0000000 000.0000 199.1690 15.01914300000000
1 86892U          19318.89583333  .00000000  00000-0  00000-0 0 00000
2 86892 097.5890 207.737  0000000 000.0000 034.1690 15.01914300000000
1 86892U          19318.90208333  .00000000  00000-0  00000-0 0 00000
2 86892 097.5890 207.743  0000000 000.0000 067.9190 15.01914300000000
1 86892U          19319.14861111  .00000000  00000-0  00000-0 0 00000
2 86892 097.5890 207.986  0000000 000.0000 319.1690 15.01914300000000
1 86892U          19319.58402778  .00000000  00000-0  00000-0 0 00000
2 86892 097.5880 208.415  0000000 000.0000 150.4190 15.01914300000000
1 86892U          19319.92569444  .00000000  00000-0  00000-0 0 00000
2 86892 097.5880 208.752  0000000 000.0000 195.4180 15.01914300000000
1 86892U          19320.15069444  .00000000  00000-0  00000-0 0 00000
2 86892 097.5870 208.973  0000000 000.0000 330.4180 15.01914300000000
1 86892U          19320.56666667  .00000000  00000-0  00000-0 0 00000
2 86892 097.5870 209.383  0000000 000.0000 056.6680 15.01914300000000
1 86892U          19320.97500000  .00000000  00000-0  00000-0 0 00000
2 86892 097.5860 209.786  0000000 000.0000 101.6670 15.01914300000000
1 86892U          19321.24166667  .00000000  00000-0  00000-0 0 00000
2 86892 097.5850 210.049  0000000 000.0000 101.6670 15.01914300000000
1 86892U          19321.57777778  .00000000  00000-0  00000-0 0 00000
2 86892 097.5850 210.380  0000000 000.0000 116.6670 15.01914300000000
1 86892U          19321.81250000  .00000000  00000-0  00000-0 0 00000
2 86892 097.5850 210.611  0000000 000.0000 304.1670 15.01914300000000
1 86892U          19322.19722222  .00000000  00000-0  00000-0 0 00000
2 86892 097.5840 210.990  0000000 000.0000 221.6660 15.01914300000000
1 86892U          19322.49791667  .00000000  00000-0  00000-0 0 00000
2 86892 097.5830 211.287  0000000 000.0000 045.4160 15.01914300000000
1 86892U          19322.93194444  .00000000  00000-0  00000-0 0 00000
2 86892 097.5830 211.714  0000000 000.0000 229.1650 15.01914300000000
1 86892U          19323.29097222  .00000000  00000-0  00000-0 0 00000
2 86892 097.5820 212.068  0000000 000.0000 007.9150 15.01914300000000
1 86892U          19323.56180556  .00000000  00000-0  00000-0 0 00000
2 86892 097.5820 212.335  0000000 000.0000 030.4150 15.01914300000000
1 86892U          19323.91388889  .00000000  00000-0  00000-0 0 00000
2 86892 097.5810 212.682  0000000 000.0000 131.6650 15.01914300000000
1 86892U          19324.24444444  .00000000  00000-0  00000-0 0 00000
2 86892 097.5810 213.008  0000000 000.0000 116.6640 15.01914300000000
1 86892U          19324.58541667  .00000000  00000-0  00000-0 0 00000
2 86892 097.5800 213.344  0000000 000.0000 157.9140 15.01914300000000
1 86892U          19324.95138889  .00000000  00000-0  00000-0 0 00000
2 86892 097.5800 213.704  0000000 000.0000 334.1630 15.01914300000000
1 86892U          19325.17847222  .00000000  00000-0  00000-0 0 00000
2 86892 097.5790 213.928  0000000 000.0000 120.4130 15.01914300000000
1 86892U          19325.60625000  .00000000  00000-0  00000-0 0 00000
2 86892 097.5790 214.350  0000000 000.0000 270.4130 15.01914300000000
1 86892U          19325.89583333  .00000000  00000-0  00000-0 0 00000
2 86892 097.5780 214.635  0000000 000.0000 034.1630 15.01914300000000
1 86892U          19325.89583333  .00000000  00000-0  00000-0 0 00000
2 86892 097.5780 214.635  0000000 000.0000 034.1630 15.01914300000000
1 86892U          19326.22638889  .00000000  00000-0  00000-0 0 00000
2 86892 097.5780 214.961  0000000 000.0000 019.1620 15.01914300000000
1 86892U          19326.56180556  .00000000  00000-0  00000-0 0 00000
2 86892 097.5770 215.291  0000000 000.0000 030.4120 15.01914300000000
1 86892U          19326.96875000  .00000000  00000-0  00000-0 0 00000
2 86892 097.5770 215.692  0000000 000.0000 067.9110 15.01914300000000
1 86892U          19327.17500000  .00000000  00000-0  00000-0 0 00000
2 86892 097.5760 215.896  0000000 000.0000 101.6610 15.01914300000000
1 86892U          19327.53680556  .00000000  00000-0  00000-0 0 00000
2 86892 097.5760 216.252  0000000 000.0000 255.4110 15.01914300000000
1 86892U          19327.92777778  .00000000  00000-0  00000-0 0 00000
2 86892 097.5750 216.638  0000000 000.0000 206.6600 15.01914300000000
1 86892U          19328.21875000  .00000000  00000-0  00000-0 0 00000
2 86892 097.5750 216.924  0000000 000.0000 337.9100 15.01914300000000
1 86892U          19328.52916667  .00000000  00000-0  00000-0 0 00000
2 86892 097.5740 217.230  0000000 000.0000 214.1600 15.01914300000000
1 86892U          19328.96250000  .00000000  00000-0  00000-0 0 00000
2 86892 097.5740 217.657  0000000 000.0000 034.1590 15.01914300000000
1 86892U          19329.16944444  .00000000  00000-0  00000-0 0 00000
2 86892 097.5730 217.861  0000000 000.0000 071.6590 15.01914300000000
1 86892U          19329.51805556  .00000000  00000-0  00000-0 0 00000
2 86892 097.5730 218.205  0000000 000.0000 154.1590 15.01914300000000
1 86892U          19329.92916667  .00000000  00000-0  00000-0 0 00000
2 86892 097.5720 218.610  0000000 000.0000 214.1580 15.01914300000000
1 86892U          19330.17638889  .00000000  00000-0  00000-0 0 00000
2 86892 097.5720 218.853  0000000 000.0000 109.1580 15.01914300000000
1 86892U          19330.54861111  .00000000  00000-0  00000-0 0 00000
2 86892 097.5710 219.220  0000000 000.0000 319.1570 15.01914300000000
1 86892U          19330.95000000  .00000000  00000-0  00000-0 0 00000
2 86892 097.5710 219.616  0000000 000.0000 326.6570 15.01914300000000
1 86892U          19331.24791667  .00000000  00000-0  00000-0 0 00000
2 86892 097.5700 219.909  0000000 000.0000 135.4070 15.01914300000000
1 86892U          19331.62500000  .00000000  00000-0  00000-0 0 00000
2 86892 097.5700 220.281  0000000 000.0000 011.6560 15.01914300000000
1 86892U          19331.83125000  .00000000  00000-0  00000-0 0 00000
2 86892 097.5690 220.484  0000000 000.0000 045.4060 15.01914300000000
1 86892U          19332.27847222  .00000000  00000-0  00000-0 0 00000
2 86892 097.5690 220.925  0000000 000.0000 300.4050 15.01914300000000
1 86892U          19332.53194444  .00000000  00000-0  00000-0 0 00000
2 86892 097.5690 221.175  0000000 000.0000 229.1550 15.01914300000000
1 86892U          19332.89583333  .00000000  00000-0  00000-0 0 00000
2 86892 097.5680 221.533  0000000 000.0000 034.1550 15.01914300000000
