1 87168U          19282.02916667  .00000000  00000-0  00000-0 0 00000
2 87168 097.6730 17.0880 0000000 000.0000 205.3960 15.01920000000000
1 87168U          19282.35902778  .00000000  00000-0  00000-0 0 00000
2 87168 097.6730 17.4130 0000000 000.0000 186.6460 15.01920000000000
1 87168U          19282.60138889  .00000000  00000-0  00000-0 0 00000
2 87168 097.6740 17.6520 0000000 000.0000 055.3960 15.01920000000000
1 87168U          19282.97083333  .00000000  00000-0  00000-0 0 00000
2 87168 097.6740 18.0170 0000000 000.0000 250.3970 15.01920000000000
1 87168U          19283.35625000  .00000000  00000-0  00000-0 0 00000
2 87168 097.6750 18.3960 0000000 000.0000 171.6470 15.01920000000000
1 87168U          19283.72708333  .00000000  00000-0  00000-0 0 00000
2 87168 097.6760 18.7620 0000000 000.0000 014.1470 15.01920000000000
1 87168U          19284.07013889  .00000000  00000-0  00000-0 0 00000
2 87168 097.6760 19.1000 0000000 000.0000 066.6470 15.01920000000000
1 87168U          19284.26319444  .00000000  00000-0  00000-0 0 00000
2 87168 097.6760 19.2900 0000000 000.0000 029.1470 15.01920000000000
1 87168U          19284.69583333  .00000000  00000-0  00000-0 0 00000
2 87168 097.6770 19.7170 0000000 000.0000 205.3980 15.01920000000000
1 87168U          19284.92500000  .00000000  00000-0  00000-0 0 00000
2 87168 097.6780 19.9430 0000000 000.0000 002.8980 15.01920000000000
1 87168U          19285.33055556  .00000000  00000-0  00000-0 0 00000
2 87168 097.6780 20.3420 0000000 000.0000 032.8980 15.01920000000000
1 87168U          19285.60208333  .00000000  00000-0  00000-0 0 00000
2 87168 097.6790 20.6100 0000000 000.0000 059.1480 15.01920000000000
1 87168U          19286.04027778  .00000000  00000-0  00000-0 0 00000
2 87168 097.6800 21.0420 0000000 000.0000 265.3990 15.01920000000000
1 87168U          19286.29305556  .00000000  00000-0  00000-0 0 00000
2 87168 097.6800 21.2910 0000000 000.0000 190.3990 15.01920000000000
1 87168U          19286.63750000  .00000000  00000-0  00000-0 0 00000
2 87168 097.6810 21.6310 0000000 000.0000 250.3990 15.01920000000000
1 87168U          19287.04861111  .00000000  00000-0  00000-0 0 00000
2 87168 097.6810 22.0360 0000000 000.0000 310.3990 15.01920000000000
1 87168U          19287.28125000  .00000000  00000-0  00000-0 0 00000
2 87168 097.6820 22.2650 0000000 000.0000 126.6500 15.01920000000000
1 87168U          19287.65069444  .00000000  00000-0  00000-0 0 00000
2 87168 097.6820 22.6290 0000000 000.0000 321.6500 15.01920000000000
1 87168U          19287.95000000  .00000000  00000-0  00000-0 0 00000
2 87168 097.6830 22.9240 0000000 000.0000 137.9000 15.01920000000000
1 87168U          19288.37291667  .00000000  00000-0  00000-0 0 00000
2 87168 097.6840 23.3410 0000000 000.0000 261.6500 15.01920000000000
1 87168U          19288.63263889  .00000000  00000-0  00000-0 0 00000
2 87168 097.6840 23.5970 0000000 000.0000 224.1510 15.01920000000000
1 87168U          19288.94722222  .00000000  00000-0  00000-0 0 00000
2 87168 097.6850 23.9070 0000000 000.0000 122.9010 15.01920000000000
1 87168U          19289.38055556  .00000000  00000-0  00000-0 0 00000
2 87168 097.6850 24.3350 0000000 000.0000 302.9010 15.01920000000000
1 87168U          19289.69513889  .00000000  00000-0  00000-0 0 00000
2 87168 097.6860 24.6450 0000000 000.0000 201.6510 15.01920000000000
1 87168U          19289.93888889  .00000000  00000-0  00000-0 0 00000
2 87168 097.6860 24.8850 0000000 000.0000 077.9020 15.01920000000000
1 87168U          19290.32152778  .00000000  00000-0  00000-0 0 00000
2 87168 097.6870 25.2620 0000000 000.0000 344.1520 15.01920000000000
1 87168U          19290.68333333  .00000000  00000-0  00000-0 0 00000
2 87168 097.6870 25.6190 0000000 000.0000 137.9020 15.01920000000000
1 87168U          19291.07569444  .00000000  00000-0  00000-0 0 00000
2 87168 097.6880 26.0050 0000000 000.0000 096.6530 15.01920000000000
1 87168U          19291.35069444  .00000000  00000-0  00000-0 0 00000
2 87168 097.6890 26.2770 0000000 000.0000 141.6530 15.01920000000000
1 87168U          19291.68958333  .00000000  00000-0  00000-0 0 00000
2 87168 097.6890 26.6110 0000000 000.0000 171.6530 15.01920000000000
1 87168U          19292.08194444  .00000000  00000-0  00000-0 0 00000
2 87168 097.6900 26.9970 0000000 000.0000 130.4040 15.01920000000000
1 87168U          19292.29166667  .00000000  00000-0  00000-0 0 00000
2 87168 097.6900 27.2040 0000000 000.0000 182.9040 15.01920000000000
1 87168U          19292.64097222  .00000000  00000-0  00000-0 0 00000
2 87168 097.6910 27.5480 0000000 000.0000 269.1540 15.01920000000000
1 87168U          19293.06388889  .00000000  00000-0  00000-0 0 00000
2 87168 097.6910 27.9650 0000000 000.0000 032.9040 15.01920000000000
1 87168U          19293.32222222  .00000000  00000-0  00000-0 0 00000
2 87168 097.6920 28.2200 0000000 000.0000 347.9050 15.01920000000000
1 87168U          19293.74791667  .00000000  00000-0  00000-0 0 00000
2 87168 097.6930 28.6400 0000000 000.0000 126.6550 15.01920000000000
1 87168U          19293.93680556  .00000000  00000-0  00000-0 0 00000
2 87168 097.6930 28.8260 0000000 000.0000 066.6550 15.01920000000000
1 87168U          19294.36250000  .00000000  00000-0  00000-0 0 00000
2 87168 097.6940 29.2450 0000000 000.0000 205.4060 15.01920000000000
1 87168U          19294.61180556  .00000000  00000-0  00000-0 0 00000
2 87168 097.6940 29.4910 0000000 000.0000 111.6560 15.01920000000000
1 87168U          19295.07500000  .00000000  00000-0  00000-0 0 00000
2 87168 097.6950 29.9480 0000000 000.0000 092.9060 15.01920000000000
1 87168U          19295.26319444  .00000000  00000-0  00000-0 0 00000
2 87168 097.6950 30.1330 0000000 000.0000 029.1570 15.01920000000000
1 87168U          19295.65277778  .00000000  00000-0  00000-0 0 00000
2 87168 097.6960 30.5170 0000000 000.0000 332.9070 15.01920000000000
1 87168U          19295.95138889  .00000000  00000-0  00000-0 0 00000
2 87168 097.6960 30.8120 0000000 000.0000 145.4070 15.01920000000000
1 87168U          19296.30555556  .00000000  00000-0  00000-0 0 00000
2 87168 097.6970 31.1610 0000000 000.0000 257.9080 15.01920000000000
1 87168U          19296.73888889  .00000000  00000-0  00000-0 0 00000
2 87168 097.6970 31.5880 0000000 000.0000 077.9080 15.01920000000000
1 87168U          19297.02847222  .00000000  00000-0  00000-0 0 00000
2 87168 097.6980 31.8730 0000000 000.0000 201.6580 15.01920000000000
1 87168U          19297.27083333  .00000000  00000-0  00000-0 0 00000
2 87168 097.6980 32.1120 0000000 000.0000 070.4090 15.01920000000000
1 87168U          19297.71736111  .00000000  00000-0  00000-0 0 00000
2 87168 097.6990 32.5520 0000000 000.0000 321.6590 15.01920000000000
1 87168U          19297.94652778  .00000000  00000-0  00000-0 0 00000
2 87168 097.6990 32.7780 0000000 000.0000 119.1590 15.01920000000000
1 87168U          19298.27430556  .00000000  00000-0  00000-0 0 00000
2 87168 097.7000 33.1010 0000000 000.0000 089.1600 15.01920000000000
1 87168U          19298.71944444  .00000000  00000-0  00000-0 0 00000
2 87168 097.7000 33.5400 0000000 000.0000 332.9100 15.01920000000000
1 87168U          19299.07083333  .00000000  00000-0  00000-0 0 00000
2 87168 097.7010 33.8870 0000000 000.0000 070.4110 15.01920000000000
1 87168U          19299.26180556  .00000000  00000-0  00000-0 0 00000
2 87168 097.7010 34.0750 0000000 000.0000 021.6610 15.01920000000000
1 87168U          19299.69513889  .00000000  00000-0  00000-0 0 00000
2 87168 097.7020 34.5020 0000000 000.0000 201.6610 15.01920000000000
1 87168U          19300.02430556  .00000000  00000-0  00000-0 0 00000
2 87168 097.7020 34.8260 0000000 000.0000 179.1620 15.01920000000000
1 87168U          19300.39305556  .00000000  00000-0  00000-0 0 00000
2 87168 097.7030 35.1900 0000000 000.0000 010.4120 15.01920000000000
1 87168U          19300.63958333  .00000000  00000-0  00000-0 0 00000
2 87168 097.7030 35.4330 0000000 000.0000 261.6620 15.01920000000000
1 87168U          19301.03125000  .00000000  00000-0  00000-0 0 00000
2 87168 097.7040 35.8190 0000000 000.0000 216.6630 15.01920000000000
1 87168U          19301.30625000  .00000000  00000-0  00000-0 0 00000
2 87168 097.7040 36.0900 0000000 000.0000 261.6630 15.01920000000000
1 87168U          19301.59305556  .00000000  00000-0  00000-0 0 00000
2 87168 097.7050 36.3730 0000000 000.0000 010.4130 15.01920000000000
1 87168U          19302.04166667  .00000000  00000-0  00000-0 0 00000
2 87168 097.7050 36.8150 0000000 000.0000 272.9140 15.01920000000000
1 87168U          19302.25208333  .00000000  00000-0  00000-0 0 00000
2 87168 097.7060 37.0220 0000000 000.0000 329.1640 15.01920000000000
1 87168U          19302.73750000  .00000000  00000-0  00000-0 0 00000
2 87168 097.7060 37.5010 0000000 000.0000 070.4150 15.01920000000000
1 87168U          19303.04930556  .00000000  00000-0  00000-0 0 00000
2 87168 097.7070 37.8080 0000000 000.0000 314.1650 15.01920000000000
1 87168U          19303.38888889  .00000000  00000-0  00000-0 0 00000
2 87168 097.7070 38.1430 0000000 000.0000 347.9150 15.01920000000000
1 87168U          19303.64444444  .00000000  00000-0  00000-0 0 00000
2 87168 097.7080 38.3950 0000000 000.0000 287.9160 15.01920000000000
1 87168U          19303.96319444  .00000000  00000-0  00000-0 0 00000
2 87168 097.7080 38.7090 0000000 000.0000 209.1660 15.01920000000000
1 87168U          19304.27569444  .00000000  00000-0  00000-0 0 00000
2 87168 097.7090 39.0170 0000000 000.0000 096.6670 15.01920000000000
1 87168U          19304.64652778  .00000000  00000-0  00000-0 0 00000
2 87168 097.7090 39.3830 0000000 000.0000 299.1670 15.01920000000000
1 87168U          19305.01597222  .00000000  00000-0  00000-0 0 00000
2 87168 097.7100 39.7470 0000000 000.0000 134.1670 15.01920000000000
1 87168U          19305.35347222  .00000000  00000-0  00000-0 0 00000
2 87168 097.7100 40.0800 0000000 000.0000 156.6680 15.01920000000000
1 87168U          19305.74583333  .00000000  00000-0  00000-0 0 00000
2 87168 097.7110 40.4670 0000000 000.0000 115.4180 15.01920000000000
1 87168U          19306.07916667  .00000000  00000-0  00000-0 0 00000
2 87168 097.7110 40.7950 0000000 000.0000 115.4190 15.01920000000000
1 87168U          19306.34166667  .00000000  00000-0  00000-0 0 00000
2 87168 097.7120 41.0540 0000000 000.0000 092.9190 15.01920000000000
1 87168U          19306.60069444  .00000000  00000-0  00000-0 0 00000
2 87168 097.7120 41.3090 0000000 000.0000 051.6690 15.01920000000000
1 87168U          19307.03611111  .00000000  00000-0  00000-0 0 00000
2 87168 097.7130 41.7380 0000000 000.0000 242.9200 15.01920000000000
1 87168U          19307.29166667  .00000000  00000-0  00000-0 0 00000
2 87168 097.7130 41.9900 0000000 000.0000 182.9200 15.01920000000000
1 87168U          19307.69166667  .00000000  00000-0  00000-0 0 00000
2 87168 097.7140 42.3850 0000000 000.0000 182.9210 15.01920000000000
1 87168U          19308.07569444  .00000000  00000-0  00000-0 0 00000
2 87168 097.7140 42.7630 0000000 000.0000 096.6710 15.01920000000000
1 87168U          19308.30625000  .00000000  00000-0  00000-0 0 00000
2 87168 097.7140 42.9910 0000000 000.0000 261.6720 15.01920000000000
1 87168U          19308.64861111  .00000000  00000-0  00000-0 0 00000
2 87168 097.7150 43.3280 0000000 000.0000 310.4220 15.01920000000000
1 87168U          19309.02083333  .00000000  00000-0  00000-0 0 00000
2 87168 097.7150 43.6950 0000000 000.0000 160.4230 15.01920000000000
1 87168U          19309.30555556  .00000000  00000-0  00000-0 0 00000
2 87168 097.7160 43.9760 0000000 000.0000 257.9230 15.01920000000000
1 87168U          19309.58958333  .00000000  00000-0  00000-0 0 00000
2 87168 097.7160 44.2560 0000000 000.0000 351.6730 15.01920000000000
1 87168U          19309.92361111  .00000000  00000-0  00000-0 0 00000
2 87168 097.7170 44.5850 0000000 000.0000 355.4240 15.01920000000000
1 87168U          19310.37986111  .00000000  00000-0  00000-0 0 00000
2 87168 097.7170 45.0350 0000000 000.0000 299.1750 15.01920000000000
1 87168U          19310.72361111  .00000000  00000-0  00000-0 0 00000
2 87168 097.7180 45.3740 0000000 000.0000 355.4250 15.01920000000000
1 87168U          19310.92708333  .00000000  00000-0  00000-0 0 00000
2 87168 097.7180 45.5740 0000000 000.0000 014.1750 15.01920000000000
1 87168U          19311.36597222  .00000000  00000-0  00000-0 0 00000
2 87168 097.7180 46.0070 0000000 000.0000 224.1760 15.01920000000000
1 87168U          19311.65277778  .00000000  00000-0  00000-0 0 00000
2 87168 097.7190 46.2890 0000000 000.0000 332.9260 15.01920000000000
1 87168U          19311.94652778  .00000000  00000-0  00000-0 0 00000
2 87168 097.7190 46.5790 0000000 000.0000 119.1770 15.01914300000000
1 87168U          19312.30208333  .00000000  00000-0  00000-0 0 00000
2 87168 097.7200 46.9300 0000000 000.0000 239.1770 15.01914300000000
1 87168U          19312.59236111  .00000000  00000-0  00000-0 0 00000
2 87168 097.7200 47.2160 0000000 000.0000 006.6780 15.01914300000000
1 87168U          19312.83750000  .00000000  00000-0  00000-0 0 00000
2 87168 097.7200 47.4570 0000000 000.0000 250.4280 15.01914300000000
1 87168U          19313.14791667  .00000000  00000-0  00000-0 0 00000
2 87168 097.7210 47.7630 0000000 000.0000 126.6780 15.01914300000000
1 87168U          19313.54027778  .00000000  00000-0  00000-0 0 00000
2 87168 097.7210 48.1500 0000000 000.0000 085.4290 15.01914300000000
1 87168U          19313.90555556  .00000000  00000-0  00000-0 0 00000
2 87168 097.7220 48.5100 0000000 000.0000 257.9290 15.01914300000000
1 87168U          19314.19236111  .00000000  00000-0  00000-0 0 00000
2 87168 097.7220 48.7930 0000000 000.0000 006.6800 15.01914300000000
1 87168U          19314.61527778  .00000000  00000-0  00000-0 0 00000
2 87168 097.7220 49.2100 0000000 000.0000 130.4310 15.01914300000000
1 87168U          19314.95763889  .00000000  00000-0  00000-0 0 00000
2 87168 097.7230 49.5470 0000000 000.0000 179.1810 15.01914300000000
1 87168U          19315.21388889  .00000000  00000-0  00000-0 0 00000
2 87168 097.7230 49.8000 0000000 000.0000 122.9310 15.01914300000000
1 87168U          19315.49375000  .00000000  00000-0  00000-0 0 00000
2 87168 097.7230 50.0760 0000000 000.0000 194.1820 15.01914300000000
1 87168U          19315.82222222  .00000000  00000-0  00000-0 0 00000
2 87168 097.7240 50.4000 0000000 000.0000 167.9320 15.01914300000000
1 87168U          19316.22361111  .00000000  00000-0  00000-0 0 00000
2 87168 097.7240 50.7950 0000000 000.0000 175.4330 15.01914300000000
1 87168U          19316.53819444  .00000000  00000-0  00000-0 0 00000
2 87168 097.7250 51.1060 0000000 000.0000 074.1830 15.01914300000000
1 87168U          19316.87777778  .00000000  00000-0  00000-0 0 00000
2 87168 097.7250 51.4400 0000000 000.0000 107.9340 15.01914300000000
1 87168U          19317.28541667  .00000000  00000-0  00000-0 0 00000
2 87168 097.7260 51.8420 0000000 000.0000 149.1850 15.01914300000000
1 87168U          19317.62013889  .00000000  00000-0  00000-0 0 00000
2 87168 097.7260 52.1720 0000000 000.0000 156.6850 15.01914300000000
1 87168U          19317.91666667  .00000000  00000-0  00000-0 0 00000
2 87168 097.7260 52.4640 0000000 000.0000 317.9350 15.01914300000000
1 87168U          19318.23541667  .00000000  00000-0  00000-0 0 00000
2 87168 097.7270 52.7790 0000000 000.0000 239.1860 15.01914300000000
1 87168U          19318.49791667  .00000000  00000-0  00000-0 0 00000
2 87168 097.7270 53.0370 0000000 000.0000 216.6860 15.01914300000000
1 87168U          19318.86111111  .00000000  00000-0  00000-0 0 00000
2 87168 097.7270 53.3950 0000000 000.0000 017.9370 15.01914300000000
1 87168U          19318.91597222  .00000000  00000-0  00000-0 0 00000
2 87168 097.7270 53.4500 0000000 000.0000 314.1870 15.01914300000000
1 87168U          19319.15972222  .00000000  00000-0  00000-0 0 00000
2 87168 097.7280 53.6900 0000000 000.0000 190.4370 15.01914300000000
1 87168U          19319.58541667  .00000000  00000-0  00000-0 0 00000
2 87168 097.7280 54.1090 0000000 000.0000 329.1880 15.01914300000000
1 87168U          19319.86111111  .00000000  00000-0  00000-0 0 00000
2 87168 097.7280 54.3810 0000000 000.0000 017.9390 15.01914300000000
1 87168U          19320.22152778  .00000000  00000-0  00000-0 0 00000
2 87168 097.7290 54.7370 0000000 000.0000 164.1890 15.01914300000000
1 87168U          19320.58194444  .00000000  00000-0  00000-0 0 00000
2 87168 097.7290 55.0920 0000000 000.0000 310.4400 15.01914300000000
1 87168U          19320.82291667  .00000000  00000-0  00000-0 0 00000
2 87168 097.7290 55.3290 0000000 000.0000 171.6900 15.01914300000000
1 87168U          19321.19722222  .00000000  00000-0  00000-0 0 00000
2 87168 097.7300 55.6980 0000000 000.0000 032.9410 15.01914300000000
1 87168U          19321.52013889  .00000000  00000-0  00000-0 0 00000
2 87168 097.7300 56.0170 0000000 000.0000 336.6910 15.01914300000000
1 87168U          19321.91875000  .00000000  00000-0  00000-0 0 00000
2 87168 097.7310 56.4100 0000000 000.0000 329.1920 15.01914300000000
1 87168U          19322.19236111  .00000000  00000-0  00000-0 0 00000
2 87168 097.7310 56.6790 0000000 000.0000 006.6920 15.01914300000000
1 87168U          19322.48958333  .00000000  00000-0  00000-0 0 00000
2 87168 097.7310 56.9720 0000000 000.0000 171.6930 15.01914300000000
1 87168U          19322.88680556  .00000000  00000-0  00000-0 0 00000
2 87168 097.7320 57.3640 0000000 000.0000 156.6930 15.01914300000000
1 87168U          19323.29513889  .00000000  00000-0  00000-0 0 00000
2 87168 097.7320 57.7670 0000000 000.0000 201.6940 15.01914300000000
1 87168U          19323.57569444  .00000000  00000-0  00000-0 0 00000
2 87168 097.7320 58.0430 0000000 000.0000 276.6940 15.01914300000000
1 87168U          19323.95138889  .00000000  00000-0  00000-0 0 00000
2 87168 097.7330 58.4140 0000000 000.0000 145.4450 15.01914300000000
1 87168U          19324.15625000  .00000000  00000-0  00000-0 0 00000
2 87168 097.7330 58.6150 0000000 000.0000 171.6950 15.01914300000000
1 87168U          19324.53611111  .00000000  00000-0  00000-0 0 00000
2 87168 097.7330 58.9900 0000000 000.0000 062.9460 15.01914300000000
1 87168U          19324.96458333  .00000000  00000-0  00000-0 0 00000
2 87168 097.7340 59.4120 0000000 000.0000 216.6970 15.01914300000000
1 87168U          19325.15555556  .00000000  00000-0  00000-0 0 00000
2 87168 097.7340 59.6010 0000000 000.0000 167.9470 15.01914300000000
1 87168U          19325.51111111  .00000000  00000-0  00000-0 0 00000
2 87168 097.7340 59.9510 0000000 000.0000 287.9480 15.01914300000000
1 87168U          19325.83958333  .00000000  00000-0  00000-0 0 00000
2 87168 097.7340 60.2750 0000000 000.0000 261.6980 15.01914300000000
1 87168U          19325.93680556  .00000000  00000-0  00000-0 0 00000
2 87168 097.7340 60.3710 0000000 000.0000 066.6980 15.01914300000000
1 87168U          19326.18402778  .00000000  00000-0  00000-0 0 00000
2 87168 097.7350 60.6150 0000000 000.0000 321.6990 15.01914300000000
1 87168U          19326.47916667  .00000000  00000-0  00000-0 0 00000
2 87168 097.7350 60.9050 0000000 000.0000 115.4490 15.01914300000000
1 87168U          19326.94305556  .00000000  00000-0  00000-0 0 00000
2 87168 097.7350 61.3630 0000000 000.0000 100.4500 15.01914300000000
1 87168U          19327.23541667  .00000000  00000-0  00000-0 0 00000
2 87168 097.7360 61.6510 0000000 000.0000 239.2010 15.01914300000000
1 87168U          19327.57708333  .00000000  00000-0  00000-0 0 00000
2 87168 097.7360 61.9880 0000000 000.0000 284.2010 15.01914300000000
1 87168U          19327.97430556  .00000000  00000-0  00000-0 0 00000
2 87168 097.7360 62.3790 0000000 000.0000 269.2020 15.01914300000000
1 87168U          19328.30902778  .00000000  00000-0  00000-0 0 00000
2 87168 097.7370 62.7090 0000000 000.0000 276.7020 15.01914300000000
1 87168U          19328.55694444  .00000000  00000-0  00000-0 0 00000
2 87168 097.7370 62.9540 0000000 000.0000 175.4530 15.01914300000000
1 87168U          19328.93333333  .00000000  00000-0  00000-0 0 00000
2 87168 097.7370 63.3250 0000000 000.0000 047.9530 15.01914300000000
1 87168U          19329.25555556  .00000000  00000-0  00000-0 0 00000
2 87168 097.7370 63.6430 0000000 000.0000 347.9540 15.01914300000000
1 87168U          19329.62291667  .00000000  00000-0  00000-0 0 00000
2 87168 097.7380 64.0050 0000000 000.0000 171.7050 15.01914300000000
1 87168U          19329.95416667  .00000000  00000-0  00000-0 0 00000
2 87168 097.7380 64.3310 0000000 000.0000 160.4550 15.01914300000000
1 87168U          19330.17986111  .00000000  00000-0  00000-0 0 00000
2 87168 097.7380 64.5540 0000000 000.0000 299.2060 15.01914300000000
1 87168U          19330.61111111  .00000000  00000-0  00000-0 0 00000
2 87168 097.7380 64.9790 0000000 000.0000 107.9560 15.01914300000000
1 87168U          19330.84097222  .00000000  00000-0  00000-0 0 00000
2 87168 097.7390 65.2050 0000000 000.0000 269.2070 15.01914300000000
1 87168U          19331.15208333  .00000000  00000-0  00000-0 0 00000
2 87168 097.7390 65.5120 0000000 000.0000 149.2070 15.01914300000000
1 87168U          19331.61180556  .00000000  00000-0  00000-0 0 00000
2 87168 097.7390 65.9650 0000000 000.0000 111.7080 15.01914300000000
1 87168U          19331.86388889  .00000000  00000-0  00000-0 0 00000
2 87168 097.7390 66.2140 0000000 000.0000 032.9590 15.01914300000000
1 87168U          19332.26041667  .00000000  00000-0  00000-0 0 00000
2 87168 097.7400 66.6050 0000000 000.0000 014.2090 15.01914300000000
1 87168U          19332.55555556  .00000000  00000-0  00000-0 0 00000
2 87168 097.7400 66.8960 0000000 000.0000 167.9600 15.01914300000000
1 87168U          19332.89583333  .00000000  00000-0  00000-0 0 00000
2 87168 097.7400 67.2310 0000000 000.0000 205.4600 15.01914300000000
