1 87337U          19281.96875000  .00000000  00000-0  00000-0 0 00000
2 87337 097.7480 94.1870 0000000 000.0000 057.5440 15.01920000000000
1 87337U          19282.27361111  .00000000  00000-0  00000-0 0 00000
2 87337 097.7480 94.4870 0000000 000.0000 263.7950 15.01920000000000
1 87337U          19282.73055556  .00000000  00000-0  00000-0 0 00000
2 87337 097.7480 94.9380 0000000 000.0000 211.2960 15.01920000000000
1 87337U          19283.03263889  .00000000  00000-0  00000-0 0 00000
2 87337 097.7480 95.2350 0000000 000.0000 042.5460 15.01920000000000
1 87337U          19283.26736111  .00000000  00000-0  00000-0 0 00000
2 87337 097.7480 95.4670 0000000 000.0000 230.0470 15.01920000000000
1 87337U          19283.67638889  .00000000  00000-0  00000-0 0 00000
2 87337 097.7480 95.8700 0000000 000.0000 278.7980 15.01920000000000
1 87337U          19283.96319444  .00000000  00000-0  00000-0 0 00000
2 87337 097.7480 96.1530 0000000 000.0000 027.5480 15.01920000000000
1 87337U          19284.25208333  .00000000  00000-0  00000-0 0 00000
2 87337 097.7480 96.4380 0000000 000.0000 147.5490 15.01920000000000
1 87337U          19284.60486111  .00000000  00000-0  00000-0 0 00000
2 87337 097.7470 96.7850 0000000 000.0000 252.5490 15.01920000000000
1 87337U          19284.97777778  .00000000  00000-0  00000-0 0 00000
2 87337 097.7470 97.1530 0000000 000.0000 106.3000 15.01920000000000
1 87337U          19285.32291667  .00000000  00000-0  00000-0 0 00000
2 87337 097.7470 97.4930 0000000 000.0000 170.0510 15.01920000000000
1 87337U          19285.64236111  .00000000  00000-0  00000-0 0 00000
2 87337 097.7470 97.8080 0000000 000.0000 095.0510 15.01920000000000
1 87337U          19286.05277778  .00000000  00000-0  00000-0 0 00000
2 87337 097.7470 98.2130 0000000 000.0000 151.3020 15.01920000000000
1 87337U          19286.33819444  .00000000  00000-0  00000-0 0 00000
2 87337 097.7470 98.4940 0000000 000.0000 252.5530 15.01920000000000
1 87337U          19286.61388889  .00000000  00000-0  00000-0 0 00000
2 87337 097.7470 98.7660 0000000 000.0000 301.3030 15.01920000000000
1 87337U          19287.06527778  .00000000  00000-0  00000-0 0 00000
2 87337 097.7470 99.2110 0000000 000.0000 218.8040 15.01920000000000
1 87337U          19287.33680556  .00000000  00000-0  00000-0 0 00000
2 87337 097.7470 99.4790 0000000 000.0000 245.0550 15.01920000000000
1 87337U          19287.58333333  .00000000  00000-0  00000-0 0 00000
2 87337 097.7470 99.7220 0000000 000.0000 136.3050 15.01920000000000
1 87337U          19287.92986111  .00000000  00000-0  00000-0 0 00000
2 87337 097.7460 100.0630 0000000 000.0000 207.5560 15.01920000000000
1 87337U          19288.32777778  .00000000  00000-0  00000-0 0 00000
2 87337 097.7460 100.4560 0000000 000.0000 196.3060 15.01920000000000
1 87337U          19288.58750000  .00000000  00000-0  00000-0 0 00000
2 87337 097.7460 100.7120 0000000 000.0000 158.8070 15.01920000000000
1 87337U          19288.96597222  .00000000  00000-0  00000-0 0 00000
2 87337 097.7460 101.0850 0000000 000.0000 042.5580 15.01920000000000
1 87337U          19289.31527778  .00000000  00000-0  00000-0 0 00000
2 87337 097.7460 101.4290 0000000 000.0000 128.8080 15.01920000000000
1 87337U          19289.70763889  .00000000  00000-0  00000-0 0 00000
2 87337 097.7460 101.8160 0000000 000.0000 087.5590 15.01920000000000
1 87337U          19289.93472222  .00000000  00000-0  00000-0 0 00000
2 87337 097.7460 102.0400 0000000 000.0000 233.8090 15.01920000000000
1 87337U          19290.27500000  .00000000  00000-0  00000-0 0 00000
2 87337 097.7460 102.3750 0000000 000.0000 271.3100 15.01920000000000
1 87337U          19290.64930556  .00000000  00000-0  00000-0 0 00000
2 87337 097.7450 102.7440 0000000 000.0000 132.5610 15.01920000000000
1 87337U          19291.00486111  .00000000  00000-0  00000-0 0 00000
2 87337 097.7450 103.0950 0000000 000.0000 252.5610 15.01920000000000
1 87337U          19291.34583333  .00000000  00000-0  00000-0 0 00000
2 87337 097.7450 103.4310 0000000 000.0000 293.8120 15.01920000000000
1 87337U          19291.60000000  .00000000  00000-0  00000-0 0 00000
2 87337 097.7450 103.6820 0000000 000.0000 226.3130 15.01920000000000
1 87337U          19292.06458333  .00000000  00000-0  00000-0 0 00000
2 87337 097.7450 104.1400 0000000 000.0000 215.0630 15.01920000000000
1 87337U          19292.40555556  .00000000  00000-0  00000-0 0 00000
2 87337 097.7450 104.4760 0000000 000.0000 256.3140 15.01920000000000
1 87337U          19292.61180556  .00000000  00000-0  00000-0 0 00000
2 87337 097.7450 104.6790 0000000 000.0000 290.0640 15.01920000000000
1 87337U          19293.01458333  .00000000  00000-0  00000-0 0 00000
2 87337 097.7440 105.0760 0000000 000.0000 305.0650 15.01920000000000
1 87337U          19293.29444444  .00000000  00000-0  00000-0 0 00000
2 87337 097.7440 105.3520 0000000 000.0000 016.3160 15.01920000000000
1 87337U          19293.64861111  .00000000  00000-0  00000-0 0 00000
2 87337 097.7440 105.7010 0000000 000.0000 128.8160 15.01920000000000
1 87337U          19294.06319444  .00000000  00000-0  00000-0 0 00000
2 87337 097.7440 106.1100 0000000 000.0000 207.5670 15.01920000000000
1 87337U          19294.25625000  .00000000  00000-0  00000-0 0 00000
2 87337 097.7440 106.3000 0000000 000.0000 170.0670 15.01920000000000
1 87337U          19294.74097222  .00000000  00000-0  00000-0 0 00000
2 87337 097.7430 106.7780 0000000 000.0000 267.5680 15.01920000000000
1 87337U          19295.04236111  .00000000  00000-0  00000-0 0 00000
2 87337 097.7430 107.0750 0000000 000.0000 095.0690 15.01920000000000
1 87337U          19295.32083333  .00000000  00000-0  00000-0 0 00000
2 87337 097.7430 107.3500 0000000 000.0000 158.8190 15.01920000000000
1 87337U          19295.69166667  .00000000  00000-0  00000-0 0 00000
2 87337 097.7430 107.7150 0000000 000.0000 001.3200 15.01920000000000
1 87337U          19296.02083333  .00000000  00000-0  00000-0 0 00000
2 87337 097.7430 108.0400 0000000 000.0000 338.8210 15.01920000000000
1 87337U          19296.30138889  .00000000  00000-0  00000-0 0 00000
2 87337 097.7430 108.3170 0000000 000.0000 053.8210 15.01920000000000
1 87337U          19296.66250000  .00000000  00000-0  00000-0 0 00000
2 87337 097.7420 108.6730 0000000 000.0000 203.8220 15.01920000000000
1 87337U          19297.05486111  .00000000  00000-0  00000-0 0 00000
2 87337 097.7420 109.0590 0000000 000.0000 162.5730 15.01920000000000
1 87337U          19297.35416667  .00000000  00000-0  00000-0 0 00000
2 87337 097.7420 109.3540 0000000 000.0000 338.8230 15.01920000000000
1 87337U          19297.65625000  .00000000  00000-0  00000-0 0 00000
2 87337 097.7420 109.6520 0000000 000.0000 170.0740 15.01920000000000
1 87337U          19297.99791667  .00000000  00000-0  00000-0 0 00000
2 87337 097.7420 109.9890 0000000 000.0000 215.0740 15.01920000000000
1 87337U          19298.37847222  .00000000  00000-0  00000-0 0 00000
2 87337 097.7410 110.3640 0000000 000.0000 110.0750 15.01920000000000
1 87337U          19298.63541667  .00000000  00000-0  00000-0 0 00000
2 87337 097.7410 110.6180 0000000 000.0000 057.5750 15.01920000000000
1 87337U          19299.06597222  .00000000  00000-0  00000-0 0 00000
2 87337 097.7410 111.0420 0000000 000.0000 222.5760 15.01920000000000
1 87337U          19299.39097222  .00000000  00000-0  00000-0 0 00000
2 87337 097.7410 111.3620 0000000 000.0000 177.5770 15.01920000000000
1 87337U          19299.67152778  .00000000  00000-0  00000-0 0 00000
2 87337 097.7400 111.6390 0000000 000.0000 252.5770 15.01920000000000
1 87337U          19299.99375000  .00000000  00000-0  00000-0 0 00000
2 87337 097.7400 111.9570 0000000 000.0000 192.5780 15.01920000000000
1 87337U          19300.26388889  .00000000  00000-0  00000-0 0 00000
2 87337 097.7400 112.2230 0000000 000.0000 211.3280 15.01920000000000
1 87337U          19300.69652778  .00000000  00000-0  00000-0 0 00000
2 87337 097.7400 112.6490 0000000 000.0000 027.5790 15.01920000000000
1 87337U          19301.05000000  .00000000  00000-0  00000-0 0 00000
2 87337 097.7390 112.9980 0000000 000.0000 136.3300 15.01920000000000
1 87337U          19301.32083333  .00000000  00000-0  00000-0 0 00000
2 87337 097.7390 113.2650 0000000 000.0000 158.8300 15.01920000000000
1 87337U          19301.68055556  .00000000  00000-0  00000-0 0 00000
2 87337 097.7390 113.6200 0000000 000.0000 301.3310 15.01920000000000
1 87337U          19302.01944444  .00000000  00000-0  00000-0 0 00000
2 87337 097.7390 113.9540 0000000 000.0000 331.3310 15.01920000000000
1 87337U          19302.26041667  .00000000  00000-0  00000-0 0 00000
2 87337 097.7390 114.1910 0000000 000.0000 192.5820 15.01920000000000
1 87337U          19302.73055556  .00000000  00000-0  00000-0 0 00000
2 87337 097.7380 114.6550 0000000 000.0000 211.3330 15.01920000000000
1 87337U          19302.98055556  .00000000  00000-0  00000-0 0 00000
2 87337 097.7380 114.9010 0000000 000.0000 121.3330 15.01920000000000
1 87337U          19303.35138889  .00000000  00000-0  00000-0 0 00000
2 87337 097.7380 115.2670 0000000 000.0000 323.8340 15.01920000000000
1 87337U          19303.67986111  .00000000  00000-0  00000-0 0 00000
2 87337 097.7370 115.5910 0000000 000.0000 297.5840 15.01920000000000
1 87337U          19304.00694444  .00000000  00000-0  00000-0 0 00000
2 87337 097.7370 115.9130 0000000 000.0000 263.8350 15.01920000000000
1 87337U          19304.30069444  .00000000  00000-0  00000-0 0 00000
2 87337 097.7370 116.2030 0000000 000.0000 050.0850 15.01920000000000
1 87337U          19304.64513889  .00000000  00000-0  00000-0 0 00000
2 87337 097.7370 116.5420 0000000 000.0000 110.0860 15.01920000000000
1 87337U          19304.95902778  .00000000  00000-0  00000-0 0 00000
2 87337 097.7360 116.8520 0000000 000.0000 005.0860 15.01920000000000
1 87337U          19305.35902778  .00000000  00000-0  00000-0 0 00000
2 87337 097.7360 117.2460 0000000 000.0000 005.0870 15.01920000000000
1 87337U          19305.65416667  .00000000  00000-0  00000-0 0 00000
2 87337 097.7360 117.5370 0000000 000.0000 158.8380 15.01920000000000
1 87337U          19306.01111111  .00000000  00000-0  00000-0 0 00000
2 87337 097.7350 117.8890 0000000 000.0000 286.3380 15.01920000000000
1 87337U          19306.39375000  .00000000  00000-0  00000-0 0 00000
2 87337 097.7350 118.2660 0000000 000.0000 192.5890 15.01920000000000
1 87337U          19306.74375000  .00000000  00000-0  00000-0 0 00000
2 87337 097.7350 118.6110 0000000 000.0000 282.5900 15.01920000000000
1 87337U          19307.02152778  .00000000  00000-0  00000-0 0 00000
2 87337 097.7350 118.8850 0000000 000.0000 342.5900 15.01920000000000
1 87337U          19307.39861111  .00000000  00000-0  00000-0 0 00000
2 87337 097.7340 119.2570 0000000 000.0000 218.8410 15.01920000000000
1 87337U          19307.72847222  .00000000  00000-0  00000-0 0 00000
2 87337 097.7340 119.5820 0000000 000.0000 200.0910 15.01920000000000
1 87337U          19308.02847222  .00000000  00000-0  00000-0 0 00000
2 87337 097.7340 119.8780 0000000 000.0000 020.0920 15.01920000000000
1 87337U          19308.32500000  .00000000  00000-0  00000-0 0 00000
2 87337 097.7330 120.1700 0000000 000.0000 181.3420 15.01920000000000
1 87337U          19308.63819444  .00000000  00000-0  00000-0 0 00000
2 87337 097.7330 120.4790 0000000 000.0000 072.5930 15.01920000000000
1 87337U          19308.98263889  .00000000  00000-0  00000-0 0 00000
2 87337 097.7330 120.8180 0000000 000.0000 132.5930 15.01920000000000
1 87337U          19309.31805556  .00000000  00000-0  00000-0 0 00000
2 87337 097.7320 121.1490 0000000 000.0000 143.8440 15.01920000000000
1 87337U          19309.72638889  .00000000  00000-0  00000-0 0 00000
2 87337 097.7320 121.5510 0000000 000.0000 188.8440 15.01920000000000
1 87337U          19309.96250000  .00000000  00000-0  00000-0 0 00000
2 87337 097.7320 121.7840 0000000 000.0000 023.8450 15.01920000000000
1 87337U          19310.37083333  .00000000  00000-0  00000-0 0 00000
2 87337 097.7310 122.1870 0000000 000.0000 068.8450 15.01920000000000
1 87337U          19310.68541667  .00000000  00000-0  00000-0 0 00000
2 87337 097.7310 122.4970 0000000 000.0000 327.5960 15.01920000000000
1 87337U          19311.04652778  .00000000  00000-0  00000-0 0 00000
2 87337 097.7310 122.8530 0000000 000.0000 117.5970 15.01920000000000
1 87337U          19311.34791667  .00000000  00000-0  00000-0 0 00000
2 87337 097.7300 123.1500 0000000 000.0000 305.0970 15.01920000000000
1 87337U          19311.64375000  .00000000  00000-0  00000-0 0 00000
2 87337 097.7300 123.4420 0000000 000.0000 102.5980 15.01920000000000
1 87337U          19311.93750000  .00000000  00000-0  00000-0 0 00000
2 87337 097.7300 123.7310 0000000 000.0000 248.8480 15.01914300000000
1 87337U          19312.18958333  .00000000  00000-0  00000-0 0 00000
2 87337 097.7290 123.9800 0000000 000.0000 170.0980 15.01914300000000
1 87337U          19312.55208333  .00000000  00000-0  00000-0 0 00000
2 87337 097.7290 124.3370 0000000 000.0000 327.5990 15.01914300000000
1 87337U          19312.85694444  .00000000  00000-0  00000-0 0 00000
2 87337 097.7290 124.6380 0000000 000.0000 173.8490 15.01914300000000
1 87337U          19313.19305556  .00000000  00000-0  00000-0 0 00000
2 87337 097.7280 124.9690 0000000 000.0000 188.8500 15.01914300000000
1 87337U          19313.58750000  .00000000  00000-0  00000-0 0 00000
2 87337 097.7280 125.3580 0000000 000.0000 158.8510 15.01914300000000
1 87337U          19313.95555556  .00000000  00000-0  00000-0 0 00000
2 87337 097.7280 125.7210 0000000 000.0000 346.3510 15.01914300000000
1 87337U          19314.19583333  .00000000  00000-0  00000-0 0 00000
2 87337 097.7270 125.9570 0000000 000.0000 203.8520 15.01914300000000
1 87337U          19314.57638889  .00000000  00000-0  00000-0 0 00000
2 87337 097.7270 126.3330 0000000 000.0000 098.8520 15.01914300000000
1 87337U          19314.92291667  .00000000  00000-0  00000-0 0 00000
2 87337 097.7260 126.6740 0000000 000.0000 170.1030 15.01914300000000
1 87337U          19315.21666667  .00000000  00000-0  00000-0 0 00000
2 87337 097.7260 126.9640 0000000 000.0000 316.3530 15.01914300000000
1 87337U          19315.57152778  .00000000  00000-0  00000-0 0 00000
2 87337 097.7260 127.3140 0000000 000.0000 072.6040 15.01914300000000
1 87337U          19315.88611111  .00000000  00000-0  00000-0 0 00000
2 87337 097.7250 127.6240 0000000 000.0000 331.3540 15.01914300000000
1 87337U          19316.20347222  .00000000  00000-0  00000-0 0 00000
2 87337 097.7250 127.9370 0000000 000.0000 245.1050 15.01914300000000
1 87337U          19316.52638889  .00000000  00000-0  00000-0 0 00000
2 87337 097.7250 128.2550 0000000 000.0000 188.8550 15.01914300000000
1 87337U          19316.95763889  .00000000  00000-0  00000-0 0 00000
2 87337 097.7240 128.6800 0000000 000.0000 357.6060 15.01914300000000
1 87337U          19317.31111111  .00000000  00000-0  00000-0 0 00000
2 87337 097.7240 129.0280 0000000 000.0000 106.3560 15.01914300000000
1 87337U          19317.53611111  .00000000  00000-0  00000-0 0 00000
2 87337 097.7230 129.2500 0000000 000.0000 241.3570 15.01914300000000
1 87337U          19317.93402778  .00000000  00000-0  00000-0 0 00000
2 87337 097.7230 129.6430 0000000 000.0000 230.1070 15.01914300000000
1 87337U          19318.17916667  .00000000  00000-0  00000-0 0 00000
2 87337 097.7230 129.8840 0000000 000.0000 113.8580 15.01914300000000
1 87337U          19318.55902778  .00000000  00000-0  00000-0 0 00000
2 87337 097.7220 130.2590 0000000 000.0000 005.1080 15.01914300000000
1 87337U          19318.89583333  .00000000  00000-0  00000-0 0 00000
2 87337 097.7220 130.5910 0000000 000.0000 023.8590 15.01914300000000
1 87337U          19318.92777778  .00000000  00000-0  00000-0 0 00000
2 87337 097.7220 130.6220 0000000 000.0000 196.3590 15.01914300000000
1 87337U          19319.29722222  .00000000  00000-0  00000-0 0 00000
2 87337 097.7210 130.9860 0000000 000.0000 031.3590 15.01914300000000
1 87337U          19319.50486111  .00000000  00000-0  00000-0 0 00000
2 87337 097.7210 131.1910 0000000 000.0000 072.6100 15.01914300000000
1 87337U          19319.89791667  .00000000  00000-0  00000-0 0 00000
2 87337 097.7210 131.5790 0000000 000.0000 035.1100 15.01914300000000
1 87337U          19320.18750000  .00000000  00000-0  00000-0 0 00000
2 87337 097.7200 131.8640 0000000 000.0000 158.8600 15.01914300000000
1 87337U          19320.63055556  .00000000  00000-0  00000-0 0 00000
2 87337 097.7200 132.3010 0000000 000.0000 031.3610 15.01914300000000
1 87337U          19320.94583333  .00000000  00000-0  00000-0 0 00000
2 87337 097.7190 132.6120 0000000 000.0000 293.8620 15.01914300000000
1 87337U          19321.29930556  .00000000  00000-0  00000-0 0 00000
2 87337 097.7190 132.9600 0000000 000.0000 042.6120 15.01914300000000
1 87337U          19321.49236111  .00000000  00000-0  00000-0 0 00000
2 87337 097.7190 133.1500 0000000 000.0000 005.1120 15.01914300000000
1 87337U          19321.91527778  .00000000  00000-0  00000-0 0 00000
2 87337 097.7180 133.5670 0000000 000.0000 128.8630 15.01914300000000
1 87337U          19322.15000000  .00000000  00000-0  00000-0 0 00000
2 87337 097.7180 133.7990 0000000 000.0000 316.3630 15.01914300000000
1 87337U          19322.55069444  .00000000  00000-0  00000-0 0 00000
2 87337 097.7170 134.1940 0000000 000.0000 320.1140 15.01914300000000
1 87337U          19322.83333333  .00000000  00000-0  00000-0 0 00000
2 87337 097.7170 134.4720 0000000 000.0000 046.3640 15.01914300000000
1 87337U          19323.18125000  .00000000  00000-0  00000-0 0 00000
2 87337 097.7160 134.8150 0000000 000.0000 125.1150 15.01914300000000
1 87337U          19323.58958333  .00000000  00000-0  00000-0 0 00000
2 87337 097.7160 135.2180 0000000 000.0000 170.1150 15.01914300000000
1 87337U          19323.96597222  .00000000  00000-0  00000-0 0 00000
2 87337 097.7150 135.5890 0000000 000.0000 042.6160 15.01914300000000
1 87337U          19324.21180556  .00000000  00000-0  00000-0 0 00000
2 87337 097.7150 135.8310 0000000 000.0000 290.1160 15.01914300000000
1 87337U          19324.54861111  .00000000  00000-0  00000-0 0 00000
2 87337 097.7150 136.1630 0000000 000.0000 308.8670 15.01914300000000
1 87337U          19324.83194444  .00000000  00000-0  00000-0 0 00000
2 87337 097.7140 136.4420 0000000 000.0000 038.8670 15.01914300000000
1 87337U          19325.21319444  .00000000  00000-0  00000-0 0 00000
2 87337 097.7140 136.8180 0000000 000.0000 297.6170 15.01914300000000
1 87337U          19325.51319444  .00000000  00000-0  00000-0 0 00000
2 87337 097.7130 137.1140 0000000 000.0000 117.6180 15.01914300000000
1 87337U          19325.83958333  .00000000  00000-0  00000-0 0 00000
2 87337 097.7130 137.4360 0000000 000.0000 080.1180 15.01914300000000
1 87337U          19325.89583333  .00000000  00000-0  00000-0 0 00000
2 87337 097.7130 137.4910 0014910 023.8680 000.0000 14.98557500000000
1 87337U          19326.28194444  .00000000  00000-0  00000-0 0 00000
2 87337 097.7210 137.8780 0009640 124.1670 179.9740 14.99526300000000
1 87337U          19326.53402778  .00000000  00000-0  00000-0 0 00000
2 87337 097.7140 138.1160 0011250 009.3580 212.9640 14.98081900000000
1 87337U          19326.83680556  .00000000  00000-0  00000-0 0 00000
2 87337 097.7180 138.4110 0006660 215.9600 197.5550 14.99283200000000
1 87337U          19327.21041667  .00000000  00000-0  00000-0 0 00000
2 87337 097.7220 138.7810 0019520 074.6720 191.5830 15.01411100000000
1 87337U          19327.57083333  .00000000  00000-0  00000-0 0 00000
2 87337 097.7140 139.1310 0005009 196.2220 211.7980 14.98718600000000
1 87337U          19327.89236111  .00000000  00000-0  00000-0 0 00000
2 87337 097.7100 139.4520 0004620 330.5380 009.6030 14.96093000000000
1 87337U          19328.19652778  .00000000  00000-0  00000-0 0 00000
2 87337 097.7100 139.7460 0002480 141.7950 037.0460 14.95394700000000
1 87337U          19328.49791667  .00000000  00000-0  00000-0 0 00000
2 87337 097.7060 140.0430 0007680 013.8450 348.7200 14.95401500000000
1 87337U          19328.97083333  .00000000  00000-0  00000-0 0 00000
2 87337 097.7080 140.4990 0003780 098.3820 292.0320 14.96944700000000
1 87337U          19329.29583333  .00000000  00000-0  00000-0 0 00000
2 87337 097.7100 140.8270 0004040 328.6840 012.5660 14.96036800000000
1 87337U          19329.61388889  .00000000  00000-0  00000-0 0 00000
2 87337 097.7160 141.1330 0018280 061.1910 193.6220 15.00994000000000
1 87337U          19329.89583333  .00000000  00000-0  00000-0 0 00000
2 87337 097.7080 141.4140 0002350 279.8960 053.8110 14.96596400000000
1 87337U          19330.18055556  .00000000  00000-0  00000-0 0 00000
2 87337 097.7160 141.6850 0012790 238.3490 189.3590 15.00532900000000
1 87337U          19330.49166667  .00000000  00000-0  00000-0 0 00000
2 87337 097.7110 142.0000 0011070 134.9680 168.7510 14.99571500000000
1 87337U          19330.88263889  .00000000  00000-0  00000-0 0 00000
2 87337 097.7140 142.3730 0016820 057.4590 192.7000 15.00729600000000
1 87337U          19331.25486111  .00000000  00000-0  00000-0 0 00000
2 87337 097.7170 142.7410 0029400 232.0630 223.6350 15.06469600000000
1 87337U          19331.48333333  .00000000  00000-0  00000-0 0 00000
2 87337 097.7120 142.9660 0019300 072.0780 182.4010 15.11026600000000
1 87337U          19331.88680556  .00000000  00000-0  00000-0 0 00000
2 87337 097.7140 143.3670 0014300 102.9470 172.6090 15.00143300000000
1 87337U          19332.20486111  .00000000  00000-0  00000-0 0 00000
2 87337 097.7050 143.6750 0007280 223.8340 323.8200 14.94250700000000
1 87337U          19332.62222222  .00000000  00000-0  00000-0 0 00000
2 87337 097.7130 144.0910 0002790 204.4990 076.3770 15.06339200000000
1 87337U          19332.88472222  .00000000  00000-0  00000-0 0 00000
2 87337 097.7130 144.3450 0006160 349.6070 270.3010 15.06357400000000
