1 87343U          19282.06180556  .00000000  00000-0  00000-0 0 00000
2 87343 097.7480 94.2780 0000000 000.0000 176.0450 00.06258000000000
1 87343U          19282.38472222  .00000000  00000-0  00000-0 0 00000
2 87343 097.7480 94.5970 0000000 000.0000 119.7950 00.06258000000000
1 87343U          19282.61041667  .00000000  00000-0  00000-0 0 00000
2 87343 097.7480 94.8190 0000000 000.0000 258.5460 00.06258000000000
1 87343U          19283.05555556  .00000000  00000-0  00000-0 0 00000
2 87343 097.7480 95.2580 0000000 000.0000 142.2960 00.06258000000000
1 87343U          19283.29375000  .00000000  00000-0  00000-0 0 00000
2 87343 097.7480 95.4930 0000000 000.0000 348.5470 00.06258000000000
1 87343U          19283.59791667  .00000000  00000-0  00000-0 0 00000
2 87343 097.7480 95.7930 0000000 000.0000 191.0470 00.06258000000000
1 87343U          19283.96180556  .00000000  00000-0  00000-0 0 00000
2 87343 097.7480 96.1520 0000000 000.0000 356.0480 00.06258000000000
1 87343U          19284.33611111  .00000000  00000-0  00000-0 0 00000
2 87343 097.7470 96.5210 0000000 000.0000 217.2990 00.06258000000000
1 87343U          19284.62083333  .00000000  00000-0  00000-0 0 00000
2 87343 097.7470 96.8010 0000000 000.0000 314.7990 00.06258000000000
1 87343U          19285.01875000  .00000000  00000-0  00000-0 0 00000
2 87343 097.7470 97.1940 0000000 000.0000 303.5500 00.06258000000000
1 87343U          19285.36666667  .00000000  00000-0  00000-0 0 00000
2 87343 097.7470 97.5370 0000000 000.0000 022.3010 00.06258000000000
1 87343U          19285.60902778  .00000000  00000-0  00000-0 0 00000
2 87343 097.7470 97.7750 0000000 000.0000 251.0510 00.06258000000000
1 87343U          19286.04027778  .00000000  00000-0  00000-0 0 00000
2 87343 097.7470 98.2010 0000000 000.0000 059.8020 00.06258000000000
1 87343U          19286.38055556  .00000000  00000-0  00000-0 0 00000
2 87343 097.7470 98.5360 0000000 000.0000 097.3030 00.06258000000000
1 87343U          19286.59652778  .00000000  00000-0  00000-0 0 00000
2 87343 097.7470 98.7490 0000000 000.0000 183.5530 00.06258000000000
1 87343U          19287.07847222  .00000000  00000-0  00000-0 0 00000
2 87343 097.7470 99.2240 0000000 000.0000 266.0540 00.06258000000000
1 87343U          19287.34236111  .00000000  00000-0  00000-0 0 00000
2 87343 097.7470 99.4840 0000000 000.0000 251.0550 00.06258000000000
1 87343U          19287.67152778  .00000000  00000-0  00000-0 0 00000
2 87343 097.7470 99.8090 0000000 000.0000 228.5550 00.06258000000000
1 87343U          19287.95069444  .00000000  00000-0  00000-0 0 00000
2 87343 097.7460 100.0840 0000000 000.0000 296.0560 00.06258000000000
1 87343U          19288.28472222  .00000000  00000-0  00000-0 0 00000
2 87343 097.7460 100.4130 0000000 000.0000 299.8060 00.06258000000000
1 87343U          19288.62291667  .00000000  00000-0  00000-0 0 00000
2 87343 097.7460 100.7470 0000000 000.0000 326.0570 00.06258000000000
1 87343U          19289.02013889  .00000000  00000-0  00000-0 0 00000
2 87343 097.7460 101.1380 0000000 000.0000 311.0580 00.06258000000000
1 87343U          19289.34722222  .00000000  00000-0  00000-0 0 00000
2 87343 097.7460 101.4610 0000000 000.0000 277.3080 00.06258000000000
1 87343U          19289.64097222  .00000000  00000-0  00000-0 0 00000
2 87343 097.7460 101.7500 0000000 000.0000 063.5590 00.06258000000000
1 87343U          19289.91666667  .00000000  00000-0  00000-0 0 00000
2 87343 097.7460 102.0220 0000000 000.0000 112.3090 00.06258000000000
1 87343U          19290.39444444  .00000000  00000-0  00000-0 0 00000
2 87343 097.7460 102.4930 0000000 000.0000 172.3100 00.06258000000000
1 87343U          19290.66527778  .00000000  00000-0  00000-0 0 00000
2 87343 097.7450 102.7600 0000000 000.0000 194.8110 00.06258000000000
1 87343U          19290.95486111  .00000000  00000-0  00000-0 0 00000
2 87343 097.7450 103.0460 0000000 000.0000 318.5610 00.06258000000000
1 87343U          19291.35694444  .00000000  00000-0  00000-0 0 00000
2 87343 097.7450 103.4420 0000000 000.0000 329.8120 00.06258000000000
1 87343U          19291.60694444  .00000000  00000-0  00000-0 0 00000
2 87343 097.7450 103.6890 0000000 000.0000 239.8130 00.06258000000000
1 87343U          19292.05277778  .00000000  00000-0  00000-0 0 00000
2 87343 097.7450 104.1280 0000000 000.0000 127.3130 00.06258000000000
1 87343U          19292.37152778  .00000000  00000-0  00000-0 0 00000
2 87343 097.7450 104.4420 0000000 000.0000 048.5640 00.06258000000000
1 87343U          19292.60555556  .00000000  00000-0  00000-0 0 00000
2 87343 097.7450 104.6730 0000000 000.0000 232.3140 00.06258000000000
1 87343U          19293.00902778  .00000000  00000-0  00000-0 0 00000
2 87343 097.7440 105.0710 0000000 000.0000 251.0650 00.06258000000000
1 87343U          19293.40902778  .00000000  00000-0  00000-0 0 00000
2 87343 097.7440 105.4650 0000000 000.0000 251.0660 00.06258000000000
1 87343U          19293.70763889  .00000000  00000-0  00000-0 0 00000
2 87343 097.7440 105.7600 0000000 000.0000 063.5660 00.06258000000000
1 87343U          19294.03541667  .00000000  00000-0  00000-0 0 00000
2 87343 097.7440 106.0830 0000000 000.0000 033.5670 00.06258000000000
1 87343U          19294.35347222  .00000000  00000-0  00000-0 0 00000
2 87343 097.7440 106.3960 0000000 000.0000 311.0680 00.06258000000000
1 87343U          19294.68472222  .00000000  00000-0  00000-0 0 00000
2 87343 097.7440 106.7230 0000000 000.0000 299.8180 00.06258000000000
1 87343U          19294.98750000  .00000000  00000-0  00000-0 0 00000
2 87343 097.7430 107.0210 0000000 000.0000 134.8190 00.06258000000000
1 87343U          19295.38819444  .00000000  00000-0  00000-0 0 00000
2 87343 097.7430 107.4160 0000000 000.0000 138.5700 00.06258000000000
1 87343U          19295.70625000  .00000000  00000-0  00000-0 0 00000
2 87343 097.7430 107.7300 0000000 000.0000 056.0700 00.06258000000000
1 87343U          19295.91736111  .00000000  00000-0  00000-0 0 00000
2 87343 097.7430 107.9380 0000000 000.0000 116.0710 00.06258000000000
1 87343U          19296.30555556  .00000000  00000-0  00000-0 0 00000
2 87343 097.7430 108.3210 0000000 000.0000 052.3210 00.06258000000000
1 87343U          19296.73611111  .00000000  00000-0  00000-0 0 00000
2 87343 097.7420 108.7450 0000000 000.0000 217.3220 00.06258000000000
1 87343U          19296.94444444  .00000000  00000-0  00000-0 0 00000
2 87343 097.7420 108.9500 0000000 000.0000 262.3220 00.06258000000000
1 87343U          19297.33333333  .00000000  00000-0  00000-0 0 00000
2 87343 097.7420 109.3340 0000000 000.0000 202.3230 00.06258000000000
1 87343U          19297.66458333  .00000000  00000-0  00000-0 0 00000
2 87343 097.7420 109.6600 0000000 000.0000 191.0740 00.06258000000000
1 87343U          19298.06319444  .00000000  00000-0  00000-0 0 00000
2 87343 097.7410 110.0530 0000000 000.0000 183.5740 00.06258000000000
1 87343U          19298.38125000  .00000000  00000-0  00000-0 0 00000
2 87343 097.7410 110.3670 0000000 000.0000 101.0750 00.06258000000000
1 87343U          19298.73750000  .00000000  00000-0  00000-0 0 00000
2 87343 097.7410 110.7180 0000000 000.0000 224.8260 00.06258000000000
1 87343U          19298.92291667  .00000000  00000-0  00000-0 0 00000
2 87343 097.7410 110.9010 0000000 000.0000 146.0760 00.06258000000000
1 87343U          19299.38680556  .00000000  00000-0  00000-0 0 00000
2 87343 097.7410 111.3580 0000000 000.0000 131.0770 00.06258000000000
1 87343U          19299.74375000  .00000000  00000-0  00000-0 0 00000
2 87343 097.7400 111.7100 0000000 000.0000 258.5770 00.06258000000000
1 87343U          19300.01805556  .00000000  00000-0  00000-0 0 00000
2 87343 097.7400 111.9810 0000000 000.0000 299.8280 00.06258000000000
1 87343U          19300.36388889  .00000000  00000-0  00000-0 0 00000
2 87343 097.7400 112.3220 0000000 000.0000 007.3280 00.06258000000000
1 87343U          19300.71041667  .00000000  00000-0  00000-0 0 00000
2 87343 097.7400 112.6630 0000000 000.0000 078.5790 00.06258000000000
1 87343U          19300.95347222  .00000000  00000-0  00000-0 0 00000
2 87343 097.7390 112.9030 0000000 000.0000 311.0800 00.06258000000000
1 87343U          19301.40347222  .00000000  00000-0  00000-0 0 00000
2 87343 097.7390 113.3460 0000000 000.0000 221.0800 00.06258000000000
1 87343U          19301.65277778  .00000000  00000-0  00000-0 0 00000
2 87343 097.7390 113.5920 0000000 000.0000 127.3310 00.06258000000000
1 87343U          19301.97430556  .00000000  00000-0  00000-0 0 00000
2 87343 097.7390 113.9090 0000000 000.0000 063.5810 00.06258000000000
1 87343U          19302.32013889  .00000000  00000-0  00000-0 0 00000
2 87343 097.7380 114.2500 0000000 000.0000 131.0820 00.06258000000000
1 87343U          19302.68333333  .00000000  00000-0  00000-0 0 00000
2 87343 097.7380 114.6080 0000000 000.0000 292.3330 00.06258000000000
1 87343U          19302.95208333  .00000000  00000-0  00000-0 0 00000
2 87343 097.7380 114.8730 0000000 000.0000 303.5830 00.06258000000000
1 87343U          19303.25138889  .00000000  00000-0  00000-0 0 00000
2 87343 097.7380 115.1680 0000000 000.0000 119.8340 00.06258000000000
1 87343U          19303.70902778  .00000000  00000-0  00000-0 0 00000
2 87343 097.7370 115.6190 0000000 000.0000 071.0840 00.06258000000000
1 87343U          19304.00069444  .00000000  00000-0  00000-0 0 00000
2 87343 097.7370 115.9070 0000000 000.0000 206.0850 00.06258000000000
1 87343U          19304.36597222  .00000000  00000-0  00000-0 0 00000
2 87343 097.7370 116.2670 0000000 000.0000 018.5850 00.06258000000000
1 87343U          19304.63194444  .00000000  00000-0  00000-0 0 00000
2 87343 097.7370 116.5290 0000000 000.0000 014.8360 00.06258000000000
1 87343U          19304.99652778  .00000000  00000-0  00000-0 0 00000
2 87343 097.7360 116.8890 0000000 000.0000 183.5870 00.06258000000000
1 87343U          19305.40833333  .00000000  00000-0  00000-0 0 00000
2 87343 097.7360 117.2950 0000000 000.0000 247.3370 00.06258000000000
1 87343U          19305.60416667  .00000000  00000-0  00000-0 0 00000
2 87343 097.7360 117.4880 0000000 000.0000 224.8380 00.06258000000000
1 87343U          19305.99236111  .00000000  00000-0  00000-0 0 00000
2 87343 097.7350 117.8700 0000000 000.0000 161.0880 00.06258000000000
1 87343U          19306.33194444  .00000000  00000-0  00000-0 0 00000
2 87343 097.7350 118.2050 0000000 000.0000 194.8390 00.06258000000000
1 87343U          19306.59513889  .00000000  00000-0  00000-0 0 00000
2 87343 097.7350 118.4650 0000000 000.0000 176.0890 00.06258000000000
1 87343U          19306.97361111  .00000000  00000-0  00000-0 0 00000
2 87343 097.7350 118.8380 0000000 000.0000 059.8400 00.06258000000000
1 87343U          19307.37083333  .00000000  00000-0  00000-0 0 00000
2 87343 097.7340 119.2290 0000000 000.0000 044.8410 00.06258000000000
1 87343U          19307.62500000  .00000000  00000-0  00000-0 0 00000
2 87343 097.7340 119.4800 0000000 000.0000 337.3410 00.06258000000000
1 87343U          19308.02986111  .00000000  00000-0  00000-0 0 00000
2 87343 097.7340 119.8790 0000000 000.0000 003.5920 00.06258000000000
1 87343U          19308.25625000  .00000000  00000-0  00000-0 0 00000
2 87343 097.7330 120.1020 0000000 000.0000 146.0920 00.06258000000000
1 87343U          19308.69236111  .00000000  00000-0  00000-0 0 00000
2 87343 097.7330 120.5320 0000000 000.0000 341.0930 00.06258000000000
1 87343U          19309.07986111  .00000000  00000-0  00000-0 0 00000
2 87343 097.7330 120.9140 0000000 000.0000 273.5930 00.06258000000000
1 87343U          19309.27916667  .00000000  00000-0  00000-0 0 00000
2 87343 097.7320 121.1100 0000000 000.0000 269.8440 00.06258000000000
1 87343U          19309.68958333  .00000000  00000-0  00000-0 0 00000
2 87343 097.7320 121.5150 0000000 000.0000 326.0940 00.06258000000000
1 87343U          19309.93263889  .00000000  00000-0  00000-0 0 00000
2 87343 097.7320 121.7550 0000000 000.0000 198.5950 00.06258000000000
1 87343U          19310.26041667  .00000000  00000-0  00000-0 0 00000
2 87343 097.7310 122.0780 0000000 000.0000 168.5950 00.06258000000000
1 87343U          19310.61388889  .00000000  00000-0  00000-0 0 00000
2 87343 097.7310 122.4260 0000000 000.0000 277.3460 00.06258000000000
1 87343U          19311.00625000  .00000000  00000-0  00000-0 0 00000
2 87343 097.7310 122.8130 0000000 000.0000 236.0970 00.06258000000000
1 87343U          19311.30625000  .00000000  00000-0  00000-0 0 00000
2 87343 097.7300 123.1090 0000000 000.0000 056.0970 00.06258000000000
1 87343U          19311.71944444  .00000000  00000-0  00000-0 0 00000
2 87343 097.7300 123.5160 0000000 000.0000 127.3480 00.06258000000000
1 87343U          19311.89930556  .00000000  00000-0  00000-0 0 00000
2 87343 097.7300 123.6930 0000000 000.0000 018.5980 15.01914300000000
1 87343U          19312.18750000  .00000000  00000-0  00000-0 0 00000
2 87343 097.7290 123.9780 0000000 000.0000 134.8480 15.01914300000000
1 87343U          19312.60277778  .00000000  00000-0  00000-0 0 00000
2 87343 097.7290 124.3870 0000000 000.0000 217.3490 15.01914300000000
1 87343U          19312.90833333  .00000000  00000-0  00000-0 0 00000
2 87343 097.7290 124.6880 0000000 000.0000 067.3500 15.01914300000000
1 87343U          19313.18194444  .00000000  00000-0  00000-0 0 00000
2 87343 097.7280 124.9580 0000000 000.0000 104.8500 15.01914300000000
1 87343U          19313.50416667  .00000000  00000-0  00000-0 0 00000
2 87343 097.7280 125.2760 0000000 000.0000 044.8500 15.01914300000000
1 87343U          19313.81597222  .00000000  00000-0  00000-0 0 00000
2 87343 097.7280 125.5830 0000000 000.0000 288.6010 15.01914300000000
1 87343U          19314.29097222  .00000000  00000-0  00000-0 0 00000
2 87343 097.7270 126.0510 0000000 000.0000 333.6020 15.01914300000000
1 87343U          19314.48125000  .00000000  00000-0  00000-0 0 00000
2 87343 097.7270 126.2390 0000000 000.0000 281.1020 15.01914300000000
1 87343U          19314.94930556  .00000000  00000-0  00000-0 0 00000
2 87343 097.7260 126.7000 0000000 000.0000 288.6030 15.01914300000000
1 87343U          19315.23472222  .00000000  00000-0  00000-0 0 00000
2 87343 097.7260 126.9820 0000000 000.0000 029.8530 15.01914300000000
1 87343U          19315.55069444  .00000000  00000-0  00000-0 0 00000
2 87343 097.7260 127.2930 0000000 000.0000 296.1040 15.01914300000000
1 87343U          19315.85972222  .00000000  00000-0  00000-0 0 00000
2 87343 097.7250 127.5980 0000000 000.0000 164.8540 15.01914300000000
1 87343U          19316.30833333  .00000000  00000-0  00000-0 0 00000
2 87343 097.7250 128.0400 0000000 000.0000 067.3550 15.01914300000000
1 87343U          19316.54027778  .00000000  00000-0  00000-0 0 00000
2 87343 097.7250 128.2690 0000000 000.0000 239.8550 15.01914300000000
1 87343U          19316.84930556  .00000000  00000-0  00000-0 0 00000
2 87343 097.7240 128.5730 0000000 000.0000 108.6060 15.01914300000000
1 87343U          19317.14930556  .00000000  00000-0  00000-0 0 00000
2 87343 097.7240 128.8690 0000000 000.0000 288.6060 15.01914300000000
1 87343U          19317.63194444  .00000000  00000-0  00000-0 0 00000
2 87343 097.7230 129.3450 0000000 000.0000 014.8570 15.01914300000000
1 87343U          19317.91111111  .00000000  00000-0  00000-0 0 00000
2 87343 097.7230 129.6200 0000000 000.0000 082.3570 15.01914300000000
1 87343U          19318.15625000  .00000000  00000-0  00000-0 0 00000
2 87343 097.7230 129.8620 0000000 000.0000 326.1080 15.01914300000000
1 87343U          19318.54861111  .00000000  00000-0  00000-0 0 00000
2 87343 097.7220 130.2480 0000000 000.0000 284.8580 15.01914300000000
1 87343U          19318.87430556  .00000000  00000-0  00000-0 0 00000
2 87343 097.7220 130.5690 0000000 000.0000 243.6090 15.01914300000000
1 87343U          19318.89583333  .00000000  00000-0  00000-0 0 00000
2 87343 097.7220 130.5910 0019200 359.8590 000.0000 14.97591100000000
1 87343U          19319.29027778  .00000000  00000-0  00000-0 0 00000
2 87343 097.7270 130.9820 0001889 264.6290 060.5610 14.97431300000000
1 87343U          19319.64305556  .00000000  00000-0  00000-0 0 00000
2 87343 097.7310 131.3200 0012109 249.9570 175.9660 15.00476400000000
1 87343U          19319.83958333  .00000000  00000-0  00000-0 0 00000
2 87343 097.7280 131.5100 0003790 202.1350 202.6350 14.98438700000000
1 87343U          19320.17916667  .00000000  00000-0  00000-0 0 00000
2 87343 097.7320 131.8440 0015040 259.4170 174.8730 15.01022700000000
1 87343U          19320.48472222  .00000000  00000-0  00000-0 0 00000
2 87343 097.7290 132.1500 0016239 093.1460 187.3320 15.01286900000000
1 87343U          19320.82569444  .00000000  00000-0  00000-0 0 00000
2 87343 097.7270 132.4850 0003680 179.8070 137.6790 14.98232300000000
1 87343U          19321.24930556  .00000000  00000-0  00000-0 0 00000
2 87343 097.7320 132.8930 0016620 264.4420 175.3940 15.01292500000000
1 87343U          19321.53125000  .00000000  00000-0  00000-0 0 00000
2 87343 097.7190 133.1760 0004120 049.5150 109.2840 14.96277900000000
1 87343U          19321.93750000  .00000000  00000-0  00000-0 0 00000
2 87343 097.7180 133.5680 0002730 235.5060 312.0960 14.95555500000000
1 87343U          19322.19513889  .00000000  00000-0  00000-0 0 00000
2 87343 097.7260 133.8260 0010019 350.7740 144.8240 14.98430900000000
1 87343U          19322.60902778  .00000000  00000-0  00000-0 0 00000
2 87343 097.7220 134.2250 0015100 326.0950 244.6230 15.04038600000000
1 87343U          19322.90208333  .00000000  00000-0  00000-0 0 00000
2 87343 097.7180 134.5190 0015150 334.2750 022.7010 15.02472200000000
1 87343U          19323.30555556  .00000000  00000-0  00000-0 0 00000
2 87343 097.7210 134.9140 0005860 014.2530 003.5500 14.95555300000000
1 87343U          19323.48958333  .00000000  00000-0  00000-0 0 00000
2 87343 097.7250 135.1010 0012240 106.5280 182.3730 15.00383800000000
1 87343U          19323.85902778  .00000000  00000-0  00000-0 0 00000
2 87343 097.7260 135.4620 0017010 319.0850 159.6260 14.99600600000000
1 87343U          19324.21875000  .00000000  00000-0  00000-0 0 00000
2 87343 097.7290 135.8130 0020610 107.7170 157.8270 15.09418000000000
1 87343U          19324.62500000  .00000000  00000-0  00000-0 0 00000
2 87343 097.7230 136.2220 0015050 138.1960 165.2000 14.98794600000000
1 87343U          19324.87916667  .00000000  00000-0  00000-0 0 00000
2 87343 097.7220 136.4600 0010260 048.6460 183.4310 14.98317300000000
1 87343U          19325.16250000  .00000000  00000-0  00000-0 0 00000
2 87343 097.7210 136.7460 0010060 159.2110 158.3490 14.97318200000000
1 87343U          19325.58333333  .00000000  00000-0  00000-0 0 00000
2 87343 097.7230 137.1570 0012120 281.3730 153.1490 15.08633500000000
1 87343U          19325.84027778  .00000000  00000-0  00000-0 0 00000
2 87343 097.7170 137.4080 0009789 039.9380 345.9000 15.04108000000000
1 87343U          19325.89583333  .00000000  00000-0  00000-0 0 00000
2 87343 097.7180 137.4710 0004250 007.2440 319.3160 15.04853000000000
1 87343U          19326.16180556  .00000000  00000-0  00000-0 0 00000
2 87343 097.7190 137.7320 0005059 146.6030 173.0290 14.97207200000000
1 87343U          19326.55138889  .00000000  00000-0  00000-0 0 00000
2 87343 097.7220 138.1080 0020490 067.8970 189.6760 15.00400900000000
1 87343U          19326.89652778  .00000000  00000-0  00000-0 0 00000
2 87343 097.7170 138.4540 0012070 285.7230 037.7180 15.03819700000000
1 87343U          19327.14722222  .00000000  00000-0  00000-0 0 00000
2 87343 097.7210 138.6910 0017860 354.2210 245.5600 15.06193500000000
1 87343U          19327.63819444  .00000000  00000-0  00000-0 0 00000
2 87343 097.7130 139.1810 0021310 284.4670 091.1700 14.98881900000000
1 87343U          19327.91944444  .00000000  00000-0  00000-0 0 00000
2 87343 097.7200 139.4540 0007450 189.3430 255.8860 14.95277600000000
1 87343U          19328.23750000  .00000000  00000-0  00000-0 0 00000
2 87343 097.7130 139.7680 0019220 054.5840 308.5240 15.00822800000000
1 87343U          19328.54861111  .00000000  00000-0  00000-0 0 00000
2 87343 097.7170 140.0730 0030300 058.8570 186.4610 15.05787100000000
1 87343U          19328.83194444  .00000000  00000-0  00000-0 0 00000
2 87343 097.7130 140.3590 0012890 058.8440 278.3750 15.01734400000000
1 87343U          19329.21458333  .00000000  00000-0  00000-0 0 00000
2 87343 097.7200 140.7290 0030310 059.6430 186.5770 15.05920600000000
1 87343U          19329.62361111  .00000000  00000-0  00000-0 0 00000
2 87343 097.7180 141.1390 0012510 200.9680 090.7220 14.94429300000000
1 87343U          19329.96875000  .00000000  00000-0  00000-0 0 00000
2 87343 097.7070 141.4740 0007680 007.9180 346.6470 15.06338500000000
1 87343U          19330.22916667  .00000000  00000-0  00000-0 0 00000
2 87343 097.7130 141.7380 0012040 296.7810 029.8670 14.92431500000000
1 87343U          19330.50000000  .00000000  00000-0  00000-0 0 00000
2 87343 097.7070 142.0010 0015900 311.8460 029.2570 14.91237600000000
1 87343U          19330.83333333  .00000000  00000-0  00000-0 0 00000
2 87343 097.7100 142.3280 0012630 036.2090 305.5770 15.02023600000000
1 87343U          19331.25138889  .00000000  00000-0  00000-0 0 00000
2 87343 097.7190 142.7360 0008100 309.9380 133.2500 15.07447000000000
1 87343U          19331.60208333  .00000000  00000-0  00000-0 0 00000
2 87343 097.7060 143.0860 0011430 068.6030 111.5530 15.01459000000000
1 87343U          19331.83680556  .00000000  00000-0  00000-0 0 00000
2 87343 097.7070 143.3130 0002509 125.1950 239.3580 14.92817000000000
1 87343U          19332.20138889  .00000000  00000-0  00000-0 0 00000
2 87343 097.7080 143.6720 0015620 252.3820 274.8730 15.00684000000000
1 87343U          19332.49305556  .00000000  00000-0  00000-0 0 00000
2 87343 097.7110 143.9650 0015750 223.8360 079.9670 15.04563000000000
1 87343U          19332.88194444  .00000000  00000-0  00000-0 0 00000
2 87343 097.7140 144.3390 0008699 314.6270 291.3740 15.05447600000000
