1 8740U          19281.94097222  .00000000  00000-0  00000-0 0 00000
2 8740 097.6720 17.0010 0000000 000.0000 281.1460 15.01920000000000
1 8740U          19282.25000000  .00000000  00000-0  00000-0 0 00000
2 8740 097.6730 17.3060 0000000 000.0000 149.8960 15.01920000000000
1 8740U          19282.67916667  .00000000  00000-0  00000-0 0 00000
2 8740 097.6740 17.7290 0000000 000.0000 307.3960 15.01920000000000
1 8740U          19283.03263889  .00000000  00000-0  00000-0 0 00000
2 8740 097.6740 18.0770 0000000 000.0000 056.1470 15.01920000000000
1 8740U          19283.41180556  .00000000  00000-0  00000-0 0 00000
2 8740 097.6750 18.4510 0000000 000.0000 303.6470 15.01920000000000
1 8740U          19283.67083333  .00000000  00000-0  00000-0 0 00000
2 8740 097.6750 18.7060 0000000 000.0000 262.3970 15.01920000000000
1 8740U          19284.07777778  .00000000  00000-0  00000-0 0 00000
2 8740 097.6760 19.1080 0000000 000.0000 299.8970 15.01920000000000
1 8740U          19284.32708333  .00000000  00000-0  00000-0 0 00000
2 8740 097.6770 19.3530 0000000 000.0000 206.1470 15.01920000000000
1 8740U          19284.67291667  .00000000  00000-0  00000-0 0 00000
2 8740 097.6770 19.6940 0000000 000.0000 273.6480 15.01920000000000
1 8740U          19285.03611111  .00000000  00000-0  00000-0 0 00000
2 8740 097.6780 20.0520 0000000 000.0000 074.8980 15.01920000000000
1 8740U          19285.25000000  .00000000  00000-0  00000-0 0 00000
2 8740 097.6780 20.2630 0000000 000.0000 149.8980 15.01920000000000
1 8740U          19285.61319444  .00000000  00000-0  00000-0 0 00000
2 8740 097.6790 20.6210 0000000 000.0000 311.1480 15.01920000000000
1 8740U          19285.98472222  .00000000  00000-0  00000-0 0 00000
2 8740 097.6790 20.9870 0000000 000.0000 157.3990 15.01920000000000
1 8740U          19286.28402778  .00000000  00000-0  00000-0 0 00000
2 8740 097.6800 21.2820 0000000 000.0000 333.6490 15.01920000000000
1 8740U          19286.65763889  .00000000  00000-0  00000-0 0 00000
2 8740 097.6810 21.6510 0000000 000.0000 191.1490 15.01920000000000
1 8740U          19287.00833333  .00000000  00000-0  00000-0 0 00000
2 8740 097.6810 21.9960 0000000 000.0000 284.8990 15.01920000000000
1 8740U          19287.32222222  .00000000  00000-0  00000-0 0 00000
2 8740 097.6820 22.3060 0000000 000.0000 179.9000 15.01920000000000
1 8740U          19287.65347222  .00000000  00000-0  00000-0 0 00000
2 8740 097.6820 22.6320 0000000 000.0000 168.6500 15.01920000000000
1 8740U          19288.00347222  .00000000  00000-0  00000-0 0 00000
2 8740 097.6830 22.9770 0000000 000.0000 258.6500 15.01920000000000
1 8740U          19288.37986111  .00000000  00000-0  00000-0 0 00000
2 8740 097.6840 23.3480 0000000 000.0000 131.1500 15.01920000000000
1 8740U          19288.68541667  .00000000  00000-0  00000-0 0 00000
2 8740 097.6840 23.6490 0000000 000.0000 341.1510 15.01920000000000
1 8740U          19289.04166667  .00000000  00000-0  00000-0 0 00000
2 8740 097.6850 24.0010 0000000 000.0000 104.9010 15.01920000000000
1 8740U          19289.25902778  .00000000  00000-0  00000-0 0 00000
2 8740 097.6850 24.2150 0000000 000.0000 198.6510 15.01920000000000
1 8740U          19289.67777778  .00000000  00000-0  00000-0 0 00000
2 8740 097.6860 24.6280 0000000 000.0000 299.9010 15.01920000000000
1 8740U          19289.93750000  .00000000  00000-0  00000-0 0 00000
2 8740 097.6860 24.8840 0000000 000.0000 262.4020 15.01920000000000
1 8740U          19290.35416667  .00000000  00000-0  00000-0 0 00000
2 8740 097.6870 25.2940 0000000 000.0000 352.4020 15.01920000000000
1 8740U          19290.71388889  .00000000  00000-0  00000-0 0 00000
2 8740 097.6880 25.6490 0000000 000.0000 134.9020 15.01920000000000
1 8740U          19291.07152778  .00000000  00000-0  00000-0 0 00000
2 8740 097.6880 26.0010 0000000 000.0000 266.1530 15.01920000000000
1 8740U          19291.35277778  .00000000  00000-0  00000-0 0 00000
2 8740 097.6890 26.2790 0000000 000.0000 344.9030 15.01920000000000
1 8740U          19291.62222222  .00000000  00000-0  00000-0 0 00000
2 8740 097.6890 26.5440 0000000 000.0000 359.9030 15.01920000000000
1 8740U          19291.94583333  .00000000  00000-0  00000-0 0 00000
2 8740 097.6900 26.8630 0000000 000.0000 307.4030 15.01920000000000
1 8740U          19292.26944444  .00000000  00000-0  00000-0 0 00000
2 8740 097.6900 27.1820 0000000 000.0000 254.9040 15.01920000000000
1 8740U          19292.72777778  .00000000  00000-0  00000-0 0 00000
2 8740 097.6910 27.6340 0000000 000.0000 209.9040 15.01920000000000
1 8740U          19292.93888889  .00000000  00000-0  00000-0 0 00000
2 8740 097.6910 27.8420 0000000 000.0000 269.9040 15.01920000000000
1 8740U          19293.30069444  .00000000  00000-0  00000-0 0 00000
2 8740 097.6920 28.1990 0000000 000.0000 063.6550 15.01920000000000
1 8740U          19293.62361111  .00000000  00000-0  00000-0 0 00000
2 8740 097.6920 28.5170 0000000 000.0000 007.4050 15.01920000000000
1 8740U          19294.02569444  .00000000  00000-0  00000-0 0 00000
2 8740 097.6930 28.9130 0000000 000.0000 018.6550 15.01920000000000
1 8740U          19294.32083333  .00000000  00000-0  00000-0 0 00000
2 8740 097.6930 29.2040 0000000 000.0000 172.4060 15.01920000000000
1 8740U          19294.59027778  .00000000  00000-0  00000-0 0 00000
2 8740 097.6940 29.4700 0000000 000.0000 187.4060 15.01920000000000
1 8740U          19295.03194444  .00000000  00000-0  00000-0 0 00000
2 8740 097.6950 29.9050 0000000 000.0000 052.4060 15.01920000000000
1 8740U          19295.35000000  .00000000  00000-0  00000-0 0 00000
2 8740 097.6950 30.2190 0000000 000.0000 329.9070 15.01920000000000
1 8740U          19295.63541667  .00000000  00000-0  00000-0 0 00000
2 8740 097.6960 30.5000 0000000 000.0000 071.1570 15.01920000000000
1 8740U          19296.02083333  .00000000  00000-0  00000-0 0 00000
2 8740 097.6960 30.8800 0000000 000.0000 352.4070 15.01920000000000
1 8740U          19296.39930556  .00000000  00000-0  00000-0 0 00000
2 8740 097.6970 31.2530 0000000 000.0000 236.1580 15.01920000000000
1 8740U          19296.70694444  .00000000  00000-0  00000-0 0 00000
2 8740 097.6970 31.5560 0000000 000.0000 097.4080 15.01920000000000
1 8740U          19296.96666667  .00000000  00000-0  00000-0 0 00000
2 8740 097.6980 31.8120 0000000 000.0000 059.9080 15.01920000000000
1 8740U          19297.40138889  .00000000  00000-0  00000-0 0 00000
2 8740 097.6980 32.2410 0000000 000.0000 247.4090 15.01920000000000
1 8740U          19297.63402778  .00000000  00000-0  00000-0 0 00000
2 8740 097.6990 32.4700 0000000 000.0000 063.6590 15.01920000000000
1 8740U          19298.05555556  .00000000  00000-0  00000-0 0 00000
2 8740 097.6990 32.8860 0000000 000.0000 179.9090 15.01920000000000
1 8740U          19298.37361111  .00000000  00000-0  00000-0 0 00000
2 8740 097.7000 33.1990 0000000 000.0000 097.4100 15.01920000000000
1 8740U          19298.61319444  .00000000  00000-0  00000-0 0 00000
2 8740 097.7000 33.4350 0000000 000.0000 311.1600 15.01920000000000
1 8740U          19298.92777778  .00000000  00000-0  00000-0 0 00000
2 8740 097.7010 33.7460 0000000 000.0000 209.9100 15.01920000000000
1 8740U          19299.38611111  .00000000  00000-0  00000-0 0 00000
2 8740 097.7010 34.1970 0000000 000.0000 164.9110 15.01920000000000
1 8740U          19299.71180556  .00000000  00000-0  00000-0 0 00000
2 8740 097.7020 34.5180 0000000 000.0000 123.6610 15.01920000000000
1 8740U          19299.97777778  .00000000  00000-0  00000-0 0 00000
2 8740 097.7020 34.7810 0000000 000.0000 119.9120 15.01920000000000
1 8740U          19300.38333333  .00000000  00000-0  00000-0 0 00000
2 8740 097.7030 35.1800 0000000 000.0000 149.9120 15.01920000000000
1 8740U          19300.73194444  .00000000  00000-0  00000-0 0 00000
2 8740 097.7040 35.5240 0000000 000.0000 232.4120 15.01920000000000
1 8740U          19301.00138889  .00000000  00000-0  00000-0 0 00000
2 8740 097.7040 35.7900 0000000 000.0000 247.4130 15.01920000000000
1 8740U          19301.32430556  .00000000  00000-0  00000-0 0 00000
2 8740 097.7040 36.1080 0000000 000.0000 191.1630 15.01920000000000
1 8740U          19301.74722222  .00000000  00000-0  00000-0 0 00000
2 8740 097.7050 36.5250 0000000 000.0000 314.9140 15.01920000000000
1 8740U          19302.02291667  .00000000  00000-0  00000-0 0 00000
2 8740 097.7050 36.7970 0000000 000.0000 003.6640 15.01920000000000
1 8740U          19302.40833333  .00000000  00000-0  00000-0 0 00000
2 8740 097.7060 37.1770 0000000 000.0000 284.9140 15.01920000000000
1 8740U          19302.61597222  .00000000  00000-0  00000-0 0 00000
2 8740 097.7060 37.3810 0000000 000.0000 326.1650 15.01920000000000
1 8740U          19303.00763889  .00000000  00000-0  00000-0 0 00000
2 8740 097.7070 37.7670 0000000 000.0000 281.1650 15.01920000000000
1 8740U          19303.38472222  .00000000  00000-0  00000-0 0 00000
2 8740 097.7070 38.1390 0000000 000.0000 157.4150 15.01920000000000
1 8740U          19303.71875000  .00000000  00000-0  00000-0 0 00000
2 8740 097.7080 38.4680 0000000 000.0000 161.1660 15.01920000000000
1 8740U          19303.98680556  .00000000  00000-0  00000-0 0 00000
2 8740 097.7080 38.7330 0000000 000.0000 168.6660 15.01920000000000
1 8740U          19304.25069444  .00000000  00000-0  00000-0 0 00000
2 8740 097.7090 38.9930 0000000 000.0000 153.6670 15.01920000000000
1 8740U          19304.60347222  .00000000  00000-0  00000-0 0 00000
2 8740 097.7090 39.3400 0000000 000.0000 258.6670 15.01920000000000
1 8740U          19305.04097222  .00000000  00000-0  00000-0 0 00000
2 8740 097.7100 39.7720 0000000 000.0000 101.1680 15.01920000000000
1 8740U          19305.38402778  .00000000  00000-0  00000-0 0 00000
2 8740 097.7100 40.1100 0000000 000.0000 153.6680 15.01920000000000
1 8740U          19305.74236111  .00000000  00000-0  00000-0 0 00000
2 8740 097.7110 40.4630 0000000 000.0000 288.6680 15.01920000000000
1 8740U          19306.04305556  .00000000  00000-0  00000-0 0 00000
2 8740 097.7110 40.7600 0000000 000.0000 112.4190 15.01920000000000
1 8740U          19306.36180556  .00000000  00000-0  00000-0 0 00000
2 8740 097.7120 41.0740 0000000 000.0000 033.6690 15.01920000000000
1 8740U          19306.70277778  .00000000  00000-0  00000-0 0 00000
2 8740 097.7120 41.4100 0000000 000.0000 074.9200 15.01920000000000
1 8740U          19307.08194444  .00000000  00000-0  00000-0 0 00000
2 8740 097.7130 41.7840 0000000 000.0000 322.4200 15.01920000000000
1 8740U          19307.37638889  .00000000  00000-0  00000-0 0 00000
2 8740 097.7130 42.0740 0000000 000.0000 112.4200 15.01920000000000
1 8740U          19307.60069444  .00000000  00000-0  00000-0 0 00000
2 8740 097.7130 42.2950 0000000 000.0000 243.6710 15.01920000000000
1 8740U          19307.92708333  .00000000  00000-0  00000-0 0 00000
2 8740 097.7140 42.6170 0000000 000.0000 206.1710 15.01920000000000
1 8740U          19308.39722222  .00000000  00000-0  00000-0 0 00000
2 8740 097.7140 43.0800 0000000 000.0000 224.9220 15.01920000000000
1 8740U          19308.70486111  .00000000  00000-0  00000-0 0 00000
2 8740 097.7150 43.3830 0000000 000.0000 086.1720 15.01920000000000
1 8740U          19309.01250000  .00000000  00000-0  00000-0 0 00000
2 8740 097.7150 43.6870 0000000 000.0000 307.4230 15.01920000000000
1 8740U          19309.32430556  .00000000  00000-0  00000-0 0 00000
2 8740 097.7160 43.9940 0000000 000.0000 191.1730 15.01920000000000
1 8740U          19309.72847222  .00000000  00000-0  00000-0 0 00000
2 8740 097.7160 44.3930 0000000 000.0000 213.6740 15.01920000000000
1 8740U          19310.01875000  .00000000  00000-0  00000-0 0 00000
2 8740 097.7170 44.6790 0000000 000.0000 341.1740 15.01920000000000
1 8740U          19310.31458333  .00000000  00000-0  00000-0 0 00000
2 8740 097.7170 44.9700 0000000 000.0000 138.6740 15.01920000000000
1 8740U          19310.73958333  .00000000  00000-0  00000-0 0 00000
2 8740 097.7180 45.3890 0000000 000.0000 273.6750 15.01920000000000
1 8740U          19310.93888889  .00000000  00000-0  00000-0 0 00000
2 8740 097.7180 45.5860 0000000 000.0000 269.9250 15.01920000000000
1 8740U          19311.30763889  .00000000  00000-0  00000-0 0 00000
2 8740 097.7180 45.9490 0000000 000.0000 101.1760 15.01920000000000
1 8740U          19311.66527778  .00000000  00000-0  00000-0 0 00000
2 8740 097.7190 46.3020 0000000 000.0000 232.4260 15.01920000000000
1 8740U          19311.89583333  .00000000  00000-0  00000-0 0 00000
2 8740 097.7190 46.5290 0000000 000.0000 037.4270 15.01914300000000
1 8740U          19312.18680556  .00000000  00000-0  00000-0 0 00000
2 8740 097.7190 46.8160 0000000 000.0000 168.6770 15.01914300000000
1 8740U          19312.49583333  .00000000  00000-0  00000-0 0 00000
2 8740 097.7200 47.1210 0000000 000.0000 037.4270 15.01914300000000
1 8740U          19312.92291667  .00000000  00000-0  00000-0 0 00000
2 8740 097.7200 47.5420 0000000 000.0000 183.6780 15.01914300000000
1 8740U          19313.30763889  .00000000  00000-0  00000-0 0 00000
2 8740 097.7210 47.9210 0000000 000.0000 101.1790 15.01914300000000
1 8740U          19313.62222222  .00000000  00000-0  00000-0 0 00000
2 8740 097.7210 48.2310 0000000 000.0000 359.9290 15.01914300000000
1 8740U          19313.85347222  .00000000  00000-0  00000-0 0 00000
2 8740 097.7220 48.4590 0000000 000.0000 168.6790 15.01914300000000
1 8740U          19314.26458333  .00000000  00000-0  00000-0 0 00000
2 8740 097.7220 48.8640 0000000 000.0000 228.6800 15.01914300000000
1 8740U          19314.60486111  .00000000  00000-0  00000-0 0 00000
2 8740 097.7220 49.2000 0000000 000.0000 266.1810 15.01914300000000
1 8740U          19314.95763889  .00000000  00000-0  00000-0 0 00000
2 8740 097.7230 49.5470 0000000 000.0000 011.1810 15.01914300000000
1 8740U          19315.17222222  .00000000  00000-0  00000-0 0 00000
2 8740 097.7230 49.7590 0000000 000.0000 089.9310 15.01914300000000
1 8740U          19315.49166667  .00000000  00000-0  00000-0 0 00000
2 8740 097.7230 50.0740 0000000 000.0000 014.9320 15.01914300000000
1 8740U          19315.87847222  .00000000  00000-0  00000-0 0 00000
2 8740 097.7240 50.4550 0000000 000.0000 303.6820 15.01914300000000
1 8740U          19316.17847222  .00000000  00000-0  00000-0 0 00000
2 8740 097.7240 50.7510 0000000 000.0000 123.6830 15.01914300000000
1 8740U          19316.53680556  .00000000  00000-0  00000-0 0 00000
2 8740 097.7250 51.1040 0000000 000.0000 258.6830 15.01914300000000
1 8740U          19316.97569444  .00000000  00000-0  00000-0 0 00000
2 8740 097.7250 51.5370 0000000 000.0000 108.6840 15.01914300000000
1 8740U          19317.24861111  .00000000  00000-0  00000-0 0 00000
2 8740 097.7260 51.8060 0000000 000.0000 142.4340 15.01914300000000
1 8740U          19317.57083333  .00000000  00000-0  00000-0 0 00000
2 8740 097.7260 52.1230 0000000 000.0000 082.4350 15.01914300000000
1 8740U          19317.81736111  .00000000  00000-0  00000-0 0 00000
2 8740 097.7260 52.3670 0000000 000.0000 333.6850 15.01914300000000
1 8740U          19318.21111111  .00000000  00000-0  00000-0 0 00000
2 8740 097.7270 52.7550 0000000 000.0000 299.9360 15.01914300000000
1 8740U          19318.55208333  .00000000  00000-0  00000-0 0 00000
2 8740 097.7270 53.0910 0000000 000.0000 341.1860 15.01914300000000
1 8740U          19318.89583333  .00000000  00000-0  00000-0 0 00000
2 8740 097.7270 53.4300 0000000 000.0000 037.4370 15.01914300000000
1 8740U          19318.89583333  .00000000  00000-0  00000-0 0 00000
2 8740 097.7270 53.4300 0000000 000.0000 037.4370 15.01914300000000
1 8740U          19319.25972222  .00000000  00000-0  00000-0 0 00000
2 8740 097.7280 53.7880 0000000 000.0000 202.4380 15.01914300000000
1 8740U          19319.61180556  .00000000  00000-0  00000-0 0 00000
2 8740 097.7280 54.1350 0000000 000.0000 303.6880 15.01914300000000
1 8740U          19319.97847222  .00000000  00000-0  00000-0 0 00000
2 8740 097.7290 54.4970 0000000 000.0000 123.6890 15.01914300000000
1 8740U          19320.30833333  .00000000  00000-0  00000-0 0 00000
2 8740 097.7290 54.8220 0000000 000.0000 104.9390 15.01914300000000
1 8740U          19320.51388889  .00000000  00000-0  00000-0 0 00000
2 8740 097.7290 55.0250 0000000 000.0000 134.9400 15.01914300000000
1 8740U          19320.88125000  .00000000  00000-0  00000-0 0 00000
2 8740 097.7300 55.3870 0000000 000.0000 318.6900 15.01914300000000
1 8740U          19321.30347222  .00000000  00000-0  00000-0 0 00000
2 8740 097.7300 55.8030 0000000 000.0000 078.6910 15.01914300000000
1 8740U          19321.53125000  .00000000  00000-0  00000-0 0 00000
2 8740 097.7300 56.0280 0000000 000.0000 228.6910 15.01914300000000
1 8740U          19321.86944444  .00000000  00000-0  00000-0 0 00000
2 8740 097.7310 56.3610 0000000 000.0000 254.9420 15.01914300000000
1 8740U          19322.23472222  .00000000  00000-0  00000-0 0 00000
2 8740 097.7310 56.7210 0000000 000.0000 067.4420 15.01914300000000
1 8740U          19322.64236111  .00000000  00000-0  00000-0 0 00000
2 8740 097.7310 57.1230 0000000 000.0000 108.6930 15.01914300000000
1 8740U          19322.90486111  .00000000  00000-0  00000-0 0 00000
2 8740 097.7320 57.3820 0000000 000.0000 086.1930 15.01914300000000
1 8740U          19323.29791667  .00000000  00000-0  00000-0 0 00000
2 8740 097.7320 57.7690 0000000 000.0000 048.6940 15.01914300000000
1 8740U          19323.59513889  .00000000  00000-0  00000-0 0 00000
2 8740 097.7320 58.0620 0000000 000.0000 213.6940 15.01914300000000
1 8740U          19323.92430556  .00000000  00000-0  00000-0 0 00000
2 8740 097.7330 58.3870 0000000 000.0000 191.1950 15.01914300000000
1 8740U          19324.27916667  .00000000  00000-0  00000-0 0 00000
2 8740 097.7330 58.7370 0000000 000.0000 307.4460 15.01914300000000
1 8740U          19324.54513889  .00000000  00000-0  00000-0 0 00000
2 8740 097.7330 58.9990 0000000 000.0000 303.6960 15.01914300000000
1 8740U          19324.84791667  .00000000  00000-0  00000-0 0 00000
2 8740 097.7330 59.2970 0000000 000.0000 138.6970 15.01914300000000
1 8740U          19325.20902778  .00000000  00000-0  00000-0 0 00000
2 8740 097.7340 59.6530 0000000 000.0000 288.6970 15.01914300000000
1 8740U          19325.52152778  .00000000  00000-0  00000-0 0 00000
2 8740 097.7340 59.9610 0000000 000.0000 176.1980 15.01914300000000
1 8740U          19325.83611111  .00000000  00000-0  00000-0 0 00000
2 8740 097.7340 60.2720 0000000 000.0000 074.9480 15.01914300000000
1 8740U          19325.89583333  .00000000  00000-0  00000-0 0 00000
2 8740 097.7340 60.3300 0000000 000.0000 037.4480 15.01914300000000
1 8740U          19326.27569444  .00000000  00000-0  00000-0 0 00000
2 8740 097.7350 60.7050 0000000 000.0000 288.6990 15.01914300000000
1 8740U          19326.52847222  .00000000  00000-0  00000-0 0 00000
2 8740 097.7350 60.9540 0000000 000.0000 213.6990 15.01914300000000
1 8740U          19326.96111111  .00000000  00000-0  00000-0 0 00000
2 8740 097.7350 61.3810 0000000 000.0000 029.9500 15.01914300000000
1 8740U          19327.18958333  .00000000  00000-0  00000-0 0 00000
2 8740 097.7360 61.6060 0000000 000.0000 183.7000 15.01914300000000
1 8740U          19327.59236111  .00000000  00000-0  00000-0 0 00000
2 8740 097.7360 62.0030 0000000 000.0000 198.7010 15.01914300000000
1 8740U          19327.88750000  .00000000  00000-0  00000-0 0 00000
2 8740 097.7360 62.2940 0000000 000.0000 352.4520 15.01914300000000
1 8740U          19328.27708333  .00000000  00000-0  00000-0 0 00000
2 8740 097.7370 62.6780 0000000 000.0000 296.2020 15.01914300000000
1 8740U          19328.49305556  .00000000  00000-0  00000-0 0 00000
2 8740 097.7370 62.8910 0000000 000.0000 022.4530 15.01914300000000
1 8740U          19328.90555556  .00000000  00000-0  00000-0 0 00000
2 8740 097.7370 63.2970 0000000 000.0000 089.9530 15.01914300000000
1 8740U          19329.22986111  .00000000  00000-0  00000-0 0 00000
2 8740 097.7370 63.6170 0000000 000.0000 041.2040 15.01914300000000
1 8740U          19329.53958333  .00000000  00000-0  00000-0 0 00000
2 8740 097.7380 63.9230 0000000 000.0000 273.7050 15.01914300000000
1 8740U          19329.96597222  .00000000  00000-0  00000-0 0 00000
2 8740 097.7380 64.3430 0000000 000.0000 056.2050 15.01914300000000
1 8740U          19330.30972222  .00000000  00000-0  00000-0 0 00000
2 8740 097.7380 64.6820 0000000 000.0000 112.4560 15.01914300000000
1 8740U          19330.62777778  .00000000  00000-0  00000-0 0 00000
2 8740 097.7380 64.9950 0000000 000.0000 029.9560 15.01914300000000
1 8740U          19330.88611111  .00000000  00000-0  00000-0 0 00000
2 8740 097.7390 65.2500 0000000 000.0000 344.9570 15.01914300000000
1 8740U          19331.28819444  .00000000  00000-0  00000-0 0 00000
2 8740 097.7390 65.6460 0000000 000.0000 356.2080 15.01914300000000
1 8740U          19331.52013889  .00000000  00000-0  00000-0 0 00000
2 8740 097.7390 65.8750 0000000 000.0000 168.7080 15.01914300000000
1 8740U          19331.96180556  .00000000  00000-0  00000-0 0 00000
2 8740 097.7390 66.3100 0000000 000.0000 033.7090 15.01914300000000
1 8740U          19332.19444444  .00000000  00000-0  00000-0 0 00000
2 8740 097.7400 66.5400 0000000 000.0000 209.9590 15.01914300000000
1 8740U          19332.56180556  .00000000  00000-0  00000-0 0 00000
2 8740 097.7400 66.9020 0000000 000.0000 033.7100 15.01914300000000
1 8740U          19332.86736111  .00000000  00000-0  00000-0 0 00000
2 8740 097.7400 67.2030 0000000 000.0000 243.7100 15.01914300000000
1 8740U          19325.89583333  .00000000  00000-0  00000-0 0 00000
2 8740 097.7340 60.3300 0000000 000.0000 037.4480 15.01914300000000
1 8740U          19325.99375000  .00000000  00000-0  00000-0 0 00000
2 8740 097.7350 60.4270 0000000 000.0000 206.1980 15.01914300000000
1 8740U          19326.06527778  .00000000  00000-0  00000-0 0 00000
2 8740 097.7350 60.4970 0000000 000.0000 232.4490 15.01914300000000
1 8740U          19326.13888889  .00000000  00000-0  00000-0 0 00000
2 8740 097.7350 60.5700 0000000 000.0000 269.9490 15.01914300000000
1 8740U          19326.24722222  .00000000  00000-0  00000-0 0 00000
2 8740 097.7350 60.6770 0000000 000.0000 134.9490 15.01914300000000
1 8740U          19326.30138889  .00000000  00000-0  00000-0 0 00000
2 8740 097.7350 60.7300 0000000 000.0000 067.4490 15.01914300000000
1 8740U          19326.37847222  .00000000  00000-0  00000-0 0 00000
2 8740 097.7350 60.8060 0000000 000.0000 123.6990 15.01914300000000
1 8740U          19326.45972222  .00000000  00000-0  00000-0 0 00000
2 8740 097.7350 60.8860 0000000 000.0000 202.4490 15.01914300000000
1 8740U          19326.55069444  .00000000  00000-0  00000-0 0 00000
2 8740 097.7350 60.9760 0000000 000.0000 333.6990 15.01914300000000
1 8740U          19326.63750000  .00000000  00000-0  00000-0 0 00000
2 8740 097.7350 61.0620 0000000 000.0000 082.4500 15.01914300000000
1 8740U          19326.72152778  .00000000  00000-0  00000-0 0 00000
2 8740 097.7350 61.1440 0000000 000.0000 176.2000 15.01914300000000
1 8740U          19326.82083333  .00000000  00000-0  00000-0 0 00000
2 8740 097.7350 61.2420 0000000 000.0000 352.4500 15.01914300000000
1 8740U          19326.90138889  .00000000  00000-0  00000-0 0 00000
2 8740 097.7350 61.3220 0000000 000.0000 067.4500 15.01914300000000
1 8740U          19326.99166667  .00000000  00000-0  00000-0 0 00000
2 8740 097.7350 61.4110 0000000 000.0000 194.9500 15.01914300000000
1 8740U          19327.06944444  .00000000  00000-0  00000-0 0 00000
2 8740 097.7350 61.4870 0000000 000.0000 254.9500 15.01914300000000
1 8740U          19327.14722222  .00000000  00000-0  00000-0 0 00000
2 8740 097.7360 61.5640 0000000 000.0000 314.9500 15.01914300000000
1 8740U          19327.23680556  .00000000  00000-0  00000-0 0 00000
2 8740 097.7360 61.6520 0000000 000.0000 078.7010 15.01914300000000
1 8740U          19327.31111111  .00000000  00000-0  00000-0 0 00000
2 8740 097.7360 61.7260 0000000 000.0000 119.9510 15.01914300000000
1 8740U          19327.39375000  .00000000  00000-0  00000-0 0 00000
2 8740 097.7360 61.8070 0000000 000.0000 206.2010 15.01914300000000
1 8740U          19327.49236111  .00000000  00000-0  00000-0 0 00000
2 8740 097.7360 61.9040 0000000 000.0000 018.7010 15.01914300000000
1 8740U          19327.55902778  .00000000  00000-0  00000-0 0 00000
2 8740 097.7360 61.9700 0000000 000.0000 018.7010 15.01914300000000
1 8740U          19327.63125000  .00000000  00000-0  00000-0 0 00000
2 8740 097.7360 62.0410 0000000 000.0000 048.7010 15.01914300000000
1 8740U          19327.74513889  .00000000  00000-0  00000-0 0 00000
2 8740 097.7360 62.1540 0000000 000.0000 303.7010 15.01914300000000
1 8740U          19327.80069444  .00000000  00000-0  00000-0 0 00000
2 8740 097.7360 62.2080 0000000 000.0000 243.7020 15.01914300000000
1 8740U          19327.89583333  .00000000  00000-0  00000-0 0 00000
2 8740 097.7360 62.3020 0000000 000.0000 037.4520 15.01914300000000
1 8740U          19327.96944444  .00000000  00000-0  00000-0 0 00000
2 8740 097.7360 62.3750 0000000 000.0000 074.9520 15.01914300000000
1 8740U          19328.05138889  .00000000  00000-0  00000-0 0 00000
2 8740 097.7360 62.4550 0000000 000.0000 157.4520 15.01914300000000
1 8740U          19328.16041667  .00000000  00000-0  00000-0 0 00000
2 8740 097.7360 62.5630 0000000 000.0000 026.2020 15.01914300000000
1 8740U          19328.22638889  .00000000  00000-0  00000-0 0 00000
2 8740 097.7360 62.6280 0000000 000.0000 022.4520 15.01914300000000
1 8740U          19328.33333333  .00000000  00000-0  00000-0 0 00000
2 8740 097.7370 62.7330 0000000 000.0000 239.9520 15.01914300000000
1 8740U          19328.38541667  .00000000  00000-0  00000-0 0 00000
2 8740 097.7370 62.7850 0000000 000.0000 161.2030 15.01914300000000
1 8740U          19328.47708333  .00000000  00000-0  00000-0 0 00000
2 8740 097.7370 62.8750 0000000 000.0000 296.2030 15.01914300000000
1 8740U          19328.54652778  .00000000  00000-0  00000-0 0 00000
2 8740 097.7370 62.9440 0000000 000.0000 311.2030 15.01914300000000
1 8740U          19328.63333333  .00000000  00000-0  00000-0 0 00000
2 8740 097.7370 63.0290 0000000 000.0000 059.9530 15.01914300000000
1 8740U          19328.72777778  .00000000  00000-0  00000-0 0 00000
2 8740 097.7370 63.1220 0000000 000.0000 209.9530 15.01914300000000
1 8740U          19328.82430556  .00000000  00000-0  00000-0 0 00000
2 8740 097.7370 63.2170 0000000 000.0000 011.2030 15.01914300000000
1 8740U          19328.91458333  .00000000  00000-0  00000-0 0 00000
2 8740 097.7370 63.3060 0000000 000.0000 138.7030 15.01914300000000
1 8740U          19328.99791667  .00000000  00000-0  00000-0 0 00000
2 8740 097.7370 63.3890 0000000 000.0000 228.7040 15.01914300000000
1 8740U          19329.06041667  .00000000  00000-0  00000-0 0 00000
2 8740 097.7370 63.4500 0000000 000.0000 206.2040 15.01914300000000
1 8740U          19329.14375000  .00000000  00000-0  00000-0 0 00000
2 8740 097.7370 63.5320 0000000 000.0000 296.2040 15.01914300000000
1 8740U          19329.23611111  .00000000  00000-0  00000-0 0 00000
2 8740 097.7370 63.6230 0000000 000.0000 074.9540 15.01914300000000
1 8740U          19329.32708333  .00000000  00000-0  00000-0 0 00000
2 8740 097.7370 63.7130 0000000 000.0000 206.2040 15.01914300000000
1 8740U          19329.38055556  .00000000  00000-0  00000-0 0 00000
2 8740 097.7370 63.7660 0000000 000.0000 134.9540 15.01914300000000
1 8740U          19329.49444444  .00000000  00000-0  00000-0 0 00000
2 8740 097.7380 63.8780 0000000 000.0000 029.9540 15.01914300000000
1 8740U          19329.57361111  .00000000  00000-0  00000-0 0 00000
2 8740 097.7380 63.9560 0000000 000.0000 097.4550 15.01914300000000
1 8740U          19329.64444444  .00000000  00000-0  00000-0 0 00000
2 8740 097.7380 64.0260 0000000 000.0000 119.9550 15.01914300000000
1 8740U          19329.73958333  .00000000  00000-0  00000-0 0 00000
2 8740 097.7380 64.1200 0000000 000.0000 273.7050 15.01914300000000
1 8740U          19329.83333333  .00000000  00000-0  00000-0 0 00000
2 8740 097.7380 64.2120 0000000 000.0000 059.9550 15.01914300000000
1 8740U          19329.89027778  .00000000  00000-0  00000-0 0 00000
2 8740 097.7380 64.2680 0000000 000.0000 007.4550 15.01914300000000
1 8740U          19329.99375000  .00000000  00000-0  00000-0 0 00000
2 8740 097.7380 64.3700 0000000 000.0000 206.2050 15.01914300000000
1 8740U          19330.05416667  .00000000  00000-0  00000-0 0 00000
2 8740 097.7380 64.4300 0000000 000.0000 172.4550 15.01914300000000
1 8740U          19330.12916667  .00000000  00000-0  00000-0 0 00000
2 8740 097.7380 64.5040 0000000 000.0000 217.4560 15.01914300000000
1 8740U          19330.22430556  .00000000  00000-0  00000-0 0 00000
2 8740 097.7380 64.5980 0000000 000.0000 011.2060 15.01914300000000
1 8740U          19330.32361111  .00000000  00000-0  00000-0 0 00000
2 8740 097.7380 64.6950 0000000 000.0000 187.4560 15.01914300000000
1 8740U          19330.40833333  .00000000  00000-0  00000-0 0 00000
2 8740 097.7380 64.7790 0000000 000.0000 284.9560 15.01914300000000
1 8740U          19330.46805556  .00000000  00000-0  00000-0 0 00000
2 8740 097.7380 64.8380 0000000 000.0000 247.4560 15.01914300000000
1 8740U          19330.58125000  .00000000  00000-0  00000-0 0 00000
2 8740 097.7380 64.9490 0000000 000.0000 138.7060 15.01914300000000
1 8740U          19330.65833333  .00000000  00000-0  00000-0 0 00000
2 8740 097.7380 65.0250 0000000 000.0000 194.9560 15.01914300000000
1 8740U          19330.73680556  .00000000  00000-0  00000-0 0 00000
2 8740 097.7380 65.1030 0000000 000.0000 258.7070 15.01914300000000
1 8740U          19330.82152778  .00000000  00000-0  00000-0 0 00000
2 8740 097.7390 65.1860 0000000 000.0000 356.2070 15.01914300000000
1 8740U          19330.89444444  .00000000  00000-0  00000-0 0 00000
2 8740 097.7390 65.2580 0000000 000.0000 029.9570 15.01914300000000
1 8740U          19330.97777778  .00000000  00000-0  00000-0 0 00000
2 8740 097.7390 65.3400 0000000 000.0000 119.9570 15.01914300000000
1 8740U          19331.07847222  .00000000  00000-0  00000-0 0 00000
2 8740 097.7390 65.4400 0000000 000.0000 303.7070 15.01914300000000
1 8740U          19331.14097222  .00000000  00000-0  00000-0 0 00000
2 8740 097.7390 65.5010 0000000 000.0000 281.2070 15.01914300000000
1 8740U          19331.24305556  .00000000  00000-0  00000-0 0 00000
2 8740 097.7390 65.6020 0000000 000.0000 112.4570 15.01914300000000
1 8740U          19331.31666667  .00000000  00000-0  00000-0 0 00000
2 8740 097.7390 65.6740 0000000 000.0000 149.9580 15.01914300000000
1 8740U          19331.39097222  .00000000  00000-0  00000-0 0 00000
2 8740 097.7390 65.7480 0000000 000.0000 191.2080 15.01914300000000
1 8740U          19331.49375000  .00000000  00000-0  00000-0 0 00000
2 8740 097.7390 65.8490 0000000 000.0000 026.2080 15.01914300000000
1 8740U          19331.57152778  .00000000  00000-0  00000-0 0 00000
2 8740 097.7390 65.9260 0000000 000.0000 086.2080 15.01914300000000
1 8740U          19331.64722222  .00000000  00000-0  00000-0 0 00000
2 8740 097.7390 66.0000 0000000 000.0000 134.9580 15.01914300000000
1 8740U          19331.74791667  .00000000  00000-0  00000-0 0 00000
2 8740 097.7390 66.1000 0000000 000.0000 318.7080 15.01914300000000
1 8740U          19331.79652778  .00000000  00000-0  00000-0 0 00000
2 8740 097.7390 66.1480 0000000 000.0000 221.2080 15.01914300000000
1 8740U          19331.88541667  .00000000  00000-0  00000-0 0 00000
2 8740 097.7390 66.2350 0000000 000.0000 341.2090 15.01914300000000
1 8740U          19331.99236111  .00000000  00000-0  00000-0 0 00000
2 8740 097.7390 66.3410 0000000 000.0000 198.7090 15.01914300000000
1 8740U          19332.05416667  .00000000  00000-0  00000-0 0 00000
2 8740 097.7390 66.4020 0000000 000.0000 172.4590 15.01914300000000
1 8740U          19332.15000000  .00000000  00000-0  00000-0 0 00000
2 8740 097.7400 66.4960 0000000 000.0000 329.9590 15.01914300000000
1 8740U          19332.21388889  .00000000  00000-0  00000-0 0 00000
2 8740 097.7400 66.5590 0000000 000.0000 314.9590 15.01914300000000
1 8740U          19332.33194444  .00000000  00000-0  00000-0 0 00000
2 8740 097.7400 66.6750 0000000 000.0000 232.4590 15.01914300000000
1 8740U          19332.41111111  .00000000  00000-0  00000-0 0 00000
2 8740 097.7400 66.7530 0000000 000.0000 299.9600 15.01914300000000
1 8740U          19332.45833333  .00000000  00000-0  00000-0 0 00000
2 8740 097.7400 66.8000 0000000 000.0000 194.9600 15.01914300000000
1 8740U          19332.58055556  .00000000  00000-0  00000-0 0 00000
2 8740 097.7400 66.9200 0000000 000.0000 134.9600 15.01914300000000
1 8740U          19332.64166667  .00000000  00000-0  00000-0 0 00000
2 8740 097.7400 66.9810 0000000 000.0000 104.9600 15.01914300000000
1 8740U          19332.74652778  .00000000  00000-0  00000-0 0 00000
2 8740 097.7400 67.0840 0000000 000.0000 311.2100 15.01914300000000
1 8740U          19332.82916667  .00000000  00000-0  00000-0 0 00000
2 8740 097.7400 67.1660 0000000 000.0000 037.4600 15.01914300000000
1 8740U          19332.87569444  .00000000  00000-0  00000-0 0 00000
2 8740 097.7400 67.2110 0000000 000.0000 288.7100 15.01914300000000
