1 88150U          19281.96666667  .00000000  00000-0  00000-0 0 00000
2 88150 097.7340 119.9050 0000000 000.0000 217.7690 15.01920000000000
1 88150U          19282.37083333  .00000000  00000-0  00000-0 0 00000
2 88150 097.7330 120.3040 0000000 000.0000 240.2700 15.01920000000000
1 88150U          19282.72847222  .00000000  00000-0  00000-0 0 00000
2 88150 097.7330 120.6560 0000000 000.0000 011.5210 15.01920000000000
1 88150U          19282.91666667  .00000000  00000-0  00000-0 0 00000
2 88150 097.7330 120.8420 0000000 000.0000 307.7710 15.01920000000000
1 88150U          19283.33402778  .00000000  00000-0  00000-0 0 00000
2 88150 097.7320 121.2530 0000000 000.0000 041.5220 15.01920000000000
1 88150U          19283.73541667  .00000000  00000-0  00000-0 0 00000
2 88150 097.7320 121.6490 0000000 000.0000 049.0220 15.01920000000000
1 88150U          19283.92708333  .00000000  00000-0  00000-0 0 00000
2 88150 097.7320 121.8380 0000000 000.0000 004.0220 15.01920000000000
1 88150U          19284.27777778  .00000000  00000-0  00000-0 0 00000
2 88150 097.7310 122.1830 0000000 000.0000 097.7730 15.01920000000000
1 88150U          19284.74027778  .00000000  00000-0  00000-0 0 00000
2 88150 097.7310 122.6390 0000000 000.0000 075.2740 15.01920000000000
1 88150U          19285.02013889  .00000000  00000-0  00000-0 0 00000
2 88150 097.7310 122.9150 0000000 000.0000 146.5240 15.01920000000000
1 88150U          19285.40694444  .00000000  00000-0  00000-0 0 00000
2 88150 097.7300 123.2970 0000000 000.0000 075.2750 15.01920000000000
1 88150U          19285.68958333  .00000000  00000-0  00000-0 0 00000
2 88150 097.7300 123.5750 0000000 000.0000 161.5250 15.01920000000000
1 88150U          19285.96527778  .00000000  00000-0  00000-0 0 00000
2 88150 097.7300 123.8470 0000000 000.0000 210.2760 15.01920000000000
1 88150U          19286.31041667  .00000000  00000-0  00000-0 0 00000
2 88150 097.7290 124.1870 0000000 000.0000 274.0260 15.01920000000000
1 88150U          19286.60972222  .00000000  00000-0  00000-0 0 00000
2 88150 097.7290 124.4820 0000000 000.0000 090.2770 15.01920000000000
1 88150U          19287.00138889  .00000000  00000-0  00000-0 0 00000
2 88150 097.7280 124.8680 0000000 000.0000 045.2770 15.01920000000000
1 88150U          19287.25555556  .00000000  00000-0  00000-0 0 00000
2 88150 097.7280 125.1190 0000000 000.0000 337.7780 15.01920000000000
1 88150U          19287.74652778  .00000000  00000-0  00000-0 0 00000
2 88150 097.7280 125.6030 0000000 000.0000 109.0290 15.01920000000000
1 88150U          19288.06111111  .00000000  00000-0  00000-0 0 00000
2 88150 097.7270 125.9130 0000000 000.0000 007.7790 15.01920000000000
1 88150U          19288.31041667  .00000000  00000-0  00000-0 0 00000
2 88150 097.7270 126.1590 0000000 000.0000 274.0290 15.01920000000000
1 88150U          19288.58541667  .00000000  00000-0  00000-0 0 00000
2 88150 097.7270 126.4300 0000000 000.0000 319.0300 15.01920000000000
1 88150U          19289.04305556  .00000000  00000-0  00000-0 0 00000
2 88150 097.7260 126.8810 0000000 000.0000 270.2810 15.01920000000000
1 88150U          19289.26111111  .00000000  00000-0  00000-0 0 00000
2 88150 097.7260 127.0960 0000000 000.0000 007.7810 15.01920000000000
1 88150U          19289.65069444  .00000000  00000-0  00000-0 0 00000
2 88150 097.7260 127.4800 0000000 000.0000 311.5320 15.01920000000000
1 88150U          19290.05208333  .00000000  00000-0  00000-0 0 00000
2 88150 097.7250 127.8760 0000000 000.0000 319.0320 15.01920000000000
1 88150U          19290.30069444  .00000000  00000-0  00000-0 0 00000
2 88150 097.7250 128.1210 0000000 000.0000 221.5320 15.01920000000000
1 88150U          19290.60902778  .00000000  00000-0  00000-0 0 00000
2 88150 097.7240 128.4250 0000000 000.0000 086.5330 15.01920000000000
1 88150U          19290.99791667  .00000000  00000-0  00000-0 0 00000
2 88150 097.7240 128.8080 0000000 000.0000 026.5340 15.01920000000000
1 88150U          19291.34097222  .00000000  00000-0  00000-0 0 00000
2 88150 097.7240 129.1460 0000000 000.0000 079.0340 15.01920000000000
1 88150U          19291.67777778  .00000000  00000-0  00000-0 0 00000
2 88150 097.7230 129.4780 0000000 000.0000 097.7850 15.01920000000000
1 88150U          19291.92986111  .00000000  00000-0  00000-0 0 00000
2 88150 097.7230 129.7270 0000000 000.0000 019.0350 15.01920000000000
1 88150U          19292.31527778  .00000000  00000-0  00000-0 0 00000
2 88150 097.7220 130.1070 0000000 000.0000 300.2850 15.01920000000000
1 88150U          19292.60902778  .00000000  00000-0  00000-0 0 00000
2 88150 097.7220 130.3960 0000000 000.0000 086.5360 15.01920000000000
1 88150U          19292.95208333  .00000000  00000-0  00000-0 0 00000
2 88150 097.7220 130.7350 0000000 000.0000 139.0360 15.01920000000000
1 88150U          19293.35069444  .00000000  00000-0  00000-0 0 00000
2 88150 097.7210 131.1280 0000000 000.0000 131.5370 15.01920000000000
1 88150U          19293.67430556  .00000000  00000-0  00000-0 0 00000
2 88150 097.7210 131.4470 0000000 000.0000 079.0370 15.01920000000000
1 88150U          19293.96180556  .00000000  00000-0  00000-0 0 00000
2 88150 097.7200 131.7300 0000000 000.0000 191.5380 15.01920000000000
1 88150U          19294.39513889  .00000000  00000-0  00000-0 0 00000
2 88150 097.7200 132.1570 0000000 000.0000 011.5380 15.01920000000000
1 88150U          19294.65208333  .00000000  00000-0  00000-0 0 00000
2 88150 097.7200 132.4100 0000000 000.0000 319.0390 15.01920000000000
1 88150U          19294.96250000  .00000000  00000-0  00000-0 0 00000
2 88150 097.7190 132.7160 0000000 000.0000 195.2890 15.01920000000000
1 88150U          19295.25138889  .00000000  00000-0  00000-0 0 00000
2 88150 097.7190 133.0010 0000000 000.0000 315.2900 15.01920000000000
1 88150U          19295.62569444  .00000000  00000-0  00000-0 0 00000
2 88150 097.7180 133.3700 0000000 000.0000 176.5400 15.01920000000000
1 88150U          19296.07916667  .00000000  00000-0  00000-0 0 00000
2 88150 097.7180 133.8170 0000000 000.0000 105.2910 15.01920000000000
1 88150U          19296.25486111  .00000000  00000-0  00000-0 0 00000
2 88150 097.7170 133.9900 0000000 000.0000 334.0410 15.01920000000000
1 88150U          19296.70763889  .00000000  00000-0  00000-0 0 00000
2 88150 097.7170 134.4370 0000000 000.0000 259.0420 15.01920000000000
1 88150U          19296.94583333  .00000000  00000-0  00000-0 0 00000
2 88150 097.7170 134.6720 0000000 000.0000 105.2920 15.01920000000000
1 88150U          19297.26041667  .00000000  00000-0  00000-0 0 00000
2 88150 097.7160 134.9820 0000000 000.0000 004.0420 15.01920000000000
1 88150U          19297.74305556  .00000000  00000-0  00000-0 0 00000
2 88150 097.7160 135.4580 0000000 000.0000 090.2930 15.01920000000000
1 88150U          19297.98750000  .00000000  00000-0  00000-0 0 00000
2 88150 097.7150 135.6980 0000000 000.0000 330.2930 15.01920000000000
1 88150U          19298.33611111  .00000000  00000-0  00000-0 0 00000
2 88150 097.7150 136.0420 0000000 000.0000 052.7940 15.01920000000000
1 88150U          19298.65277778  .00000000  00000-0  00000-0 0 00000
2 88150 097.7140 136.3540 0000000 000.0000 322.7940 15.01920000000000
1 88150U          19298.92291667  .00000000  00000-0  00000-0 0 00000
2 88150 097.7140 136.6210 0000000 000.0000 341.5450 15.01920000000000
1 88150U          19299.29722222  .00000000  00000-0  00000-0 0 00000
2 88150 097.7130 136.9900 0000000 000.0000 202.7950 15.01920000000000
1 88150U          19299.61458333  .00000000  00000-0  00000-0 0 00000
2 88150 097.7130 137.3020 0000000 000.0000 116.5460 15.01920000000000
1 88150U          19300.02708333  .00000000  00000-0  00000-0 0 00000
2 88150 097.7120 137.7090 0000000 000.0000 184.0460 15.01920000000000
1 88150U          19300.33819444  .00000000  00000-0  00000-0 0 00000
2 88150 097.7120 138.0160 0000000 000.0000 064.0470 15.01920000000000
1 88150U          19300.72083333  .00000000  00000-0  00000-0 0 00000
2 88150 097.7110 138.3930 0000000 000.0000 330.2970 15.01920000000000
1 88150U          19301.04375000  .00000000  00000-0  00000-0 0 00000
2 88150 097.7110 138.7110 0000000 000.0000 274.0470 15.01920000000000
1 88150U          19301.35972222  .00000000  00000-0  00000-0 0 00000
2 88150 097.7110 139.0230 0000000 000.0000 180.2980 15.01920000000000
1 88150U          19301.72291667  .00000000  00000-0  00000-0 0 00000
2 88150 097.7100 139.3810 0000000 000.0000 341.5480 15.01920000000000
1 88150U          19302.06875000  .00000000  00000-0  00000-0 0 00000
2 88150 097.7100 139.7220 0000000 000.0000 049.0490 15.01920000000000
1 88150U          19302.26527778  .00000000  00000-0  00000-0 0 00000
2 88150 097.7090 139.9150 0000000 000.0000 030.2990 15.01920000000000
1 88150U          19302.72430556  .00000000  00000-0  00000-0 0 00000
2 88150 097.7090 140.3680 0000000 000.0000 349.0500 15.01920000000000
1 88150U          19302.94791667  .00000000  00000-0  00000-0 0 00000
2 88150 097.7080 140.5880 0000000 000.0000 116.5500 15.01920000000000
1 88150U          19303.34097222  .00000000  00000-0  00000-0 0 00000
2 88150 097.7080 140.9760 0000000 000.0000 079.0500 15.01920000000000
1 88150U          19303.69513889  .00000000  00000-0  00000-0 0 00000
2 88150 097.7070 141.3250 0000000 000.0000 191.5510 15.01920000000000
1 88150U          19303.95625000  .00000000  00000-0  00000-0 0 00000
2 88150 097.7070 141.5820 0000000 000.0000 161.5510 15.01920000000000
1 88150U          19304.26250000  .00000000  00000-0  00000-0 0 00000
2 88150 097.7060 141.8840 0000000 000.0000 015.3010 15.01920000000000
1 88150U          19304.59791667  .00000000  00000-0  00000-0 0 00000
2 88150 097.7060 142.2150 0000000 000.0000 026.5520 15.01920000000000
1 88150U          19305.03472222  .00000000  00000-0  00000-0 0 00000
2 88150 097.7050 142.6450 0000000 000.0000 225.3020 15.01920000000000
1 88150U          19305.34513889  .00000000  00000-0  00000-0 0 00000
2 88150 097.7050 142.9510 0000000 000.0000 101.5530 15.01920000000000
1 88150U          19305.59791667  .00000000  00000-0  00000-0 0 00000
2 88150 097.7040 143.2010 0000000 000.0000 026.5530 15.01920000000000
1 88150U          19306.03263889  .00000000  00000-0  00000-0 0 00000
2 88150 097.7040 143.6290 0000000 000.0000 214.0530 15.01920000000000
1 88150U          19306.36805556  .00000000  00000-0  00000-0 0 00000
2 88150 097.7030 143.9600 0000000 000.0000 225.3040 15.01920000000000
1 88150U          19306.62152778  .00000000  00000-0  00000-0 0 00000
2 88150 097.7030 144.2100 0000000 000.0000 154.0540 15.01920000000000
1 88150U          19307.07500000  .00000000  00000-0  00000-0 0 00000
2 88150 097.7020 144.6570 0000000 000.0000 082.8050 15.01920000000000
1 88150U          19307.35763889  .00000000  00000-0  00000-0 0 00000
2 88150 097.7020 144.9350 0000000 000.0000 169.0550 15.01920000000000
1 88150U          19307.59444444  .00000000  00000-0  00000-0 0 00000
2 88150 097.7010 145.1690 0000000 000.0000 007.8050 15.01920000000000
1 88150U          19308.08125000  .00000000  00000-0  00000-0 0 00000
2 88150 097.7010 145.6490 0000000 000.0000 116.5560 15.01920000000000
1 88150U          19308.25138889  .00000000  00000-0  00000-0 0 00000
2 88150 097.7000 145.8160 0000000 000.0000 315.3060 15.01920000000000
1 88150U          19308.60347222  .00000000  00000-0  00000-0 0 00000
2 88150 097.7000 146.1630 0000000 000.0000 056.5560 15.01920000000000
1 88150U          19308.99375000  .00000000  00000-0  00000-0 0 00000
2 88150 097.6990 146.5480 0000000 000.0000 004.0570 15.01920000000000
1 88150U          19309.35902778  .00000000  00000-0  00000-0 0 00000
2 88150 097.6990 146.9080 0000000 000.0000 176.5570 15.01920000000000
1 88150U          19309.58958333  .00000000  00000-0  00000-0 0 00000
2 88150 097.6980 147.1350 0000000 000.0000 341.5570 15.01920000000000
1 88150U          19310.06041667  .00000000  00000-0  00000-0 0 00000
2 88150 097.6980 147.6000 0000000 000.0000 004.0580 15.01920000000000
1 88150U          19310.38194444  .00000000  00000-0  00000-0 0 00000
2 88150 097.6970 147.9160 0000000 000.0000 300.3080 15.01920000000000
1 88150U          19310.69305556  .00000000  00000-0  00000-0 0 00000
2 88150 097.6970 148.2230 0000000 000.0000 180.3080 15.01920000000000
1 88150U          19310.97569444  .00000000  00000-0  00000-0 0 00000
2 88150 097.6960 148.5020 0000000 000.0000 266.5590 15.01920000000000
1 88150U          19311.28194444  .00000000  00000-0  00000-0 0 00000
2 88150 097.6960 148.8040 0000000 000.0000 120.3090 15.01920000000000
1 88150U          19311.59583333  .00000000  00000-0  00000-0 0 00000
2 88150 097.6950 149.1130 0000000 000.0000 015.3090 15.01920000000000
1 88150U          19311.89583333  .00000000  00000-0  00000-0 0 00000
2 88150 097.6950 149.4090 0000000 000.0000 195.3100 15.01914300000000
1 88150U          19312.29305556  .00000000  00000-0  00000-0 0 00000
2 88150 097.6940 149.8000 0000000 000.0000 180.3100 15.01914300000000
1 88150U          19312.55069444  .00000000  00000-0  00000-0 0 00000
2 88150 097.6940 150.0540 0000000 000.0000 131.5600 15.01914300000000
1 88150U          19312.93333333  .00000000  00000-0  00000-0 0 00000
2 88150 097.6930 150.4310 0000000 000.0000 037.8110 15.01914300000000
1 88150U          19313.23263889  .00000000  00000-0  00000-0 0 00000
2 88150 097.6920 150.7260 0000000 000.0000 214.0610 15.01914300000000
1 88150U          19313.63611111  .00000000  00000-0  00000-0 0 00000
2 88150 097.6920 151.1240 0000000 000.0000 232.8110 15.01914300000000
1 88150U          19313.91041667  .00000000  00000-0  00000-0 0 00000
2 88150 097.6910 151.3950 0000000 000.0000 274.0620 15.01914300000000
1 88150U          19314.20694444  .00000000  00000-0  00000-0 0 00000
2 88150 097.6910 151.6870 0000000 000.0000 075.3120 15.01914300000000
1 88150U          19314.54375000  .00000000  00000-0  00000-0 0 00000
2 88150 097.6900 152.0190 0000000 000.0000 094.0620 15.01914300000000
1 88150U          19314.82847222  .00000000  00000-0  00000-0 0 00000
2 88150 097.6900 152.3000 0000000 000.0000 191.5620 15.01914300000000
1 88150U          19315.25208333  .00000000  00000-0  00000-0 0 00000
2 88150 097.6890 152.7170 0000000 000.0000 319.0630 15.01914300000000
1 88150U          19315.52986111  .00000000  00000-0  00000-0 0 00000
2 88150 097.6890 152.9910 0000000 000.0000 019.0630 15.01914300000000
1 88150U          19315.89097222  .00000000  00000-0  00000-0 0 00000
2 88150 097.6880 153.3470 0000000 000.0000 169.0630 15.01914300000000
1 88150U          19316.29722222  .00000000  00000-0  00000-0 0 00000
2 88150 097.6870 153.7470 0000000 000.0000 202.8140 15.01914300000000
1 88150U          19316.54305556  .00000000  00000-0  00000-0 0 00000
2 88150 097.6870 153.9900 0000000 000.0000 090.3140 15.01914300000000
1 88150U          19316.92361111  .00000000  00000-0  00000-0 0 00000
2 88150 097.6860 154.3650 0000000 000.0000 345.3140 15.01914300000000
1 88150U          19317.19861111  .00000000  00000-0  00000-0 0 00000
2 88150 097.6860 154.6360 0000000 000.0000 030.3150 15.01914300000000
1 88150U          19317.63819444  .00000000  00000-0  00000-0 0 00000
2 88150 097.6850 155.0690 0000000 000.0000 244.0650 15.01914300000000
1 88150U          19317.88888889  .00000000  00000-0  00000-0 0 00000
2 88150 097.6850 155.3160 0000000 000.0000 157.8150 15.01914300000000
1 88150U          19318.23541667  .00000000  00000-0  00000-0 0 00000
2 88150 097.6840 155.6580 0000000 000.0000 229.0650 15.01914300000000
1 88150U          19318.57083333  .00000000  00000-0  00000-0 0 00000
2 88150 097.6840 155.9880 0000000 000.0000 240.3160 15.01914300000000
1 88150U          19318.83125000  .00000000  00000-0  00000-0 0 00000
2 88150 097.6830 156.2450 0000000 000.0000 206.5660 15.01914300000000
1 88150U          19318.94236111  .00000000  00000-0  00000-0 0 00000
2 88150 097.6830 156.3550 0000000 000.0000 086.5660 15.01914300000000
1 88150U          19319.30208333  .00000000  00000-0  00000-0 0 00000
2 88150 097.6820 156.7090 0000000 000.0000 229.0660 15.01914300000000
1 88150U          19319.58819444  .00000000  00000-0  00000-0 0 00000
2 88150 097.6820 156.9910 0000000 000.0000 334.0660 15.01914300000000
1 88150U          19319.90416667  .00000000  00000-0  00000-0 0 00000
2 88150 097.6810 157.3030 0000000 000.0000 240.3170 15.01914300000000
1 88150U          19320.23819444  .00000000  00000-0  00000-0 0 00000
2 88150 097.6810 157.6320 0000000 000.0000 244.0670 15.01914300000000
1 88150U          19320.53958333  .00000000  00000-0  00000-0 0 00000
2 88150 097.6800 157.9290 0000000 000.0000 071.5670 15.01914300000000
1 88150U          19320.96250000  .00000000  00000-0  00000-0 0 00000
2 88150 097.6790 158.3460 0000000 000.0000 195.3170 15.01914300000000
1 88150U          19321.26944444  .00000000  00000-0  00000-0 0 00000
2 88150 097.6790 158.6480 0000000 000.0000 052.8180 15.01914300000000
1 88150U          19321.60277778  .00000000  00000-0  00000-0 0 00000
2 88150 097.6780 158.9770 0000000 000.0000 052.8180 15.01914300000000
1 88150U          19321.87152778  .00000000  00000-0  00000-0 0 00000
2 88150 097.6780 159.2420 0000000 000.0000 064.0680 15.01914300000000
1 88150U          19322.18333333  .00000000  00000-0  00000-0 0 00000
2 88150 097.6770 159.5490 0000000 000.0000 307.8180 15.01914300000000
1 88150U          19322.49722222  .00000000  00000-0  00000-0 0 00000
2 88150 097.6770 159.8590 0000000 000.0000 202.8190 15.01914300000000
1 88150U          19322.88888889  .00000000  00000-0  00000-0 0 00000
2 88150 097.6760 160.2450 0000000 000.0000 157.8190 15.01914300000000
1 88150U          19323.24513889  .00000000  00000-0  00000-0 0 00000
2 88150 097.6750 160.5960 0000000 000.0000 281.5690 15.01914300000000
1 88150U          19323.48472222  .00000000  00000-0  00000-0 0 00000
2 88150 097.6750 160.8320 0000000 000.0000 135.3190 15.01914300000000
1 88150U          19323.95416667  .00000000  00000-0  00000-0 0 00000
2 88150 097.6740 161.2950 0000000 000.0000 150.3190 15.01914300000000
1 88150U          19324.27638889  .00000000  00000-0  00000-0 0 00000
2 88150 097.6740 161.6120 0000000 000.0000 090.3200 15.01914300000000
1 88150U          19324.49236111  .00000000  00000-0  00000-0 0 00000
2 88150 097.6730 161.8250 0000000 000.0000 176.5700 15.01914300000000
1 88150U          19324.84583333  .00000000  00000-0  00000-0 0 00000
2 88150 097.6730 162.1740 0000000 000.0000 285.3200 15.01914300000000
1 88150U          19325.21319444  .00000000  00000-0  00000-0 0 00000
2 88150 097.6720 162.5360 0000000 000.0000 109.0700 15.01914300000000
1 88150U          19325.63125000  .00000000  00000-0  00000-0 0 00000
2 88150 097.6710 162.9480 0000000 000.0000 206.5700 15.01914300000000
1 88150U          19325.89583333  .00000000  00000-0  00000-0 0 00000
2 88150 097.6710 163.2090 0000000 000.0000 195.3210 15.01914300000000
1 88150U          19325.97083333  .00000000  00000-0  00000-0 0 00000
2 88150 097.6710 163.2830 0000000 000.0000 240.3210 15.01914300000000
1 88150U          19326.16944444  .00000000  00000-0  00000-0 0 00000
2 88150 097.6700 163.4780 0000000 000.0000 232.8210 15.01914300000000
1 88150U          19326.50972222  .00000000  00000-0  00000-0 0 00000
2 88150 097.6700 163.8140 0000000 000.0000 270.3210 15.01914300000000
1 88150U          19326.90694444  .00000000  00000-0  00000-0 0 00000
2 88150 097.6690 164.2050 0000000 000.0000 255.3210 15.01914300000000
1 88150U          19327.30763889  .00000000  00000-0  00000-0 0 00000
2 88150 097.6680 164.6000 0000000 000.0000 259.0710 15.01914300000000
1 88150U          19327.57083333  .00000000  00000-0  00000-0 0 00000
2 88150 097.6680 164.8600 0000000 000.0000 240.3220 15.01914300000000
1 88150U          19327.91805556  .00000000  00000-0  00000-0 0 00000
2 88150 097.6670 165.2020 0000000 000.0000 315.3220 15.01914300000000
1 88150U          19328.17847222  .00000000  00000-0  00000-0 0 00000
2 88150 097.6670 165.4590 0000000 000.0000 281.5720 15.01914300000000
1 88150U          19328.50000000  .00000000  00000-0  00000-0 0 00000
2 88150 097.6660 165.7750 0000000 000.0000 217.8220 15.01914300000000
1 88150U          19328.85833333  .00000000  00000-0  00000-0 0 00000
2 88150 097.6650 166.1290 0000000 000.0000 352.8220 15.01914300000000
1 88150U          19329.22638889  .00000000  00000-0  00000-0 0 00000
2 88150 097.6650 166.4910 0000000 000.0000 180.3220 15.01914300000000
1 88150U          19329.56041667  .00000000  00000-0  00000-0 0 00000
2 88150 097.6640 166.8210 0000000 000.0000 184.0720 15.01914300000000
1 88150U          19329.96597222  .00000000  00000-0  00000-0 0 00000
2 88150 097.6630 167.2200 0000000 000.0000 214.0730 15.01914300000000
1 88150U          19330.19722222  .00000000  00000-0  00000-0 0 00000
2 88150 097.6630 167.4480 0000000 000.0000 022.8230 15.01914300000000
1 88150U          19330.50625000  .00000000  00000-0  00000-0 0 00000
2 88150 097.6620 167.7530 0000000 000.0000 251.5730 15.01914300000000
1 88150U          19330.87777778  .00000000  00000-0  00000-0 0 00000
2 88150 097.6620 168.1190 0000000 000.0000 097.8230 15.01914300000000
1 88150U          19331.17638889  .00000000  00000-0  00000-0 0 00000
2 88150 097.6610 168.4140 0000000 000.0000 270.3230 15.01914300000000
1 88150U          19331.51250000  .00000000  00000-0  00000-0 0 00000
2 88150 097.6610 168.7450 0000000 000.0000 285.3230 15.01914300000000
1 88150U          19331.95833333  .00000000  00000-0  00000-0 0 00000
2 88150 097.6600 169.1840 0000000 000.0000 172.8230 15.01914300000000
1 88150U          19332.24027778  .00000000  00000-0  00000-0 0 00000
2 88150 097.6590 169.4620 0000000 000.0000 255.3240 15.01914300000000
1 88150U          19332.64236111  .00000000  00000-0  00000-0 0 00000
2 88150 097.6590 169.8580 0000000 000.0000 266.5740 15.01914300000000
1 88150U          19332.89583333  .00000000  00000-0  00000-0 0 00000
2 88150 097.6580 170.1080 0000000 000.0000 195.3240 15.01914300000000
