1 88756U          19281.95902778  .00000000  00000-0  00000-0 0 00000
2 88756 097.7410 68.4560 0000000 000.0000 265.5680 00.06258000000000
1 88756U          19282.29722222  .00000000  00000-0  00000-0 0 00000
2 88756 097.7410 68.7900 0000000 000.0000 291.8180 00.06258000000000
1 88756U          19282.73819444  .00000000  00000-0  00000-0 0 00000
2 88756 097.7410 69.2240 0000000 000.0000 153.0690 00.06258000000000
1 88756U          19283.04305556  .00000000  00000-0  00000-0 0 00000
2 88756 097.7420 69.5250 0000000 000.0000 359.3200 00.06258000000000
1 88756U          19283.34375000  .00000000  00000-0  00000-0 0 00000
2 88756 097.7420 69.8210 0000000 000.0000 183.0700 00.06258000000000
1 88756U          19283.58611111  .00000000  00000-0  00000-0 0 00000
2 88756 097.7420 70.0600 0000000 000.0000 051.8210 00.06258000000000
1 88756U          19284.00694444  .00000000  00000-0  00000-0 0 00000
2 88756 097.7420 70.4750 0000000 000.0000 164.3210 00.06258000000000
1 88756U          19284.41319444  .00000000  00000-0  00000-0 0 00000
2 88756 097.7430 70.8760 0000000 000.0000 198.0720 00.06258000000000
1 88756U          19284.74791667  .00000000  00000-0  00000-0 0 00000
2 88756 097.7430 71.2060 0000000 000.0000 205.5730 00.06258000000000
1 88756U          19284.97638889  .00000000  00000-0  00000-0 0 00000
2 88756 097.7430 71.4310 0000000 000.0000 359.3230 00.06258000000000
1 88756U          19285.27708333  .00000000  00000-0  00000-0 0 00000
2 88756 097.7430 71.7270 0000000 000.0000 183.0740 00.06258000000000
1 88756U          19285.60902778  .00000000  00000-0  00000-0 0 00000
2 88756 097.7430 72.0550 0000000 000.0000 175.5740 00.06258000000000
1 88756U          19286.02361111  .00000000  00000-0  00000-0 0 00000
2 88756 097.7430 72.4630 0000000 000.0000 254.3250 00.06258000000000
1 88756U          19286.36597222  .00000000  00000-0  00000-0 0 00000
2 88756 097.7440 72.8010 0000000 000.0000 303.0760 00.06258000000000
1 88756U          19286.66805556  .00000000  00000-0  00000-0 0 00000
2 88756 097.7440 73.0990 0000000 000.0000 134.3260 00.06258000000000
1 88756U          19287.02916667  .00000000  00000-0  00000-0 0 00000
2 88756 097.7440 73.4550 0000000 000.0000 284.3270 00.06258000000000
1 88756U          19287.26111111  .00000000  00000-0  00000-0 0 00000
2 88756 097.7440 73.6830 0000000 000.0000 096.8270 00.06258000000000
1 88756U          19287.69305556  .00000000  00000-0  00000-0 0 00000
2 88756 097.7440 74.1090 0000000 000.0000 269.3280 00.06258000000000
1 88756U          19287.92777778  .00000000  00000-0  00000-0 0 00000
2 88756 097.7440 74.3410 0000000 000.0000 096.8290 00.06258000000000
1 88756U          19288.25694444  .00000000  00000-0  00000-0 0 00000
2 88756 097.7450 74.6650 0000000 000.0000 074.3290 00.06258000000000
1 88756U          19288.60972222  .00000000  00000-0  00000-0 0 00000
2 88756 097.7450 75.0130 0000000 000.0000 179.3300 00.06258000000000
1 88756U          19289.05694444  .00000000  00000-0  00000-0 0 00000
2 88756 097.7450 75.4540 0000000 000.0000 074.3310 00.06258000000000
1 88756U          19289.39791667  .00000000  00000-0  00000-0 0 00000
2 88756 097.7450 75.7900 0000000 000.0000 115.5810 00.06258000000000
1 88756U          19289.62430556  .00000000  00000-0  00000-0 0 00000
2 88756 097.7450 76.0130 0000000 000.0000 258.0820 00.06258000000000
1 88756U          19289.93958333  .00000000  00000-0  00000-0 0 00000
2 88756 097.7450 76.3240 0000000 000.0000 160.5820 00.06258000000000
1 88756U          19290.31041667  .00000000  00000-0  00000-0 0 00000
2 88756 097.7460 76.6900 0000000 000.0000 003.0830 00.06258000000000
1 88756U          19290.66805556  .00000000  00000-0  00000-0 0 00000
2 88756 097.7460 77.0420 0000000 000.0000 134.3340 00.06258000000000
1 88756U          19291.02152778  .00000000  00000-0  00000-0 0 00000
2 88756 097.7460 77.3910 0000000 000.0000 243.0840 00.06258000000000
1 88756U          19291.36319444  .00000000  00000-0  00000-0 0 00000
2 88756 097.7460 77.7270 0000000 000.0000 288.0850 00.06258000000000
1 88756U          19291.72569444  .00000000  00000-0  00000-0 0 00000
2 88756 097.7460 78.0850 0000000 000.0000 085.5860 00.06258000000000
1 88756U          19291.93263889  .00000000  00000-0  00000-0 0 00000
2 88756 097.7460 78.2890 0000000 000.0000 123.0860 00.06258000000000
1 88756U          19292.27708333  .00000000  00000-0  00000-0 0 00000
2 88756 097.7460 78.6280 0000000 000.0000 183.0870 00.06258000000000
1 88756U          19292.64444444  .00000000  00000-0  00000-0 0 00000
2 88756 097.7460 78.9910 0000000 000.0000 006.8370 00.06258000000000
1 88756U          19292.95625000  .00000000  00000-0  00000-0 0 00000
2 88756 097.7470 79.2980 0000000 000.0000 250.5880 00.06258000000000
1 88756U          19293.38750000  .00000000  00000-0  00000-0 0 00000
2 88756 097.7470 79.7230 0000000 000.0000 059.3390 00.06258000000000
1 88756U          19293.71597222  .00000000  00000-0  00000-0 0 00000
2 88756 097.7470 80.0470 0000000 000.0000 033.0890 00.06258000000000
1 88756U          19293.99861111  .00000000  00000-0  00000-0 0 00000
2 88756 097.7470 80.3260 0000000 000.0000 119.3400 00.06258000000000
1 88756U          19294.32222222  .00000000  00000-0  00000-0 0 00000
2 88756 097.7470 80.6450 0000000 000.0000 066.8410 00.06258000000000
1 88756U          19294.64027778  .00000000  00000-0  00000-0 0 00000
2 88756 097.7470 80.9580 0000000 000.0000 344.3410 00.06258000000000
1 88756U          19295.07152778  .00000000  00000-0  00000-0 0 00000
2 88756 097.7470 81.3830 0000000 000.0000 153.0920 00.06258000000000
1 88756U          19295.27638889  .00000000  00000-0  00000-0 0 00000
2 88756 097.7470 81.5850 0000000 000.0000 179.3420 00.06258000000000
1 88756U          19295.70138889  .00000000  00000-0  00000-0 0 00000
2 88756 097.7470 82.0040 0000000 000.0000 314.3430 00.06258000000000
1 88756U          19296.07013889  .00000000  00000-0  00000-0 0 00000
2 88756 097.7470 82.3680 0000000 000.0000 145.5940 00.06258000000000
1 88756U          19296.41180556  .00000000  00000-0  00000-0 0 00000
2 88756 097.7470 82.7050 0000000 000.0000 190.5950 00.06258000000000
1 88756U          19296.65138889  .00000000  00000-0  00000-0 0 00000
2 88756 097.7480 82.9410 0000000 000.0000 044.3450 00.06258000000000
1 88756U          19296.92847222  .00000000  00000-0  00000-0 0 00000
2 88756 097.7480 83.2140 0000000 000.0000 100.5960 00.06258000000000
1 88756U          19297.30694444  .00000000  00000-0  00000-0 0 00000
2 88756 097.7480 83.5870 0000000 000.0000 344.3460 00.06258000000000
1 88756U          19297.68958333  .00000000  00000-0  00000-0 0 00000
2 88756 097.7480 83.9640 0000000 000.0000 250.5970 00.06258000000000
1 88756U          19298.04722222  .00000000  00000-0  00000-0 0 00000
2 88756 097.7480 84.3170 0000000 000.0000 021.8480 00.06258000000000
1 88756U          19298.39097222  .00000000  00000-0  00000-0 0 00000
2 88756 097.7480 84.6560 0000000 000.0000 078.0980 00.06258000000000
1 88756U          19298.58402778  .00000000  00000-0  00000-0 0 00000
2 88756 097.7480 84.8460 0000000 000.0000 040.5990 00.06258000000000
1 88756U          19299.03263889  .00000000  00000-0  00000-0 0 00000
2 88756 097.7480 85.2880 0000000 000.0000 303.1000 00.06258000000000
1 88756U          19299.27152778  .00000000  00000-0  00000-0 0 00000
2 88756 097.7480 85.5240 0000000 000.0000 153.1000 00.06258000000000
1 88756U          19299.69583333  .00000000  00000-0  00000-0 0 00000
2 88756 097.7480 85.9420 0000000 000.0000 284.3510 00.06258000000000
1 88756U          19299.99166667  .00000000  00000-0  00000-0 0 00000
2 88756 097.7480 86.2340 0000000 000.0000 081.8510 00.06258000000000
1 88756U          19300.37222222  .00000000  00000-0  00000-0 0 00000
2 88756 097.7480 86.6090 0000000 000.0000 336.8520 00.06258000000000
1 88756U          19300.68750000  .00000000  00000-0  00000-0 0 00000
2 88756 097.7480 86.9200 0000000 000.0000 239.3530 00.06258000000000
1 88756U          19301.04375000  .00000000  00000-0  00000-0 0 00000
2 88756 097.7480 87.2710 0000000 000.0000 003.1030 00.06258000000000
1 88756U          19301.31597222  .00000000  00000-0  00000-0 0 00000
2 88756 097.7480 87.5390 0000000 000.0000 033.1040 00.06258000000000
1 88756U          19301.69097222  .00000000  00000-0  00000-0 0 00000
2 88756 097.7480 87.9090 0000000 000.0000 258.1050 00.06258000000000
1 88756U          19302.03125000  .00000000  00000-0  00000-0 0 00000
2 88756 097.7480 88.2450 0000000 000.0000 295.6050 00.06258000000000
1 88756U          19302.29861111  .00000000  00000-0  00000-0 0 00000
2 88756 097.7480 88.5080 0000000 000.0000 299.3560 00.06258000000000
1 88756U          19302.70833333  .00000000  00000-0  00000-0 0 00000
2 88756 097.7480 88.9120 0000000 000.0000 351.8570 00.06258000000000
1 88756U          19302.99861111  .00000000  00000-0  00000-0 0 00000
2 88756 097.7480 89.1980 0000000 000.0000 119.3570 00.06258000000000
1 88756U          19303.27777778  .00000000  00000-0  00000-0 0 00000
2 88756 097.7480 89.4740 0000000 000.0000 186.8580 00.06258000000000
1 88756U          19303.59722222  .00000000  00000-0  00000-0 0 00000
2 88756 097.7480 89.7880 0000000 000.0000 111.8580 00.06258000000000
1 88756U          19303.92152778  .00000000  00000-0  00000-0 0 00000
2 88756 097.7480 90.1080 0000000 000.0000 063.1090 00.06258000000000
1 88756U          19304.27361111  .00000000  00000-0  00000-0 0 00000
2 88756 097.7480 90.4550 0000000 000.0000 164.3600 00.06258000000000
1 88756U          19304.62916667  .00000000  00000-0  00000-0 0 00000
2 88756 097.7480 90.8060 0000000 000.0000 284.3600 00.06258000000000
1 88756U          19305.05972222  .00000000  00000-0  00000-0 0 00000
2 88756 097.7480 91.2300 0000000 000.0000 089.3610 00.06258000000000
1 88756U          19305.36041667  .00000000  00000-0  00000-0 0 00000
2 88756 097.7480 91.5270 0000000 000.0000 273.1120 00.06258000000000
1 88756U          19305.68055556  .00000000  00000-0  00000-0 0 00000
2 88756 097.7480 91.8420 0000000 000.0000 201.8620 00.06258000000000
1 88756U          19306.01458333  .00000000  00000-0  00000-0 0 00000
2 88756 097.7480 92.1720 0000000 000.0000 205.6130 00.06258000000000
1 88756U          19306.37847222  .00000000  00000-0  00000-0 0 00000
2 88756 097.7480 92.5300 0000000 000.0000 010.6140 00.06258000000000
1 88756U          19306.73958333  .00000000  00000-0  00000-0 0 00000
2 88756 097.7480 92.8860 0000000 000.0000 160.6140 00.06258000000000
1 88756U          19307.04027778  .00000000  00000-0  00000-0 0 00000
2 88756 097.7480 93.1830 0000000 000.0000 344.3650 00.06258000000000
1 88756U          19307.33750000  .00000000  00000-0  00000-0 0 00000
2 88756 097.7480 93.4760 0000000 000.0000 149.3650 00.06258000000000
1 88756U          19307.65416667  .00000000  00000-0  00000-0 0 00000
2 88756 097.7480 93.7880 0000000 000.0000 059.3660 00.06258000000000
1 88756U          19308.00208333  .00000000  00000-0  00000-0 0 00000
2 88756 097.7480 94.1310 0000000 000.0000 138.1170 00.06258000000000
1 88756U          19308.25208333  .00000000  00000-0  00000-0 0 00000
2 88756 097.7480 94.3780 0000000 000.0000 048.1170 00.06258000000000
1 88756U          19308.70347222  .00000000  00000-0  00000-0 0 00000
2 88756 097.7480 94.8230 0000000 000.0000 325.6180 00.06258000000000
1 88756U          19308.98333333  .00000000  00000-0  00000-0 0 00000
2 88756 097.7480 95.0980 0000000 000.0000 036.8690 00.06258000000000
1 88756U          19309.30972222  .00000000  00000-0  00000-0 0 00000
2 88756 097.7480 95.4200 0000000 000.0000 359.3690 00.06258000000000
1 88756U          19309.72916667  .00000000  00000-0  00000-0 0 00000
2 88756 097.7480 95.8340 0000000 000.0000 104.3700 00.06258000000000
1 88756U          19309.95694444  .00000000  00000-0  00000-0 0 00000
2 88756 097.7480 96.0580 0000000 000.0000 254.3700 00.06258000000000
1 88756U          19310.40416667  .00000000  00000-0  00000-0 0 00000
2 88756 097.7470 96.4990 0000000 000.0000 149.3710 00.06258000000000
1 88756U          19310.66736111  .00000000  00000-0  00000-0 0 00000
2 88756 097.7470 96.7590 0000000 000.0000 130.6220 00.06258000000000
1 88756U          19310.94097222  .00000000  00000-0  00000-0 0 00000
2 88756 097.7470 97.0280 0000000 000.0000 168.1220 00.06258000000000
1 88756U          19311.35972222  .00000000  00000-0  00000-0 0 00000
2 88756 097.7470 97.4410 0000000 000.0000 269.3730 00.06258000000000
1 88756U          19311.69583333  .00000000  00000-0  00000-0 0 00000
2 88756 097.7470 97.7730 0000000 000.0000 284.3740 00.06258000000000
1 88756U          19311.90833333  .00000000  00000-0  00000-0 0 00000
2 88756 097.7470 97.9820 0000000 000.0000 351.8740 15.01914300000000
1 88756U          19312.24722222  .00000000  00000-0  00000-0 0 00000
2 88756 097.7470 98.3160 0000000 000.0000 021.8750 15.01914300000000
1 88756U          19312.60555556  .00000000  00000-0  00000-0 0 00000
2 88756 097.7470 98.6690 0000000 000.0000 156.8750 15.01914300000000
1 88756U          19312.82708333  .00000000  00000-0  00000-0 0 00000
2 88756 097.7470 98.8880 0000000 000.0000 273.1260 15.01914300000000
1 88756U          19313.30138889  .00000000  00000-0  00000-0 0 00000
2 88756 097.7470 99.3550 0000000 000.0000 314.3770 15.01914300000000
1 88756U          19313.50972222  .00000000  00000-0  00000-0 0 00000
2 88756 097.7470 99.5610 0000000 000.0000 359.3770 15.01914300000000
1 88756U          19313.91388889  .00000000  00000-0  00000-0 0 00000
2 88756 097.7470 99.9590 0000000 000.0000 021.8780 15.01914300000000
1 88756U          19314.19444444  .00000000  00000-0  00000-0 0 00000
2 88756 097.7460 100.2360 0000000 000.0000 096.8780 15.01914300000000
1 88756U          19314.60763889  .00000000  00000-0  00000-0 0 00000
2 88756 097.7460 100.6430 0000000 000.0000 168.1290 15.01914300000000
1 88756U          19314.83194444  .00000000  00000-0  00000-0 0 00000
2 88756 097.7460 100.8640 0000000 000.0000 299.3800 15.01914300000000
1 88756U          19315.17152778  .00000000  00000-0  00000-0 0 00000
2 88756 097.7460 101.1990 0000000 000.0000 333.1300 15.01914300000000
1 88756U          19315.59722222  .00000000  00000-0  00000-0 0 00000
2 88756 097.7460 101.6190 0000000 000.0000 111.8810 15.01914300000000
1 88756U          19315.93819444  .00000000  00000-0  00000-0 0 00000
2 88756 097.7460 101.9550 0000000 000.0000 153.1320 15.01914300000000
1 88756U          19316.23958333  .00000000  00000-0  00000-0 0 00000
2 88756 097.7460 102.2520 0000000 000.0000 340.6320 15.01914300000000
1 88756U          19316.64097222  .00000000  00000-0  00000-0 0 00000
2 88756 097.7460 102.6480 0000000 000.0000 348.1330 15.01914300000000
1 88756U          19316.91458333  .00000000  00000-0  00000-0 0 00000
2 88756 097.7450 102.9170 0000000 000.0000 025.6340 15.01914300000000
1 88756U          19317.24652778  .00000000  00000-0  00000-0 0 00000
2 88756 097.7450 103.2450 0000000 000.0000 018.1340 15.01914300000000
1 88756U          19317.60555556  .00000000  00000-0  00000-0 0 00000
2 88756 097.7450 103.5990 0000000 000.0000 156.8850 15.01914300000000
1 88756U          19317.91736111  .00000000  00000-0  00000-0 0 00000
2 88756 097.7450 103.9060 0000000 000.0000 040.6350 15.01914300000000
1 88756U          19318.28541667  .00000000  00000-0  00000-0 0 00000
2 88756 097.7450 104.2690 0000000 000.0000 228.1360 15.01914300000000
1 88756U          19318.61388889  .00000000  00000-0  00000-0 0 00000
2 88756 097.7450 104.5930 0000000 000.0000 201.8870 15.01914300000000
1 88756U          19318.85694444  .00000000  00000-0  00000-0 0 00000
2 88756 097.7440 104.8320 0000000 000.0000 074.3870 15.01914300000000
1 88756U          19318.92847222  .00000000  00000-0  00000-0 0 00000
2 88756 097.7450 104.9020 0033560 288.6070 171.7220 15.02032700000000
1 88756U          19319.28611111  .00000000  00000-0  00000-0 0 00000
2 88756 097.7370 105.2320 0014600 314.3330 235.5280 14.64653300000000
1 88756U          19319.61805556  .00000000  00000-0  00000-0 0 00000
2 88756 097.7420 105.5500 0021240 338.5880 162.5470 14.66750700000000
1 88756U          19319.81388889  .00000000  00000-0  00000-0 0 00000
2 88756 097.7460 105.7270 0029930 301.3250 153.0890 14.70181800000000
1 88756U          19320.16250000  .00000000  00000-0  00000-0 0 00000
2 88756 097.7440 106.0560 0023460 332.3920 161.2580 14.67517000000000
1 88756U          19320.60000000  .00000000  00000-0  00000-0 0 00000
2 88756 097.7470 106.4620 0010110 038.8670 243.0850 14.70045500000000
1 88756U          19320.86111111  .00000000  00000-0  00000-0 0 00000
2 88756 097.7390 106.6970 0020890 330.9540 248.7170 14.66815200000000
1 88756U          19321.28125000  .00000000  00000-0  00000-0 0 00000
2 88756 097.7470 107.0940 0011320 038.7880 237.4920 14.70198500000000
1 88756U          19321.53472222  .00000000  00000-0  00000-0 0 00000
2 88756 097.7360 107.3320 0011410 312.4950 221.1070 14.64600200000000
1 88756U          19321.84305556  .00000000  00000-0  00000-0 0 00000
2 88756 097.7350 107.6160 0018630 327.2460 033.1620 14.64493000000000
1 88756U          19322.23680556  .00000000  00000-0  00000-0 0 00000
2 88756 097.7470 107.9840 0009400 041.4690 236.3690 14.70165700000000
1 88756U          19322.60833333  .00000000  00000-0  00000-0 0 00000
2 88756 097.7460 108.3280 0026690 281.8850 156.1830 14.70001200000000
1 88756U          19322.87777778  .00000000  00000-0  00000-0 0 00000
2 88756 097.7400 108.5750 0019150 271.9830 147.7200 14.68798000000000
1 88756U          19323.22986111  .00000000  00000-0  00000-0 0 00000
2 88756 097.7440 108.9120 0027199 311.6230 165.5990 14.69037500000000
1 88756U          19323.51111111  .00000000  00000-0  00000-0 0 00000
2 88756 097.7350 109.1740 0011240 316.0750 205.0420 14.65134300000000
1 88756U          19323.92500000  .00000000  00000-0  00000-0 0 00000
2 88756 097.7320 109.5540 0013200 288.4640 256.3980 14.64547800000000
1 88756U          19324.29722222  .00000000  00000-0  00000-0 0 00000
2 88756 097.7350 109.9040 0017670 309.1500 039.5580 14.64730100000000
1 88756U          19324.47986111  .00000000  00000-0  00000-0 0 00000
2 88756 097.7390 110.0690 0018190 337.7170 254.6710 14.68067800000000
1 88756U          19324.84444444  .00000000  00000-0  00000-0 0 00000
2 88756 097.7330 110.4120 0017230 312.5770 043.3200 14.64526300000000
1 88756U          19325.15416667  .00000000  00000-0  00000-0 0 00000
2 88756 097.7360 110.6980 0014199 282.3040 267.7270 14.64666700000000
1 88756U          19325.57638889  .00000000  00000-0  00000-0 0 00000
2 88756 097.7430 111.0920 0012439 015.8700 241.8360 14.69995300000000
1 88756U          19325.84513889  .00000000  00000-0  00000-0 0 00000
2 88756 097.7380 111.3390 0016239 338.3300 257.3550 14.68407800000000
1 88756U          19325.90833333  .00000000  00000-0  00000-0 0 00000
2 88756 097.7330 111.3980 0017250 298.0870 271.0050 14.65840000000000
1 88756U          19326.16666667  .00000000  00000-0  00000-0 0 00000
2 88756 097.7400 111.6480 0020030 312.5240 179.4480 14.67697500000000
1 88756U          19326.52083333  .00000000  00000-0  00000-0 0 00000
2 88756 097.7330 111.9710 0016180 286.3890 274.2770 14.65215500000000
1 88756U          19326.87569444  .00000000  00000-0  00000-0 0 00000
2 88756 097.7400 112.3040 0005790 055.8860 217.0150 14.70262900000000
1 88756U          19327.29166667  .00000000  00000-0  00000-0 0 00000
2 88756 097.7390 112.6960 0009240 236.7310 070.8230 14.68121600000000
1 88756U          19327.57291667  .00000000  00000-0  00000-0 0 00000
2 88756 097.7320 112.9560 0016370 298.7930 052.6820 14.64630400000000
1 88756U          19327.90000000  .00000000  00000-0  00000-0 0 00000
2 88756 097.7390 113.2590 0003970 090.7320 186.4650 14.70183700000000
1 88756U          19328.28333333  .00000000  00000-0  00000-0 0 00000
2 88756 097.7360 113.6190 0015070 305.2930 194.3600 14.66918200000000
1 88756U          19328.51527778  .00000000  00000-0  00000-0 0 00000
2 88756 097.7400 113.8350 0003890 139.0080 144.4220 14.69969800000000
1 88756U          19328.90347222  .00000000  00000-0  00000-0 0 00000
2 88756 097.7290 114.1940 0011199 259.6100 271.9730 14.64636100000000
1 88756U          19329.15486111  .00000000  00000-0  00000-0 0 00000
2 88756 097.7400 114.4220 0021330 248.7790 169.2140 14.68616100000000
1 88756U          19329.49305556  .00000000  00000-0  00000-0 0 00000
2 88756 097.7340 114.7390 0014290 246.9280 155.4070 14.67130200000000
1 88756U          19329.96041667  .00000000  00000-0  00000-0 0 00000
2 88756 097.7290 115.1780 0015740 282.8280 065.2590 14.64770400000000
1 88756U          19330.20625000  .00000000  00000-0  00000-0 0 00000
2 88756 097.7340 115.4020 0016019 272.0090 293.1860 14.65526500000000
1 88756U          19330.56805556  .00000000  00000-0  00000-0 0 00000
2 88756 097.7360 115.7500 0013560 234.2150 079.7880 14.67490000000000
1 88756U          19330.83541667  .00000000  00000-0  00000-0 0 00000
2 88756 097.7390 115.9950 0007280 164.1000 120.5590 14.69916100000000
1 88756U          19331.19861111  .00000000  00000-0  00000-0 0 00000
2 88756 097.7360 116.3260 0014720 238.1060 162.8710 14.66967100000000
1 88756U          19331.63125000  .00000000  00000-0  00000-0 0 00000
2 88756 097.7320 116.7370 0010399 249.1430 274.3820 14.64981300000000
1 88756U          19331.95625000  .00000000  00000-0  00000-0 0 00000
2 88756 097.7380 117.0340 0029350 255.4690 182.8290 14.69984600000000
1 88756U          19332.20208333  .00000000  00000-0  00000-0 0 00000
2 88756 097.7400 117.2700 0011770 190.3580 104.9170 14.69215700000000
1 88756U          19332.55555556  .00000000  00000-0  00000-0 0 00000
2 88756 097.7290 117.5960 0012590 277.7700 082.4900 14.64514900000000
1 88756U          19332.84444444  .00000000  00000-0  00000-0 0 00000
2 88756 097.7380 117.8630 0029940 258.2970 186.1830 14.70172500000000
