1 88819U          19282.00069444  .00000000  00000-0  00000-0 0 00000
2 88819 097.7340 119.939  0000000 000.0000 089.5190 15.01920000000000
1 88819U          19282.32986111  .00000000  00000-0  00000-0 0 00000
2 88819 097.7330 120.263  0000000 000.0000 067.0200 15.01920000000000
1 88819U          19282.68611111  .00000000  00000-0  00000-0 0 00000
2 88819 097.7330 120.614  0000000 000.0000 190.7700 15.01920000000000
1 88819U          19282.96319444  .00000000  00000-0  00000-0 0 00000
2 88819 097.7330 120.887  0000000 000.0000 247.0210 15.01920000000000
1 88819U          19283.35069444  .00000000  00000-0  00000-0 0 00000
2 88819 097.7320 121.269  0000000 000.0000 179.5220 15.01920000000000
1 88819U          19283.67430556  .00000000  00000-0  00000-0 0 00000
2 88819 097.7320 121.589  0000000 000.0000 127.0220 15.01920000000000
1 88819U          19283.93541667  .00000000  00000-0  00000-0 0 00000
2 88819 097.7320 121.846  0000000 000.0000 097.0230 15.01920000000000
1 88819U          19284.27291667  .00000000  00000-0  00000-0 0 00000
2 88819 097.7310 122.179  0000000 000.0000 119.5230 15.01920000000000
1 88819U          19284.63472222  .00000000  00000-0  00000-0 0 00000
2 88819 097.7310 122.535  0000000 000.0000 273.2740 15.01920000000000
1 88819U          19284.92638889  .00000000  00000-0  00000-0 0 00000
2 88819 097.7310 122.823  0000000 000.0000 048.2740 15.01920000000000
1 88819U          19285.29722222  .00000000  00000-0  00000-0 0 00000
2 88819 097.7300 123.188  0000000 000.0000 250.7750 15.01920000000000
1 88819U          19285.66250000  .00000000  00000-0  00000-0 0 00000
2 88819 097.7300 123.549  0000000 000.0000 063.2750 15.01920000000000
1 88819U          19286.05625000  .00000000  00000-0  00000-0 0 00000
2 88819 097.7290 123.937  0000000 000.0000 029.5260 15.01920000000000
1 88819U          19286.39097222  .00000000  00000-0  00000-0 0 00000
2 88819 097.7290 124.267  0000000 000.0000 037.0260 15.01920000000000
1 88819U          19286.69930556  .00000000  00000-0  00000-0 0 00000
2 88819 097.7290 124.571  0000000 000.0000 262.0270 15.01920000000000
1 88819U          19287.06319444  .00000000  00000-0  00000-0 0 00000
2 88819 097.7280 124.929  0000000 000.0000 067.0280 15.01920000000000
1 88819U          19287.30208333  .00000000  00000-0  00000-0 0 00000
2 88819 097.7280 125.165  0000000 000.0000 277.0280 15.01920000000000
1 88819U          19287.64236111  .00000000  00000-0  00000-0 0 00000
2 88819 097.7280 125.500  0000000 000.0000 314.5280 15.01920000000000
1 88819U          19287.95138889  .00000000  00000-0  00000-0 0 00000
2 88819 097.7270 125.805  0000000 000.0000 183.2790 15.01920000000000
1 88819U          19288.26250000  .00000000  00000-0  00000-0 0 00000
2 88819 097.7270 126.112  0000000 000.0000 063.2790 15.01920000000000
1 88819U          19288.62847222  .00000000  00000-0  00000-0 0 00000
2 88819 097.7270 126.472  0000000 000.0000 239.5300 15.01920000000000
1 88819U          19289.05972222  .00000000  00000-0  00000-0 0 00000
2 88819 097.7260 126.898  0000000 000.0000 048.2810 15.01920000000000
1 88819U          19289.41666667  .00000000  00000-0  00000-0 0 00000
2 88819 097.7260 127.249  0000000 000.0000 175.7810 15.01920000000000
1 88819U          19289.71944444  .00000000  00000-0  00000-0 0 00000
2 88819 097.7250 127.548  0000000 000.0000 010.7820 15.01920000000000
1 88819U          19290.01458333  .00000000  00000-0  00000-0 0 00000
2 88819 097.7250 127.839  0000000 000.0000 164.5320 15.01920000000000
1 88819U          19290.40694444  .00000000  00000-0  00000-0 0 00000
2 88819 097.7250 128.226  0000000 000.0000 123.2830 15.01920000000000
1 88819U          19290.63472222  .00000000  00000-0  00000-0 0 00000
2 88819 097.7240 128.450  0000000 000.0000 273.2830 15.01920000000000
1 88819U          19291.02986111  .00000000  00000-0  00000-0 0 00000
2 88819 097.7240 128.840  0000000 000.0000 247.0340 15.01920000000000
1 88819U          19291.37083333  .00000000  00000-0  00000-0 0 00000
2 88819 097.7240 129.176  0000000 000.0000 288.2840 15.01920000000000
1 88819U          19291.74652778  .00000000  00000-0  00000-0 0 00000
2 88819 097.7230 129.546  0000000 000.0000 157.0350 15.01920000000000
1 88819U          19292.04722222  .00000000  00000-0  00000-0 0 00000
2 88819 097.7230 129.843  0000000 000.0000 340.7850 15.01920000000000
1 88819U          19292.38750000  .00000000  00000-0  00000-0 0 00000
2 88819 097.7220 130.178  0000000 000.0000 018.2860 15.01920000000000
1 88819U          19292.60902778  .00000000  00000-0  00000-0 0 00000
2 88819 097.7220 130.396  0000000 000.0000 134.5360 15.01920000000000
1 88819U          19293.03888889  .00000000  00000-0  00000-0 0 00000
2 88819 097.7220 130.820  0000000 000.0000 295.7870 15.01920000000000
1 88819U          19293.36805556  .00000000  00000-0  00000-0 0 00000
2 88819 097.7210 131.145  0000000 000.0000 273.2870 15.01920000000000
1 88819U          19293.65902778  .00000000  00000-0  00000-0 0 00000
2 88819 097.7210 131.432  0000000 000.0000 044.5370 15.01920000000000
1 88819U          19294.04097222  .00000000  00000-0  00000-0 0 00000
2 88819 097.7200 131.808  0000000 000.0000 307.0380 15.01920000000000
1 88819U          19294.38402778  .00000000  00000-0  00000-0 0 00000
2 88819 097.7200 132.146  0000000 000.0000 359.5380 15.01920000000000
1 88819U          19294.67291667  .00000000  00000-0  00000-0 0 00000
2 88819 097.7200 132.431  0000000 000.0000 119.5390 15.01920000000000
1 88819U          19295.05902778  .00000000  00000-0  00000-0 0 00000
2 88819 097.7190 132.812  0000000 000.0000 044.5390 15.01920000000000
1 88819U          19295.30138889  .00000000  00000-0  00000-0 0 00000
2 88819 097.7190 133.051  0000000 000.0000 273.2900 15.01920000000000
1 88819U          19295.74097222  .00000000  00000-0  00000-0 0 00000
2 88819 097.7180 133.484  0000000 000.0000 127.0400 15.01920000000000
1 88819U          19295.95347222  .00000000  00000-0  00000-0 0 00000
2 88819 097.7180 133.693  0000000 000.0000 194.5410 15.01920000000000
1 88819U          19296.36180556  .00000000  00000-0  00000-0 0 00000
2 88819 097.7170 134.096  0000000 000.0000 239.5410 15.01920000000000
1 88819U          19296.63402778  .00000000  00000-0  00000-0 0 00000
2 88819 097.7170 134.364  0000000 000.0000 269.5420 15.01920000000000
1 88819U          19297.05208333  .00000000  00000-0  00000-0 0 00000
2 88819 097.7160 134.776  0000000 000.0000 007.0420 15.01920000000000
1 88819U          19297.28125000  .00000000  00000-0  00000-0 0 00000
2 88819 097.7160 135.002  0000000 000.0000 164.5430 15.01920000000000
1 88819U          19297.69513889  .00000000  00000-0  00000-0 0 00000
2 88819 097.7160 135.410  0000000 000.0000 239.5430 15.01920000000000
1 88819U          19297.92708333  .00000000  00000-0  00000-0 0 00000
2 88819 097.7150 135.639  0000000 000.0000 052.0430 15.01920000000000
1 88819U          19298.27638889  .00000000  00000-0  00000-0 0 00000
2 88819 097.7150 135.983  0000000 000.0000 138.2940 15.01920000000000
1 88819U          19298.67222222  .00000000  00000-0  00000-0 0 00000
2 88819 097.7140 136.373  0000000 000.0000 115.7940 15.01920000000000
1 88819U          19299.04652778  .00000000  00000-0  00000-0 0 00000
2 88819 097.7140 136.742  0000000 000.0000 337.0450 15.01920000000000
1 88819U          19299.27013889  .00000000  00000-0  00000-0 0 00000
2 88819 097.7130 136.963  0000000 000.0000 104.5450 15.01920000000000
1 88819U          19299.63194444  .00000000  00000-0  00000-0 0 00000
2 88819 097.7130 137.320  0000000 000.0000 258.2960 15.01920000000000
1 88819U          19299.93611111  .00000000  00000-0  00000-0 0 00000
2 88819 097.7130 137.619  0000000 000.0000 100.7960 15.01920000000000
1 88819U          19300.31180556  .00000000  00000-0  00000-0 0 00000
2 88819 097.7120 137.990  0000000 000.0000 329.5470 15.01920000000000
1 88819U          19300.63888889  .00000000  00000-0  00000-0 0 00000
2 88819 097.7120 138.312  0000000 000.0000 295.7970 15.01920000000000
1 88819U          19300.93125000  .00000000  00000-0  00000-0 0 00000
2 88819 097.7110 138.600  0000000 000.0000 074.5470 15.01920000000000
1 88819U          19301.40694444  .00000000  00000-0  00000-0 0 00000
2 88819 097.7110 139.069  0000000 000.0000 123.2980 15.01920000000000
1 88819U          19301.60486111  .00000000  00000-0  00000-0 0 00000
2 88819 097.7100 139.264  0000000 000.0000 112.0480 15.01920000000000
1 88819U          19301.93680556  .00000000  00000-0  00000-0 0 00000
2 88819 097.7100 139.592  0000000 000.0000 104.5490 15.01920000000000
1 88819U          19302.25694444  .00000000  00000-0  00000-0 0 00000
2 88819 097.7090 139.907  0000000 000.0000 033.2990 15.01920000000000
1 88819U          19302.72847222  .00000000  00000-0  00000-0 0 00000
2 88819 097.7090 140.372  0000000 000.0000 059.5500 15.01920000000000
1 88819U          19303.05277778  .00000000  00000-0  00000-0 0 00000
2 88819 097.7080 140.692  0000000 000.0000 010.8000 15.01920000000000
1 88819U          19303.34236111  .00000000  00000-0  00000-0 0 00000
2 88819 097.7080 140.977  0000000 000.0000 134.5500 15.01920000000000
1 88819U          19303.62708333  .00000000  00000-0  00000-0 0 00000
2 88819 097.7070 141.258  0000000 000.0000 232.0510 15.01920000000000
1 88819U          19303.97430556  .00000000  00000-0  00000-0 0 00000
2 88819 097.7070 141.600  0000000 000.0000 307.0510 15.01920000000000
1 88819U          19304.29652778  .00000000  00000-0  00000-0 0 00000
2 88819 097.7060 141.918  0000000 000.0000 247.0510 15.01920000000000
1 88819U          19304.69166667  .00000000  00000-0  00000-0 0 00000
2 88819 097.7060 142.307  0000000 000.0000 220.8020 15.01920000000000
1 88819U          19304.99652778  .00000000  00000-0  00000-0 0 00000
2 88819 097.7050 142.608  0000000 000.0000 067.0520 15.01920000000000
1 88819U          19305.32500000  .00000000  00000-0  00000-0 0 00000
2 88819 097.7050 142.932  0000000 000.0000 040.8030 15.01920000000000
1 88819U          19305.69236111  .00000000  00000-0  00000-0 0 00000
2 88819 097.7040 143.294  0000000 000.0000 224.5530 15.01920000000000
1 88819U          19306.02361111  .00000000  00000-0  00000-0 0 00000
2 88819 097.7040 143.620  0000000 000.0000 213.3030 15.01920000000000
1 88819U          19306.28958333  .00000000  00000-0  00000-0 0 00000
2 88819 097.7030 143.882  0000000 000.0000 209.5540 15.01920000000000
1 88819U          19306.65138889  .00000000  00000-0  00000-0 0 00000
2 88819 097.7030 144.239  0000000 000.0000 003.3040 15.01920000000000
1 88819U          19306.95763889  .00000000  00000-0  00000-0 0 00000
2 88819 097.7020 144.541  0000000 000.0000 217.0550 15.01920000000000
1 88819U          19307.29513889  .00000000  00000-0  00000-0 0 00000
2 88819 097.7020 144.874  0000000 000.0000 239.5550 15.01920000000000
1 88819U          19307.74027778  .00000000  00000-0  00000-0 0 00000
2 88819 097.7010 145.312  0000000 000.0000 123.3050 15.01920000000000
1 88819U          19308.03333333  .00000000  00000-0  00000-0 0 00000
2 88819 097.7010 145.601  0000000 000.0000 265.8060 15.01920000000000
1 88819U          19308.41527778  .00000000  00000-0  00000-0 0 00000
2 88819 097.7000 145.978  0000000 000.0000 168.3060 15.01920000000000
1 88819U          19308.63333333  .00000000  00000-0  00000-0 0 00000
2 88819 097.7000 146.193  0000000 000.0000 265.8060 15.01920000000000
1 88819U          19309.00277778  .00000000  00000-0  00000-0 0 00000
2 88819 097.6990 146.557  0000000 000.0000 100.8070 15.01920000000000
1 88819U          19309.39583333  .00000000  00000-0  00000-0 0 00000
2 88819 097.6990 146.944  0000000 000.0000 063.3070 15.01920000000000
1 88819U          19309.70694444  .00000000  00000-0  00000-0 0 00000
2 88819 097.6980 147.251  0000000 000.0000 303.3070 15.01920000000000
1 88819U          19310.04444444  .00000000  00000-0  00000-0 0 00000
2 88819 097.6980 147.584  0000000 000.0000 325.8080 15.01920000000000
1 88819U          19310.39444444  .00000000  00000-0  00000-0 0 00000
2 88819 097.6970 147.929  0000000 000.0000 055.8080 15.01920000000000
1 88819U          19310.61111111  .00000000  00000-0  00000-0 0 00000
2 88819 097.6970 148.142  0000000 000.0000 145.8080 15.01920000000000
1 88819U          19311.03055556  .00000000  00000-0  00000-0 0 00000
2 88819 097.6960 148.556  0000000 000.0000 250.8090 15.01920000000000
1 88819U          19311.30069444  .00000000  00000-0  00000-0 0 00000
2 88819 097.6960 148.822  0000000 000.0000 269.5590 15.01920000000000
1 88819U          19311.66805556  .00000000  00000-0  00000-0 0 00000
2 88819 097.6950 149.184  0000000 000.0000 093.3090 15.01920000000000
1 88819U          19311.91666667  .00000000  00000-0  00000-0 0 00000
2 88819 097.6950 149.429  0000000 000.0000 355.8100 15.01914300000000
1 88819U          19312.16597222  .00000000  00000-0  00000-0 0 00000
2 88819 097.6940 149.675  0000000 000.0000 262.0600 15.01914300000000
1 88819U          19312.55486111  .00000000  00000-0  00000-0 0 00000
2 88819 097.6940 150.058  0000000 000.0000 202.0600 15.01914300000000
1 88819U          19312.88611111  .00000000  00000-0  00000-0 0 00000
2 88819 097.6930 150.385  0000000 000.0000 190.8110 15.01914300000000
1 88819U          19313.14652778  .00000000  00000-0  00000-0 0 00000
2 88819 097.6930 150.642  0000000 000.0000 157.0610 15.01914300000000
1 88819U          19313.49583333  .00000000  00000-0  00000-0 0 00000
2 88819 097.6920 150.986  0000000 000.0000 243.3110 15.01914300000000
1 88819U          19313.82013889  .00000000  00000-0  00000-0 0 00000
2 88819 097.6920 151.306  0000000 000.0000 194.5620 15.01914300000000
1 88819U          19314.14861111  .00000000  00000-0  00000-0 0 00000
2 88819 097.6910 151.629  0000000 000.0000 168.3120 15.01914300000000
1 88819U          19314.56180556  .00000000  00000-0  00000-0 0 00000
2 88819 097.6900 152.037  0000000 000.0000 239.5620 15.01914300000000
1 88819U          19314.89027778  .00000000  00000-0  00000-0 0 00000
2 88819 097.6900 152.360  0000000 000.0000 213.3130 15.01914300000000
1 88819U          19315.27222222  .00000000  00000-0  00000-0 0 00000
2 88819 097.6890 152.737  0000000 000.0000 115.8130 15.01914300000000
1 88819U          19315.64097222  .00000000  00000-0  00000-0 0 00000
2 88819 097.6890 153.100  0000000 000.0000 307.0630 15.01914300000000
1 88819U          19315.93541667  .00000000  00000-0  00000-0 0 00000
2 88819 097.6880 153.391  0000000 000.0000 097.0630 15.01914300000000
1 88819U          19316.25763889  .00000000  00000-0  00000-0 0 00000
2 88819 097.6870 153.708  0000000 000.0000 037.0640 15.01914300000000
1 88819U          19316.64027778  .00000000  00000-0  00000-0 0 00000
2 88819 097.6870 154.085  0000000 000.0000 303.3140 15.01914300000000
1 88819U          19316.97708333  .00000000  00000-0  00000-0 0 00000
2 88819 097.6860 154.417  0000000 000.0000 322.0640 15.01914300000000
1 88819U          19317.26736111  .00000000  00000-0  00000-0 0 00000
2 88819 097.6860 154.704  0000000 000.0000 089.5650 15.01914300000000
1 88819U          19317.56041667  .00000000  00000-0  00000-0 0 00000
2 88819 097.6850 154.992  0000000 000.0000 232.0650 15.01914300000000
1 88819U          19317.87708333  .00000000  00000-0  00000-0 0 00000
2 88819 097.6850 155.305  0000000 000.0000 142.0650 15.01914300000000
1 88819U          19318.16111111  .00000000  00000-0  00000-0 0 00000
2 88819 097.6840 155.585  0000000 000.0000 235.8150 15.01914300000000
1 88819U          19318.55069444  .00000000  00000-0  00000-0 0 00000
2 88819 097.6840 155.969  0000000 000.0000 179.5660 15.01914300000000
1 88819U          19318.84652778  .00000000  00000-0  00000-0 0 00000
2 88819 097.6830 156.260  0000000 000.0000 337.0660 15.01914300000000
1 88819U          19318.91875000  .00000000  00000-0  00000-0 0 00000
2 88819 097.6830 156.331  0000000 000.0000 007.0660 15.01914300000000
1 88819U          19319.30000000  .00000000  00000-0  00000-0 0 00000
2 88819 097.6820 156.707  0000000 000.0000 265.8160 15.01914300000000
1 88819U          19319.57152778  .00000000  00000-0  00000-0 0 00000
2 88819 097.6820 156.975  0000000 000.0000 292.0660 15.01914300000000
1 88819U          19319.97500000  .00000000  00000-0  00000-0 0 00000
2 88819 097.6810 157.373  0000000 000.0000 310.8170 15.01914300000000
1 88819U          19320.18750000  .00000000  00000-0  00000-0 0 00000
2 88819 097.6810 157.582  0000000 000.0000 018.3170 15.01914300000000
1 88819U          19320.50625000  .00000000  00000-0  00000-0 0 00000
2 88819 097.6800 157.896  0000000 000.0000 299.5670 15.01914300000000
1 88819U          19320.84930556  .00000000  00000-0  00000-0 0 00000
2 88819 097.6800 158.234  0000000 000.0000 352.0670 15.01914300000000
1 88819U          19321.25902778  .00000000  00000-0  00000-0 0 00000
2 88819 097.6790 158.638  0000000 000.0000 044.5680 15.01914300000000
1 88819U          19321.59791667  .00000000  00000-0  00000-0 0 00000
2 88819 097.6780 158.972  0000000 000.0000 074.5680 15.01914300000000
1 88819U          19321.93055556  .00000000  00000-0  00000-0 0 00000
2 88819 097.6780 159.300  0000000 000.0000 070.8180 15.01914300000000
1 88819U          19322.21111111  .00000000  00000-0  00000-0 0 00000
2 88819 097.6770 159.577  0000000 000.0000 145.8180 15.01914300000000
1 88819U          19322.53819444  .00000000  00000-0  00000-0 0 00000
2 88819 097.6770 159.899  0000000 000.0000 112.0690 15.01914300000000
1 88819U          19322.95000000  .00000000  00000-0  00000-0 0 00000
2 88819 097.6760 160.305  0000000 000.0000 175.8190 15.01914300000000
1 88819U          19323.30277778  .00000000  00000-0  00000-0 0 00000
2 88819 097.6750 160.653  0000000 000.0000 280.8190 15.01914300000000
1 88819U          19323.58263889  .00000000  00000-0  00000-0 0 00000
2 88819 097.6750 160.929  0000000 000.0000 352.0690 15.01914300000000
1 88819U          19323.88472222  .00000000  00000-0  00000-0 0 00000
2 88819 097.6740 161.226  0000000 000.0000 183.3190 15.01914300000000
1 88819U          19324.28958333  .00000000  00000-0  00000-0 0 00000
2 88819 097.6740 161.625  0000000 000.0000 209.5700 15.01914300000000
1 88819U          19324.56319444  .00000000  00000-0  00000-0 0 00000
2 88819 097.6730 161.895  0000000 000.0000 247.0700 15.01914300000000
1 88819U          19324.90555556  .00000000  00000-0  00000-0 0 00000
2 88819 097.6730 162.233  0000000 000.0000 295.8200 15.01914300000000
1 88819U          19325.19375000  .00000000  00000-0  00000-0 0 00000
2 88819 097.6720 162.517  0000000 000.0000 052.0700 15.01914300000000
1 88819U          19325.62500000  .00000000  00000-0  00000-0 0 00000
2 88819 097.6710 162.942  0000000 000.0000 220.8200 15.01914300000000
1 88819U          19325.83958333  .00000000  00000-0  00000-0 0 00000
2 88819 097.6710 163.153  0000000 000.0000 299.5710 15.01914300000000
1 88819U          19325.90486111  .00000000  00000-0  00000-0 0 00000
2 88819 097.6710 163.218  0000000 000.0000 292.0710 15.01914300000000
1 88819U          19326.28611111  .00000000  00000-0  00000-0 0 00000
2 88819 097.6700 163.593  0000000 000.0000 190.8210 15.01914300000000
1 88819U          19326.58472222  .00000000  00000-0  00000-0 0 00000
2 88819 097.6700 163.888  0000000 000.0000 003.3210 15.01914300000000
1 88819U          19326.85069444  .00000000  00000-0  00000-0 0 00000
2 88819 097.6690 164.150  0000000 000.0000 359.5710 15.01914300000000
1 88819U          19327.17361111  .00000000  00000-0  00000-0 0 00000
2 88819 097.6680 164.468  0000000 000.0000 303.3210 15.01914300000000
1 88819U          19327.49791667  .00000000  00000-0  00000-0 0 00000
2 88819 097.6680 164.788  0000000 000.0000 254.5710 15.01914300000000
1 88819U          19327.93750000  .00000000  00000-0  00000-0 0 00000
2 88819 097.6670 165.221  0000000 000.0000 108.3220 15.01914300000000
1 88819U          19328.23819444  .00000000  00000-0  00000-0 0 00000
2 88819 097.6670 165.517  0000000 000.0000 292.0720 15.01914300000000
1 88819U          19328.59444444  .00000000  00000-0  00000-0 0 00000
2 88819 097.6660 165.869  0000000 000.0000 055.8220 15.01914300000000
1 88819U          19328.94444444  .00000000  00000-0  00000-0 0 00000
2 88819 097.6650 166.214  0000000 000.0000 145.8220 15.01914300000000
1 88819U          19329.22291667  .00000000  00000-0  00000-0 0 00000
2 88819 097.6650 166.488  0000000 000.0000 209.5720 15.01914300000000
1 88819U          19329.58750000  .00000000  00000-0  00000-0 0 00000
2 88819 097.6640 166.847  0000000 000.0000 018.3230 15.01914300000000
1 88819U          19329.85833333  .00000000  00000-0  00000-0 0 00000
2 88819 097.6640 167.114  0000000 000.0000 040.8230 15.01914300000000
1 88819U          19330.29722222  .00000000  00000-0  00000-0 0 00000
2 88819 097.6630 167.547  0000000 000.0000 250.8230 15.01914300000000
1 88819U          19330.55277778  .00000000  00000-0  00000-0 0 00000
2 88819 097.6620 167.799  0000000 000.0000 190.8230 15.01914300000000
1 88819U          19330.86458333  .00000000  00000-0  00000-0 0 00000
2 88819 097.6620 168.106  0000000 000.0000 074.5730 15.01914300000000
1 88819U          19331.17222222  .00000000  00000-0  00000-0 0 00000
2 88819 097.6610 168.409  0000000 000.0000 295.8230 15.01914300000000
1 88819U          19331.63611111  .00000000  00000-0  00000-0 0 00000
2 88819 097.6600 168.867  0000000 000.0000 280.8230 15.01914300000000
1 88819U          19331.87291667  .00000000  00000-0  00000-0 0 00000
2 88819 097.6600 169.100  0000000 000.0000 119.5730 15.01914300000000
1 88819U          19332.26666667  .00000000  00000-0  00000-0 0 00000
2 88819 097.6590 169.488  0000000 000.0000 085.8240 15.01914300000000
1 88819U          19332.59097222  .00000000  00000-0  00000-0 0 00000
2 88819 097.6590 169.808  0000000 000.0000 037.0740 15.01914300000000
1 88819U          19332.88333333  .00000000  00000-0  00000-0 0 00000
2 88819 097.6580 170.096  0000000 000.0000 175.8240 15.01914300000000
