1 88854U          19281.97083333  .00000000  00000-0  00000-0 0 00000
2 88854 097.6720 17.0310 0000000 000.0000 298.3960 15.01920000000000
1 88854U          19282.27569444  .00000000  00000-0  00000-0 0 00000
2 88854 097.6730 17.3310 0000000 000.0000 144.6460 15.01920000000000
1 88854U          19282.72708333  .00000000  00000-0  00000-0 0 00000
2 88854 097.6740 17.7760 0000000 000.0000 062.1460 15.01920000000000
1 88854U          19283.01875000  .00000000  00000-0  00000-0 0 00000
2 88854 097.6740 18.0640 0000000 000.0000 197.1470 15.01920000000000
1 88854U          19283.34236111  .00000000  00000-0  00000-0 0 00000
2 88854 097.6750 18.3830 0000000 000.0000 144.6470 15.01920000000000
1 88854U          19283.74930556  .00000000  00000-0  00000-0 0 00000
2 88854 097.6760 18.7840 0000000 000.0000 182.1470 15.01920000000000
1 88854U          19283.92708333  .00000000  00000-0  00000-0 0 00000
2 88854 097.6760 18.9590 0000000 000.0000 062.1470 15.01920000000000
1 88854U          19284.36250000  .00000000  00000-0  00000-0 0 00000
2 88854 097.6770 19.3880 0000000 000.0000 253.3970 15.01920000000000
1 88854U          19284.59444444  .00000000  00000-0  00000-0 0 00000
2 88854 097.6770 19.6170 0000000 000.0000 065.8980 15.01920000000000
1 88854U          19285.06388889  .00000000  00000-0  00000-0 0 00000
2 88854 097.6780 20.0800 0000000 000.0000 080.8980 15.01920000000000
1 88854U          19285.25347222  .00000000  00000-0  00000-0 0 00000
2 88854 097.6780 20.2660 0000000 000.0000 024.6480 15.01920000000000
1 88854U          19285.70972222  .00000000  00000-0  00000-0 0 00000
2 88854 097.6790 20.7160 0000000 000.0000 328.3980 15.01920000000000
1 88854U          19285.95625000  .00000000  00000-0  00000-0 0 00000
2 88854 097.6790 20.9590 0000000 000.0000 219.6490 15.01920000000000
1 88854U          19286.26388889  .00000000  00000-0  00000-0 0 00000
2 88854 097.6800 21.2620 0000000 000.0000 080.8990 15.01920000000000
1 88854U          19286.70138889  .00000000  00000-0  00000-0 0 00000
2 88854 097.6810 21.6940 0000000 000.0000 283.3990 15.01920000000000
1 88854U          19286.99444444  .00000000  00000-0  00000-0 0 00000
2 88854 097.6810 21.9830 0000000 000.0000 065.8990 15.01920000000000
1 88854U          19287.40486111  .00000000  00000-0  00000-0 0 00000
2 88854 097.6820 22.3870 0000000 000.0000 122.1500 15.01920000000000
1 88854U          19287.66944444  .00000000  00000-0  00000-0 0 00000
2 88854 097.6820 22.6480 0000000 000.0000 110.9000 15.01920000000000
1 88854U          19287.92708333  .00000000  00000-0  00000-0 0 00000
2 88854 097.6830 22.9020 0000000 000.0000 062.1500 15.01920000000000
1 88854U          19288.33750000  .00000000  00000-0  00000-0 0 00000
2 88854 097.6840 23.3060 0000000 000.0000 118.4000 15.01920000000000
1 88854U          19288.73472222  .00000000  00000-0  00000-0 0 00000
2 88854 097.6840 23.6980 0000000 000.0000 103.4010 15.01920000000000
1 88854U          19288.99305556  .00000000  00000-0  00000-0 0 00000
2 88854 097.6850 23.9530 0000000 000.0000 058.4010 15.01920000000000
1 88854U          19289.32013889  .00000000  00000-0  00000-0 0 00000
2 88854 097.6850 24.2750 0000000 000.0000 024.6510 15.01920000000000
1 88854U          19289.58958333  .00000000  00000-0  00000-0 0 00000
2 88854 097.6860 24.5410 0000000 000.0000 039.6510 15.01920000000000
1 88854U          19289.99166667  .00000000  00000-0  00000-0 0 00000
2 88854 097.6860 24.9370 0000000 000.0000 050.9020 15.01920000000000
1 88854U          19290.32291667  .00000000  00000-0  00000-0 0 00000
2 88854 097.6870 25.2630 0000000 000.0000 039.6520 15.01920000000000
1 88854U          19290.67916667  .00000000  00000-0  00000-0 0 00000
2 88854 097.6870 25.6150 0000000 000.0000 163.4020 15.01920000000000
1 88854U          19291.00069444  .00000000  00000-0  00000-0 0 00000
2 88854 097.6880 25.9320 0000000 000.0000 099.6530 15.01920000000000
1 88854U          19291.25069444  .00000000  00000-0  00000-0 0 00000
2 88854 097.6880 26.1780 0000000 000.0000 009.6530 15.01920000000000
1 88854U          19291.70833333  .00000000  00000-0  00000-0 0 00000
2 88854 097.6890 26.6290 0000000 000.0000 320.9030 15.01920000000000
1 88854U          19292.04097222  .00000000  00000-0  00000-0 0 00000
2 88854 097.6900 26.9570 0000000 000.0000 317.1540 15.01920000000000
1 88854U          19292.37222222  .00000000  00000-0  00000-0 0 00000
2 88854 097.6900 27.2840 0000000 000.0000 305.9040 15.01920000000000
1 88854U          19292.66666667  .00000000  00000-0  00000-0 0 00000
2 88854 097.6910 27.5740 0000000 000.0000 095.9040 15.01920000000000
1 88854U          19293.06527778  .00000000  00000-0  00000-0 0 00000
2 88854 097.6910 27.9670 0000000 000.0000 088.4040 15.01920000000000
1 88854U          19293.28888889  .00000000  00000-0  00000-0 0 00000
2 88854 097.6920 28.1870 0000000 000.0000 215.9050 15.01920000000000
1 88854U          19293.60069444  .00000000  00000-0  00000-0 0 00000
2 88854 097.6920 28.4940 0000000 000.0000 099.6550 15.01920000000000
1 88854U          19293.93333333  .00000000  00000-0  00000-0 0 00000
2 88854 097.6930 28.8220 0000000 000.0000 095.9050 15.01920000000000
1 88854U          19294.33750000  .00000000  00000-0  00000-0 0 00000
2 88854 097.6940 29.2210 0000000 000.0000 118.4060 15.01920000000000
1 88854U          19294.72152778  .00000000  00000-0  00000-0 0 00000
2 88854 097.6940 29.5990 0000000 000.0000 032.1560 15.01920000000000
1 88854U          19295.00486111  .00000000  00000-0  00000-0 0 00000
2 88854 097.6950 29.8790 0000000 000.0000 122.1560 15.01920000000000
1 88854U          19295.25555556  .00000000  00000-0  00000-0 0 00000
2 88854 097.6950 30.1260 0000000 000.0000 035.9070 15.01920000000000
1 88854U          19295.62569444  .00000000  00000-0  00000-0 0 00000
2 88854 097.6960 30.4910 0000000 000.0000 234.6570 15.01920000000000
1 88854U          19295.92152778  .00000000  00000-0  00000-0 0 00000
2 88854 097.6960 30.7820 0000000 000.0000 032.1570 15.01920000000000
1 88854U          19296.40416667  .00000000  00000-0  00000-0 0 00000
2 88854 097.6970 31.2580 0000000 000.0000 118.4080 15.01920000000000
1 88854U          19296.73541667  .00000000  00000-0  00000-0 0 00000
2 88854 097.6970 31.5840 0000000 000.0000 107.1580 15.01920000000000
1 88854U          19296.96111111  .00000000  00000-0  00000-0 0 00000
2 88854 097.6980 31.8070 0000000 000.0000 245.9080 15.01920000000000
1 88854U          19297.38819444  .00000000  00000-0  00000-0 0 00000
2 88854 097.6980 32.2280 0000000 000.0000 032.1590 15.01920000000000
1 88854U          19297.73888889  .00000000  00000-0  00000-0 0 00000
2 88854 097.6990 32.5740 0000000 000.0000 125.9090 15.01920000000000
1 88854U          19297.98958333  .00000000  00000-0  00000-0 0 00000
2 88854 097.6990 32.8210 0000000 000.0000 039.6590 15.01920000000000
1 88854U          19298.32916667  .00000000  00000-0  00000-0 0 00000
2 88854 097.7000 33.1550 0000000 000.0000 073.4100 15.01920000000000
1 88854U          19298.60972222  .00000000  00000-0  00000-0 0 00000
2 88854 097.7000 33.4320 0000000 000.0000 148.4100 15.01920000000000
1 88854U          19298.93958333  .00000000  00000-0  00000-0 0 00000
2 88854 097.7010 33.7570 0000000 000.0000 129.6600 15.01920000000000
1 88854U          19299.30902778  .00000000  00000-0  00000-0 0 00000
2 88854 097.7010 34.1210 0000000 000.0000 324.6610 15.01920000000000
1 88854U          19299.60694444  .00000000  00000-0  00000-0 0 00000
2 88854 097.7020 34.4150 0000000 000.0000 133.4110 15.01920000000000
1 88854U          19299.99027778  .00000000  00000-0  00000-0 0 00000
2 88854 097.7020 34.7930 0000000 000.0000 043.4120 15.01920000000000
1 88854U          19300.34305556  .00000000  00000-0  00000-0 0 00000
2 88854 097.7030 35.1410 0000000 000.0000 148.4120 15.01920000000000
1 88854U          19300.74236111  .00000000  00000-0  00000-0 0 00000
2 88854 097.7040 35.5340 0000000 000.0000 144.6620 15.01920000000000
1 88854U          19300.99375000  .00000000  00000-0  00000-0 0 00000
2 88854 097.7040 35.7820 0000000 000.0000 062.1630 15.01920000000000
1 88854U          19301.35555556  .00000000  00000-0  00000-0 0 00000
2 88854 097.7040 36.1390 0000000 000.0000 215.9130 15.01920000000000
1 88854U          19301.60763889  .00000000  00000-0  00000-0 0 00000
2 88854 097.7050 36.3870 0000000 000.0000 137.1630 15.01920000000000
1 88854U          19302.02916667  .00000000  00000-0  00000-0 0 00000
2 88854 097.7050 36.8030 0000000 000.0000 253.4140 15.01920000000000
1 88854U          19302.34444444  .00000000  00000-0  00000-0 0 00000
2 88854 097.7060 37.1140 0000000 000.0000 155.9140 15.01920000000000
1 88854U          19302.71319444  .00000000  00000-0  00000-0 0 00000
2 88854 097.7060 37.4770 0000000 000.0000 347.1650 15.01920000000000
1 88854U          19303.08263889  .00000000  00000-0  00000-0 0 00000
2 88854 097.7070 37.8410 0000000 000.0000 182.1650 15.01920000000000
1 88854U          19303.27013889  .00000000  00000-0  00000-0 0 00000
2 88854 097.7070 38.0260 0000000 000.0000 114.6650 15.01920000000000
1 88854U          19303.73055556  .00000000  00000-0  00000-0 0 00000
2 88854 097.7080 38.4800 0000000 000.0000 080.9160 15.01920000000000
1 88854U          19303.96875000  .00000000  00000-0  00000-0 0 00000
2 88854 097.7080 38.7150 0000000 000.0000 287.1660 15.01920000000000
1 88854U          19304.25833333  .00000000  00000-0  00000-0 0 00000
2 88854 097.7090 39.0000 0000000 000.0000 050.9170 15.01920000000000
1 88854U          19304.58888889  .00000000  00000-0  00000-0 0 00000
2 88854 097.7090 39.3260 0000000 000.0000 035.9170 15.01920000000000
1 88854U          19304.94861111  .00000000  00000-0  00000-0 0 00000
2 88854 097.7100 39.6810 0000000 000.0000 178.4170 15.01920000000000
1 88854U          19305.37291667  .00000000  00000-0  00000-0 0 00000
2 88854 097.7100 40.0990 0000000 000.0000 309.6680 15.01920000000000
1 88854U          19305.62986111  .00000000  00000-0  00000-0 0 00000
2 88854 097.7110 40.3520 0000000 000.0000 257.1680 15.01920000000000
1 88854U          19306.05416667  .00000000  00000-0  00000-0 0 00000
2 88854 097.7110 40.7700 0000000 000.0000 028.4190 15.01920000000000
1 88854U          19306.41597222  .00000000  00000-0  00000-0 0 00000
2 88854 097.7120 41.1270 0000000 000.0000 182.1690 15.01920000000000
1 88854U          19306.73472222  .00000000  00000-0  00000-0 0 00000
2 88854 097.7120 41.4410 0000000 000.0000 103.4200 15.01920000000000
1 88854U          19306.94027778  .00000000  00000-0  00000-0 0 00000
2 88854 097.7120 41.6440 0000000 000.0000 133.4200 15.01920000000000
1 88854U          19307.25763889  .00000000  00000-0  00000-0 0 00000
2 88854 097.7130 41.9570 0000000 000.0000 047.1700 15.01920000000000
1 88854U          19307.62777778  .00000000  00000-0  00000-0 0 00000
2 88854 097.7130 42.3220 0000000 000.0000 245.9210 15.01920000000000
1 88854U          19307.99166667  .00000000  00000-0  00000-0 0 00000
2 88854 097.7140 42.6800 0000000 000.0000 050.9210 15.01920000000000
1 88854U          19308.40833333  .00000000  00000-0  00000-0 0 00000
2 88854 097.7140 43.0910 0000000 000.0000 140.9220 15.01920000000000
1 88854U          19308.68402778  .00000000  00000-0  00000-0 0 00000
2 88854 097.7150 43.3630 0000000 000.0000 189.6720 15.01920000000000
1 88854U          19309.02083333  .00000000  00000-0  00000-0 0 00000
2 88854 097.7150 43.6950 0000000 000.0000 208.4230 15.01920000000000
1 88854U          19309.31527778  .00000000  00000-0  00000-0 0 00000
2 88854 097.7160 43.9850 0000000 000.0000 358.4230 15.01920000000000
1 88854U          19309.58958333  .00000000  00000-0  00000-0 0 00000
2 88854 097.7160 44.2560 0000000 000.0000 039.6730 15.01920000000000
1 88854U          19310.03263889  .00000000  00000-0  00000-0 0 00000
2 88854 097.7170 44.6920 0000000 000.0000 272.1740 15.01920000000000
1 88854U          19310.29375000  .00000000  00000-0  00000-0 0 00000
2 88854 097.7170 44.9500 0000000 000.0000 242.1740 15.01920000000000
1 88854U          19310.66111111  .00000000  00000-0  00000-0 0 00000
2 88854 097.7170 45.3120 0000000 000.0000 065.9250 15.01920000000000
1 88854U          19311.00277778  .00000000  00000-0  00000-0 0 00000
2 88854 097.7180 45.6490 0000000 000.0000 110.9250 15.01920000000000
1 88854U          19311.36458333  .00000000  00000-0  00000-0 0 00000
2 88854 097.7180 46.0050 0000000 000.0000 264.6760 15.01920000000000
1 88854U          19311.74305556  .00000000  00000-0  00000-0 0 00000
2 88854 097.7190 46.3780 0000000 000.0000 148.4260 15.01920000000000
1 88854U          19311.96250000  .00000000  00000-0  00000-0 0 00000
2 88854 097.7190 46.5950 0000000 000.0000 253.4270 15.01914300000000
1 88854U          19312.25833333  .00000000  00000-0  00000-0 0 00000
2 88854 097.7200 46.8860 0000000 000.0000 050.9270 15.01914300000000
1 88854U          19312.55902778  .00000000  00000-0  00000-0 0 00000
2 88854 097.7200 47.1830 0000000 000.0000 234.6780 15.01914300000000
1 88854U          19312.89305556  .00000000  00000-0  00000-0 0 00000
2 88854 097.7200 47.5120 0000000 000.0000 238.4280 15.01914300000000
1 88854U          19313.23750000  .00000000  00000-0  00000-0 0 00000
2 88854 097.7210 47.8520 0000000 000.0000 298.4290 15.01914300000000
1 88854U          19313.49583333  .00000000  00000-0  00000-0 0 00000
2 88854 097.7210 48.1060 0000000 000.0000 253.4290 15.01914300000000
1 88854U          19313.95069444  .00000000  00000-0  00000-0 0 00000
2 88854 097.7220 48.5550 0000000 000.0000 189.6800 15.01914300000000
1 88854U          19314.24583333  .00000000  00000-0  00000-0 0 00000
2 88854 097.7220 48.8460 0000000 000.0000 343.4300 15.01914300000000
1 88854U          19314.53055556  .00000000  00000-0  00000-0 0 00000
2 88854 097.7220 49.1260 0000000 000.0000 080.9300 15.01914300000000
1 88854U          19314.83263889  .00000000  00000-0  00000-0 0 00000
2 88854 097.7230 49.4240 0000000 000.0000 272.1810 15.01914300000000
1 88854U          19315.22222222  .00000000  00000-0  00000-0 0 00000
2 88854 097.7230 49.8080 0000000 000.0000 215.9310 15.01914300000000
1 88854U          19315.62847222  .00000000  00000-0  00000-0 0 00000
2 88854 097.7240 50.2090 0000000 000.0000 249.6820 15.01914300000000
1 88854U          19315.96041667  .00000000  00000-0  00000-0 0 00000
2 88854 097.7240 50.5360 0000000 000.0000 242.1830 15.01914300000000
1 88854U          19316.26597222  .00000000  00000-0  00000-0 0 00000
2 88854 097.7240 50.8370 0000000 000.0000 092.1830 15.01914300000000
1 88854U          19316.55486111  .00000000  00000-0  00000-0 0 00000
2 88854 097.7250 51.1220 0000000 000.0000 212.1830 15.01914300000000
1 88854U          19316.90208333  .00000000  00000-0  00000-0 0 00000
2 88854 097.7250 51.4640 0000000 000.0000 287.1840 15.01914300000000
1 88854U          19317.16041667  .00000000  00000-0  00000-0 0 00000
2 88854 097.7250 51.7190 0000000 000.0000 242.1840 15.01914300000000
1 88854U          19317.50000000  .00000000  00000-0  00000-0 0 00000
2 88854 097.7260 52.0540 0000000 000.0000 275.9350 15.01914300000000
1 88854U          19317.87638889  .00000000  00000-0  00000-0 0 00000
2 88854 097.7260 52.4250 0000000 000.0000 148.4350 15.01914300000000
1 88854U          19318.16736111  .00000000  00000-0  00000-0 0 00000
2 88854 097.7270 52.7120 0000000 000.0000 279.6860 15.01914300000000
1 88854U          19318.62569444  .00000000  00000-0  00000-0 0 00000
2 88854 097.7270 53.1630 0000000 000.0000 234.6870 15.01914300000000
1 88854U          19318.89583333  .00000000  00000-0  00000-0 0 00000
2 88854 097.7270 53.4300 0000000 000.0000 253.4370 15.01914300000000
1 88854U          19318.89791667  .00000000  00000-0  00000-0 0 00000
2 88854 097.7270 53.4320 0000000 000.0000 264.6870 15.01914300000000
1 88854U          19319.15902778  .00000000  00000-0  00000-0 0 00000
2 88854 097.7280 53.6890 0000000 000.0000 234.6870 15.01914300000000
1 88854U          19319.63402778  .00000000  00000-0  00000-0 0 00000
2 88854 097.7280 54.1570 0000000 000.0000 279.6880 15.01914300000000
1 88854U          19319.83263889  .00000000  00000-0  00000-0 0 00000
2 88854 097.7280 54.3530 0000000 000.0000 272.1880 15.01914300000000
1 88854U          19320.30625000  .00000000  00000-0  00000-0 0 00000
2 88854 097.7290 54.8200 0000000 000.0000 309.6890 15.01914300000000
1 88854U          19320.57986111  .00000000  00000-0  00000-0 0 00000
2 88854 097.7290 55.0900 0000000 000.0000 347.1900 15.01914300000000
1 88854U          19320.87152778  .00000000  00000-0  00000-0 0 00000
2 88854 097.7290 55.3770 0000000 000.0000 122.1900 15.01914300000000
1 88854U          19321.27916667  .00000000  00000-0  00000-0 0 00000
2 88854 097.7300 55.7790 0000000 000.0000 163.4410 15.01914300000000
1 88854U          19321.54722222  .00000000  00000-0  00000-0 0 00000
2 88854 097.7300 56.0430 0000000 000.0000 170.9410 15.01914300000000
1 88854U          19321.83472222  .00000000  00000-0  00000-0 0 00000
2 88854 097.7300 56.3270 0000000 000.0000 283.4420 15.01914300000000
1 88854U          19322.22638889  .00000000  00000-0  00000-0 0 00000
2 88854 097.7310 56.7130 0000000 000.0000 238.4420 15.01914300000000
1 88854U          19322.49097222  .00000000  00000-0  00000-0 0 00000
2 88854 097.7310 56.9740 0000000 000.0000 227.1930 15.01914300000000
1 88854U          19322.82083333  .00000000  00000-0  00000-0 0 00000
2 88854 097.7310 57.2990 0000000 000.0000 208.4430 15.01914300000000
1 88854U          19323.23680556  .00000000  00000-0  00000-0 0 00000
2 88854 097.7320 57.7090 0000000 000.0000 294.6940 15.01914300000000
1 88854U          19323.56944444  .00000000  00000-0  00000-0 0 00000
2 88854 097.7320 58.0370 0000000 000.0000 290.9440 15.01914300000000
1 88854U          19323.94722222  .00000000  00000-0  00000-0 0 00000
2 88854 097.7330 58.4090 0000000 000.0000 170.9450 15.01914300000000
1 88854U          19324.24305556  .00000000  00000-0  00000-0 0 00000
2 88854 097.7330 58.7010 0000000 000.0000 328.4460 15.01914300000000
1 88854U          19324.63263889  .00000000  00000-0  00000-0 0 00000
2 88854 097.7330 59.0850 0000000 000.0000 272.1960 15.01914300000000
1 88854U          19324.91527778  .00000000  00000-0  00000-0 0 00000
2 88854 097.7340 59.3640 0000000 000.0000 358.4470 15.01914300000000
1 88854U          19325.18125000  .00000000  00000-0  00000-0 0 00000
2 88854 097.7340 59.6260 0000000 000.0000 354.6970 15.01914300000000
1 88854U          19325.54305556  .00000000  00000-0  00000-0 0 00000
2 88854 097.7340 59.9830 0000000 000.0000 148.4480 15.01914300000000
1 88854U          19325.89583333  .00000000  00000-0  00000-0 0 00000
2 88854 097.7340 60.3300 0000000 000.0000 253.4480 15.01914300000000
1 88854U          19325.89583333  .00000000  00000-0  00000-0 0 00000
2 88854 097.7340 60.3300 0000000 000.0000 253.4480 15.01914300000000
1 88854U          19326.20000000  .00000000  00000-0  00000-0 0 00000
2 88854 097.7350 60.6300 0000000 000.0000 095.9490 15.01914300000000
1 88854U          19326.61597222  .00000000  00000-0  00000-0 0 00000
2 88854 097.7350 61.0400 0000000 000.0000 182.2000 15.01914300000000
1 88854U          19326.92777778  .00000000  00000-0  00000-0 0 00000
2 88854 097.7350 61.3480 0000000 000.0000 065.9500 15.01914300000000
1 88854U          19327.20902778  .00000000  00000-0  00000-0 0 00000
2 88854 097.7360 61.6250 0000000 000.0000 144.7010 15.01914300000000
1 88854U          19327.61111111  .00000000  00000-0  00000-0 0 00000
2 88854 097.7360 62.0210 0000000 000.0000 155.9510 15.01914300000000
1 88854U          19327.85833333  .00000000  00000-0  00000-0 0 00000
2 88854 097.7360 62.2650 0000000 000.0000 050.9520 15.01914300000000
1 88854U          19328.22569444  .00000000  00000-0  00000-0 0 00000
2 88854 097.7360 62.6270 0000000 000.0000 234.7020 15.01914300000000
1 88854U          19328.49444444  .00000000  00000-0  00000-0 0 00000
2 88854 097.7370 62.8920 0000000 000.0000 245.9530 15.01914300000000
1 88854U          19328.81319444  .00000000  00000-0  00000-0 0 00000
2 88854 097.7370 63.2060 0000000 000.0000 167.2030 15.01914300000000
1 88854U          19329.28472222  .00000000  00000-0  00000-0 0 00000
2 88854 097.7370 63.6710 0000000 000.0000 193.4540 15.01914300000000
1 88854U          19329.50000000  .00000000  00000-0  00000-0 0 00000
2 88854 097.7380 63.8840 0000000 000.0000 275.9540 15.01914300000000
1 88854U          19329.83055556  .00000000  00000-0  00000-0 0 00000
2 88854 097.7380 64.2090 0000000 000.0000 260.9550 15.01914300000000
1 88854U          19330.20763889  .00000000  00000-0  00000-0 0 00000
2 88854 097.7380 64.5810 0000000 000.0000 137.2060 15.01914300000000
1 88854U          19330.48611111  .00000000  00000-0  00000-0 0 00000
2 88854 097.7380 64.8560 0000000 000.0000 200.9560 15.01914300000000
1 88854U          19330.82916667  .00000000  00000-0  00000-0 0 00000
2 88854 097.7390 65.1940 0000000 000.0000 253.4570 15.01914300000000
1 88854U          19331.24861111  .00000000  00000-0  00000-0 0 00000
2 88854 097.7390 65.6070 0000000 000.0000 358.4570 15.01914300000000
1 88854U          19331.51944444  .00000000  00000-0  00000-0 0 00000
2 88854 097.7390 65.8740 0000000 000.0000 020.9580 15.01914300000000
1 88854U          19331.85902778  .00000000  00000-0  00000-0 0 00000
2 88854 097.7390 66.2090 0000000 000.0000 054.7090 15.01914300000000
1 88854U          19332.18750000  .00000000  00000-0  00000-0 0 00000
2 88854 097.7400 66.5330 0000000 000.0000 028.4590 15.01914300000000
1 88854U          19332.59791667  .00000000  00000-0  00000-0 0 00000
2 88854 097.7400 66.9380 0000000 000.0000 084.7100 15.01914300000000
1 88854U          19332.89583333  .00000000  00000-0  00000-0 0 00000
2 88854 097.7400 67.2310 0000000 000.0000 253.4600 15.01914300000000
