1 89581U          19282.00277778  .00000000  00000-0  00000-0 0 00000
2 89581 097.7340 119.9410 0000000 000.0000 220.7690 15.01920000000000
1 89581U          19282.31805556  .00000000  00000-0  00000-0 0 00000
2 89581 097.7330 120.2510 0000000 000.0000 123.2700 15.01920000000000
1 89581U          19282.61805556  .00000000  00000-0  00000-0 0 00000
2 89581 097.7330 120.5470 0000000 000.0000 303.2700 15.01920000000000
1 89581U          19282.93194444  .00000000  00000-0  00000-0 0 00000
2 89581 097.7330 120.8570 0000000 000.0000 198.2710 15.01920000000000
1 89581U          19283.27083333  .00000000  00000-0  00000-0 0 00000
2 89581 097.7320 121.1910 0000000 000.0000 228.2710 15.01920000000000
1 89581U          19283.74791667  .00000000  00000-0  00000-0 0 00000
2 89581 097.7320 121.6610 0000000 000.0000 284.5220 15.01920000000000
1 89581U          19284.07222222  .00000000  00000-0  00000-0 0 00000
2 89581 097.7320 121.9810 0000000 000.0000 235.7730 15.01920000000000
1 89581U          19284.40555556  .00000000  00000-0  00000-0 0 00000
2 89581 097.7310 122.3090 0000000 000.0000 235.7730 15.01920000000000
1 89581U          19284.67708333  .00000000  00000-0  00000-0 0 00000
2 89581 097.7310 122.5770 0000000 000.0000 262.0240 15.01920000000000
1 89581U          19285.07569444  .00000000  00000-0  00000-0 0 00000
2 89581 097.7310 122.9700 0000000 000.0000 254.5240 15.01920000000000
1 89581U          19285.40555556  .00000000  00000-0  00000-0 0 00000
2 89581 097.7300 123.2950 0000000 000.0000 235.7750 15.01920000000000
1 89581U          19285.59097222  .00000000  00000-0  00000-0 0 00000
2 89581 097.7300 123.4780 0000000 000.0000 157.0250 15.01920000000000
1 89581U          19286.01944444  .00000000  00000-0  00000-0 0 00000
2 89581 097.7300 123.9000 0000000 000.0000 310.7760 15.01920000000000
1 89581U          19286.39722222  .00000000  00000-0  00000-0 0 00000
2 89581 097.7290 124.2730 0000000 000.0000 190.7760 15.01920000000000
1 89581U          19286.62569444  .00000000  00000-0  00000-0 0 00000
2 89581 097.7290 124.4980 0000000 000.0000 344.5270 15.01920000000000
1 89581U          19286.95763889  .00000000  00000-0  00000-0 0 00000
2 89581 097.7290 124.8250 0000000 000.0000 337.0270 15.01920000000000
1 89581U          19287.28611111  .00000000  00000-0  00000-0 0 00000
2 89581 097.7280 125.1490 0000000 000.0000 310.7780 15.01920000000000
1 89581U          19287.62222222  .00000000  00000-0  00000-0 0 00000
2 89581 097.7280 125.4800 0000000 000.0000 325.7780 15.01920000000000
1 89581U          19287.92361111  .00000000  00000-0  00000-0 0 00000
2 89581 097.7270 125.7780 0000000 000.0000 153.2790 15.01920000000000
1 89581U          19288.38680556  .00000000  00000-0  00000-0 0 00000
2 89581 097.7270 126.2340 0000000 000.0000 134.5300 15.01920000000000
1 89581U          19288.64305556  .00000000  00000-0  00000-0 0 00000
2 89581 097.7270 126.4870 0000000 000.0000 078.2800 15.01920000000000
1 89581U          19289.03958333  .00000000  00000-0  00000-0 0 00000
2 89581 097.7260 126.8780 0000000 000.0000 059.5310 15.01920000000000
1 89581U          19289.32152778  .00000000  00000-0  00000-0 0 00000
2 89581 097.7260 127.1560 0000000 000.0000 142.0310 15.01920000000000
1 89581U          19289.58819444  .00000000  00000-0  00000-0 0 00000
2 89581 097.7260 127.4190 0000000 000.0000 142.0310 15.01920000000000
1 89581U          19290.01597222  .00000000  00000-0  00000-0 0 00000
2 89581 097.7250 127.8400 0000000 000.0000 292.0320 15.01920000000000
1 89581U          19290.25138889  .00000000  00000-0  00000-0 0 00000
2 89581 097.7250 128.0720 0000000 000.0000 123.2820 15.01920000000000
1 89581U          19290.70277778  .00000000  00000-0  00000-0 0 00000
2 89581 097.7240 128.5170 0000000 000.0000 040.7830 15.01920000000000
1 89581U          19290.98750000  .00000000  00000-0  00000-0 0 00000
2 89581 097.7240 128.7980 0000000 000.0000 138.2840 15.01920000000000
1 89581U          19291.31736111  .00000000  00000-0  00000-0 0 00000
2 89581 097.7240 129.1230 0000000 000.0000 119.5340 15.01920000000000
1 89581U          19291.70416667  .00000000  00000-0  00000-0 0 00000
2 89581 097.7230 129.5040 0000000 000.0000 048.2850 15.01920000000000
1 89581U          19292.08194444  .00000000  00000-0  00000-0 0 00000
2 89581 097.7230 129.8770 0000000 000.0000 288.2850 15.01920000000000
1 89581U          19292.40763889  .00000000  00000-0  00000-0 0 00000
2 89581 097.7220 130.1980 0000000 000.0000 247.0360 15.01920000000000
1 89581U          19292.73541667  .00000000  00000-0  00000-0 0 00000
2 89581 097.7220 130.5210 0000000 000.0000 217.0360 15.01920000000000
1 89581U          19292.98125000  .00000000  00000-0  00000-0 0 00000
2 89581 097.7220 130.7630 0000000 000.0000 104.5360 15.01920000000000
1 89581U          19293.30277778  .00000000  00000-0  00000-0 0 00000
2 89581 097.7210 131.0800 0000000 000.0000 040.7870 15.01920000000000
1 89581U          19293.72430556  .00000000  00000-0  00000-0 0 00000
2 89581 097.7210 131.4960 0000000 000.0000 157.0380 15.01920000000000
1 89581U          19294.02500000  .00000000  00000-0  00000-0 0 00000
2 89581 097.7200 131.7920 0000000 000.0000 340.7880 15.01920000000000
1 89581U          19294.28333333  .00000000  00000-0  00000-0 0 00000
2 89581 097.7200 132.0470 0000000 000.0000 295.7880 15.01920000000000
1 89581U          19294.72777778  .00000000  00000-0  00000-0 0 00000
2 89581 097.7190 132.4850 0000000 000.0000 175.7890 15.01920000000000
1 89581U          19295.04722222  .00000000  00000-0  00000-0 0 00000
2 89581 097.7190 132.8000 0000000 000.0000 100.7890 15.01920000000000
1 89581U          19295.39652778  .00000000  00000-0  00000-0 0 00000
2 89581 097.7190 133.1440 0000000 000.0000 187.0400 15.01920000000000
1 89581U          19295.72708333  .00000000  00000-0  00000-0 0 00000
2 89581 097.7180 133.4700 0000000 000.0000 172.0400 15.01920000000000
1 89581U          19296.03472222  .00000000  00000-0  00000-0 0 00000
2 89581 097.7180 133.7730 0000000 000.0000 033.2910 15.01920000000000
1 89581U          19296.41597222  .00000000  00000-0  00000-0 0 00000
2 89581 097.7170 134.1490 0000000 000.0000 292.0410 15.01920000000000
1 89581U          19296.73263889  .00000000  00000-0  00000-0 0 00000
2 89581 097.7170 134.4610 0000000 000.0000 202.0420 15.01920000000000
1 89581U          19296.98541667  .00000000  00000-0  00000-0 0 00000
2 89581 097.7170 134.7110 0000000 000.0000 127.0420 15.01920000000000
1 89581U          19297.31250000  .00000000  00000-0  00000-0 0 00000
2 89581 097.7160 135.0330 0000000 000.0000 093.2930 15.01920000000000
1 89581U          19297.68125000  .00000000  00000-0  00000-0 0 00000
2 89581 097.7160 135.3970 0000000 000.0000 284.5430 15.01920000000000
1 89581U          19297.95069444  .00000000  00000-0  00000-0 0 00000
2 89581 097.7150 135.6620 0000000 000.0000 299.5430 15.01920000000000
1 89581U          19298.27083333  .00000000  00000-0  00000-0 0 00000
2 89581 097.7150 135.9780 0000000 000.0000 228.2940 15.01920000000000
1 89581U          19298.62847222  .00000000  00000-0  00000-0 0 00000
2 89581 097.7140 136.3300 0000000 000.0000 359.5440 15.01920000000000
1 89581U          19299.07500000  .00000000  00000-0  00000-0 0 00000
2 89581 097.7140 136.7710 0000000 000.0000 250.7950 15.01920000000000
1 89581U          19299.28750000  .00000000  00000-0  00000-0 0 00000
2 89581 097.7130 136.9800 0000000 000.0000 318.2950 15.01920000000000
1 89581U          19299.71250000  .00000000  00000-0  00000-0 0 00000
2 89581 097.7130 137.3990 0000000 000.0000 093.2960 15.01920000000000
1 89581U          19300.03472222  .00000000  00000-0  00000-0 0 00000
2 89581 097.7120 137.7170 0000000 000.0000 033.2960 15.01920000000000
1 89581U          19300.26180556  .00000000  00000-0  00000-0 0 00000
2 89581 097.7120 137.9400 0000000 000.0000 179.5460 15.01920000000000
1 89581U          19300.73125000  .00000000  00000-0  00000-0 0 00000
2 89581 097.7110 138.4030 0000000 000.0000 194.5470 15.01920000000000
1 89581U          19301.04791667  .00000000  00000-0  00000-0 0 00000
2 89581 097.7110 138.7150 0000000 000.0000 104.5470 15.01920000000000
1 89581U          19301.27430556  .00000000  00000-0  00000-0 0 00000
2 89581 097.7110 138.9390 0000000 000.0000 247.0480 15.01920000000000
1 89581U          19301.74027778  .00000000  00000-0  00000-0 0 00000
2 89581 097.7100 139.3980 0000000 000.0000 243.2980 15.01920000000000
1 89581U          19301.94236111  .00000000  00000-0  00000-0 0 00000
2 89581 097.7100 139.5970 0000000 000.0000 254.5490 15.01920000000000
1 89581U          19302.37083333  .00000000  00000-0  00000-0 0 00000
2 89581 097.7090 140.0190 0000000 000.0000 048.2990 15.01920000000000
1 89581U          19302.67083333  .00000000  00000-0  00000-0 0 00000
2 89581 097.7090 140.3150 0000000 000.0000 228.2990 15.01920000000000
1 89581U          19303.05625000  .00000000  00000-0  00000-0 0 00000
2 89581 097.7080 140.6950 0000000 000.0000 149.5500 15.01920000000000
1 89581U          19303.39652778  .00000000  00000-0  00000-0 0 00000
2 89581 097.7080 141.0310 0000000 000.0000 187.0500 15.01920000000000
1 89581U          19303.68125000  .00000000  00000-0  00000-0 0 00000
2 89581 097.7070 141.3110 0000000 000.0000 284.5510 15.01920000000000
1 89581U          19304.07222222  .00000000  00000-0  00000-0 0 00000
2 89581 097.7070 141.6970 0000000 000.0000 235.8010 15.01920000000000
1 89581U          19304.33888889  .00000000  00000-0  00000-0 0 00000
2 89581 097.7060 141.9600 0000000 000.0000 235.8010 15.01920000000000
1 89581U          19304.70000000  .00000000  00000-0  00000-0 0 00000
2 89581 097.7060 142.3150 0000000 000.0000 025.8020 15.01920000000000
1 89581U          19304.94166667  .00000000  00000-0  00000-0 0 00000
2 89581 097.7050 142.5540 0000000 000.0000 250.8020 15.01920000000000
1 89581U          19305.29513889  .00000000  00000-0  00000-0 0 00000
2 89581 097.7050 142.9020 0000000 000.0000 359.5530 15.01920000000000
1 89581U          19305.74236111  .00000000  00000-0  00000-0 0 00000
2 89581 097.7040 143.3430 0000000 000.0000 254.5530 15.01920000000000
1 89581U          19306.00138889  .00000000  00000-0  00000-0 0 00000
2 89581 097.7040 143.5980 0000000 000.0000 213.3030 15.01920000000000
1 89581U          19306.37638889  .00000000  00000-0  00000-0 0 00000
2 89581 097.7030 143.9680 0000000 000.0000 078.3040 15.01920000000000
1 89581U          19306.60416667  .00000000  00000-0  00000-0 0 00000
2 89581 097.7030 144.1930 0000000 000.0000 228.3040 15.01920000000000
1 89581U          19307.04097222  .00000000  00000-0  00000-0 0 00000
2 89581 097.7020 144.6230 0000000 000.0000 067.0550 15.01920000000000
1 89581U          19307.33263889  .00000000  00000-0  00000-0 0 00000
2 89581 097.7020 144.9110 0000000 000.0000 202.0550 15.01920000000000
1 89581U          19307.70555556  .00000000  00000-0  00000-0 0 00000
2 89581 097.7010 145.2780 0000000 000.0000 055.8050 15.01920000000000
1 89581U          19307.98611111  .00000000  00000-0  00000-0 0 00000
2 89581 097.7010 145.5550 0000000 000.0000 130.8060 15.01920000000000
1 89581U          19308.26736111  .00000000  00000-0  00000-0 0 00000
2 89581 097.7000 145.8320 0000000 000.0000 209.5560 15.01920000000000
1 89581U          19308.60486111  .00000000  00000-0  00000-0 0 00000
2 89581 097.7000 146.1650 0000000 000.0000 232.0560 15.01920000000000
1 89581U          19309.04027778  .00000000  00000-0  00000-0 0 00000
2 89581 097.6990 146.5940 0000000 000.0000 063.3070 15.01920000000000
1 89581U          19309.40833333  .00000000  00000-0  00000-0 0 00000
2 89581 097.6990 146.9570 0000000 000.0000 250.8070 15.01920000000000
1 89581U          19309.60208333  .00000000  00000-0  00000-0 0 00000
2 89581 097.6980 147.1480 0000000 000.0000 217.0570 15.01920000000000
1 89581U          19310.07638889  .00000000  00000-0  00000-0 0 00000
2 89581 097.6980 147.6150 0000000 000.0000 258.3080 15.01920000000000
1 89581U          19310.38750000  .00000000  00000-0  00000-0 0 00000
2 89581 097.6970 147.9220 0000000 000.0000 138.3080 15.01920000000000
1 89581U          19310.61597222  .00000000  00000-0  00000-0 0 00000
2 89581 097.6970 148.1470 0000000 000.0000 292.0580 15.01920000000000
1 89581U          19311.01458333  .00000000  00000-0  00000-0 0 00000
2 89581 097.6960 148.5400 0000000 000.0000 284.5590 15.01920000000000
1 89581U          19311.34513889  .00000000  00000-0  00000-0 0 00000
2 89581 097.6960 148.8660 0000000 000.0000 269.5590 15.01920000000000
1 89581U          19311.66458333  .00000000  00000-0  00000-0 0 00000
2 89581 097.6950 149.1810 0000000 000.0000 194.5590 15.01920000000000
1 89581U          19311.91597222  .00000000  00000-0  00000-0 0 00000
2 89581 097.6950 149.4290 0000000 000.0000 112.0600 15.01914300000000
1 89581U          19312.20416667  .00000000  00000-0  00000-0 0 00000
2 89581 097.6940 149.7130 0000000 000.0000 228.3100 15.01914300000000
1 89581U          19312.60069444  .00000000  00000-0  00000-0 0 00000
2 89581 097.6930 150.1040 0000000 000.0000 209.5600 15.01914300000000
1 89581U          19312.94513889  .00000000  00000-0  00000-0 0 00000
2 89581 097.6930 150.4430 0000000 000.0000 269.5610 15.01914300000000
1 89581U          19313.27916667  .00000000  00000-0  00000-0 0 00000
2 89581 097.6920 150.7720 0000000 000.0000 273.3110 15.01914300000000
1 89581U          19313.55000000  .00000000  00000-0  00000-0 0 00000
2 89581 097.6920 151.0390 0000000 000.0000 295.8110 15.01914300000000
1 89581U          19313.85694444  .00000000  00000-0  00000-0 0 00000
2 89581 097.6910 151.3420 0000000 000.0000 153.3120 15.01914300000000
1 89581U          19314.20000000  .00000000  00000-0  00000-0 0 00000
2 89581 097.6910 151.6800 0000000 000.0000 205.8120 15.01914300000000
1 89581U          19314.48402778  .00000000  00000-0  00000-0 0 00000
2 89581 097.6900 151.9600 0000000 000.0000 299.5620 15.01914300000000
1 89581U          19314.86666667  .00000000  00000-0  00000-0 0 00000
2 89581 097.6900 152.3370 0000000 000.0000 205.8120 15.01914300000000
1 89581U          19315.24861111  .00000000  00000-0  00000-0 0 00000
2 89581 097.6890 152.7140 0000000 000.0000 108.3130 15.01914300000000
1 89581U          19315.54444444  .00000000  00000-0  00000-0 0 00000
2 89581 097.6890 153.0050 0000000 000.0000 265.8130 15.01914300000000
1 89581U          19315.93680556  .00000000  00000-0  00000-0 0 00000
2 89581 097.6880 153.3920 0000000 000.0000 224.5630 15.01914300000000
1 89581U          19316.19930556  .00000000  00000-0  00000-0 0 00000
2 89581 097.6880 153.6510 0000000 000.0000 202.0640 15.01914300000000
1 89581U          19316.62152778  .00000000  00000-0  00000-0 0 00000
2 89581 097.6870 154.0670 0000000 000.0000 322.0640 15.01914300000000
1 89581U          19316.86944444  .00000000  00000-0  00000-0 0 00000
2 89581 097.6860 154.3110 0000000 000.0000 220.8140 15.01914300000000
1 89581U          19317.24722222  .00000000  00000-0  00000-0 0 00000
2 89581 097.6860 154.6840 0000000 000.0000 100.8150 15.01914300000000
1 89581U          19317.54930556  .00000000  00000-0  00000-0 0 00000
2 89581 097.6850 154.9820 0000000 000.0000 292.0650 15.01914300000000
1 89581U          19317.93125000  .00000000  00000-0  00000-0 0 00000
2 89581 097.6850 155.3580 0000000 000.0000 194.5650 15.01914300000000
1 89581U          19318.19305556  .00000000  00000-0  00000-0 0 00000
2 89581 097.6840 155.6160 0000000 000.0000 168.3150 15.01914300000000
1 89581U          19318.48750000  .00000000  00000-0  00000-0 0 00000
2 89581 097.6840 155.9060 0000000 000.0000 318.3160 15.01914300000000
1 89581U          19318.83819444  .00000000  00000-0  00000-0 0 00000
2 89581 097.6830 156.2520 0000000 000.0000 052.0660 15.01914300000000
1 89581U          19318.92083333  .00000000  00000-0  00000-0 0 00000
2 89581 097.6830 156.3330 0000000 000.0000 138.3160 15.01914300000000
1 89581U          19319.30555556  .00000000  00000-0  00000-0 0 00000
2 89581 097.6820 156.7130 0000000 000.0000 055.8160 15.01914300000000
1 89581U          19319.55069444  .00000000  00000-0  00000-0 0 00000
2 89581 097.6820 156.9540 0000000 000.0000 299.5660 15.01914300000000
1 89581U          19319.96597222  .00000000  00000-0  00000-0 0 00000
2 89581 097.6810 157.3640 0000000 000.0000 022.0670 15.01914300000000
1 89581U          19320.19583333  .00000000  00000-0  00000-0 0 00000
2 89581 097.6810 157.5900 0000000 000.0000 183.3170 15.01914300000000
1 89581U          19320.62708333  .00000000  00000-0  00000-0 0 00000
2 89581 097.6800 158.0150 0000000 000.0000 352.0670 15.01914300000000
1 89581U          19320.82986111  .00000000  00000-0  00000-0 0 00000
2 89581 097.6800 158.2150 0000000 000.0000 007.0670 15.01914300000000
1 89581U          19321.22500000  .00000000  00000-0  00000-0 0 00000
2 89581 097.6790 158.6050 0000000 000.0000 340.8180 15.01914300000000
1 89581U          19321.57916667  .00000000  00000-0  00000-0 0 00000
2 89581 097.6780 158.9540 0000000 000.0000 093.3180 15.01914300000000
1 89581U          19321.96319444  .00000000  00000-0  00000-0 0 00000
2 89581 097.6780 159.3320 0000000 000.0000 007.0680 15.01914300000000
1 89581U          19322.18888889  .00000000  00000-0  00000-0 0 00000
2 89581 097.6770 159.5550 0000000 000.0000 145.8180 15.01914300000000
1 89581U          19322.52569444  .00000000  00000-0  00000-0 0 00000
2 89581 097.6770 159.8870 0000000 000.0000 164.5690 15.01914300000000
1 89581U          19322.86527778  .00000000  00000-0  00000-0 0 00000
2 89581 097.6760 160.2210 0000000 000.0000 198.3190 15.01914300000000
1 89581U          19323.17222222  .00000000  00000-0  00000-0 0 00000
2 89581 097.6760 160.5240 0000000 000.0000 055.8190 15.01914300000000
1 89581U          19323.53541667  .00000000  00000-0  00000-0 0 00000
2 89581 097.6750 160.8820 0000000 000.0000 217.0690 15.01914300000000
1 89581U          19323.85277778  .00000000  00000-0  00000-0 0 00000
2 89581 097.6740 161.1950 0000000 000.0000 130.8190 15.01914300000000
1 89581U          19324.30277778  .00000000  00000-0  00000-0 0 00000
2 89581 097.6740 161.6380 0000000 000.0000 040.8200 15.01914300000000
1 89581U          19324.51111111  .00000000  00000-0  00000-0 0 00000
2 89581 097.6730 161.8440 0000000 000.0000 085.8200 15.01914300000000
1 89581U          19324.90069444  .00000000  00000-0  00000-0 0 00000
2 89581 097.6730 162.2280 0000000 000.0000 029.5700 15.01914300000000
1 89581U          19325.24583333  .00000000  00000-0  00000-0 0 00000
2 89581 097.6720 162.5680 0000000 000.0000 093.3200 15.01914300000000
1 89581U          19325.60347222  .00000000  00000-0  00000-0 0 00000
2 89581 097.6710 162.9200 0000000 000.0000 224.5700 15.01914300000000
1 89581U          19325.88125000  .00000000  00000-0  00000-0 0 00000
2 89581 097.6710 163.1940 0000000 000.0000 284.5710 15.01914300000000
1 89581U          19325.89583333  .00000000  00000-0  00000-0 0 00000
2 89581 097.6710 163.2090 0000000 000.0000 003.3210 15.01914300000000
1 89581U          19326.15138889  .00000000  00000-0  00000-0 0 00000
2 89581 097.6700 163.4760 0006360 179.4740 150.8550 15.35764400000000
1 89581U          19326.51250000  .00000000  00000-0  00000-0 0 00000
2 89581 097.6680 163.8500 0009290 137.7740 028.5920 15.34574800000000
1 89581U          19326.91250000  .00000000  00000-0  00000-0 0 00000
2 89581 097.6720 164.2580 0002490 055.9870 161.4260 15.36567600000000
1 89581U          19327.24652778  .00000000  00000-0  00000-0 0 00000
2 89581 097.6790 164.6080 0021340 094.0470 169.6190 15.40558900000000
1 89581U          19327.59652778  .00000000  00000-0  00000-0 0 00000
2 89581 097.6670 164.9700 0011280 155.3840 242.9310 15.36661400000000
1 89581U          19327.95208333  .00000000  00000-0  00000-0 0 00000
2 89581 097.6660 165.3390 0004550 179.9080 023.7150 15.35228800000000
1 89581U          19328.16250000  .00000000  00000-0  00000-0 0 00000
2 89581 097.6730 165.5630 0021970 122.9440 163.6570 15.40084100000000
1 89581U          19328.51736111  .00000000  00000-0  00000-0 0 00000
2 89581 097.6730 165.9300 0015630 247.4820 200.6550 15.40613400000000
1 89581U          19328.92361111  .00000000  00000-0  00000-0 0 00000
2 89581 097.6630 166.3540 0011120 150.3320 023.3320 15.34328300000000
1 89581U          19329.26805556  .00000000  00000-0  00000-0 0 00000
2 89581 097.6740 166.7110 0023480 112.8170 164.7500 15.40527400000000
1 89581U          19329.62500000  .00000000  00000-0  00000-0 0 00000
2 89581 097.6700 167.0830 0014780 249.9420 200.6610 15.40633700000000
1 89581U          19329.95833333  .00000000  00000-0  00000-0 0 00000
2 89581 097.6650 167.4330 0003290 037.4250 095.6430 15.37669300000000
1 89581U          19330.27430556  .00000000  00000-0  00000-0 0 00000
2 89581 097.6720 167.7530 0016390 228.5640 211.1240 15.40425800000000
1 89581U          19330.59513889  .00000000  00000-0  00000-0 0 00000
2 89581 097.6630 168.0850 0015370 182.2390 230.9120 15.38325100000000
1 89581U          19330.90277778  .00000000  00000-0  00000-0 0 00000
2 89581 097.6650 168.4140 0016019 155.6280 157.9090 15.37640700000000
1 89581U          19331.15000000  .00000000  00000-0  00000-0 0 00000
2 89581 097.6650 168.6600 0013940 075.6410 164.5350 15.39085600000000
1 89581U          19331.57430556  .00000000  00000-0  00000-0 0 00000
2 89581 097.6630 169.1040 0016820 202.8160 222.7590 15.39550000000000
1 89581U          19331.95277778  .00000000  00000-0  00000-0 0 00000
2 89581 097.6560 169.5000 0004860 112.3300 245.2500 15.34258900000000
1 89581U          19332.29791667  .00000000  00000-0  00000-0 0 00000
2 89581 097.6670 169.8600 0010060 267.8300 197.5190 15.40250300000000
1 89581U          19332.62152778  .00000000  00000-0  00000-0 0 00000
2 89581 097.6640 170.1970 0013390 249.1520 205.0270 15.40640900000000
1 89581U          19332.89583333  .00000000  00000-0  00000-0 0 00000
2 89581 097.6560 170.4810 0013380 145.3570 025.0890 15.34468500000000
