1 09140U          19281.93125000  .00000000  00000-0  00000-0 0 00000
2 09140 097.7410 068.429  0000000 000.0000 283.5680 15.01920000000000
1 09140U          19282.35694444  .00000000  00000-0  00000-0 0 00000
2 09140 097.7410 068.849  0000000 000.0000 062.3180 15.01920000000000
1 09140U          19282.65555556  .00000000  00000-0  00000-0 0 00000
2 09140 097.7410 069.143  0000000 000.0000 234.8190 15.01920000000000
1 09140U          19283.03541667  .00000000  00000-0  00000-0 0 00000
2 09140 097.7420 069.518  0000000 000.0000 126.0700 15.01920000000000
1 09140U          19283.36527778  .00000000  00000-0  00000-0 0 00000
2 09140 097.7420 069.843  0000000 000.0000 107.3200 15.01920000000000
1 09140U          19283.73680556  .00000000  00000-0  00000-0 0 00000
2 09140 097.7420 070.209  0000000 000.0000 313.5710 15.01920000000000
1 09140U          19283.96319444  .00000000  00000-0  00000-0 0 00000
2 09140 097.7420 070.432  0000000 000.0000 096.0710 15.01920000000000
1 09140U          19284.41111111  .00000000  00000-0  00000-0 0 00000
2 09140 097.7430 070.874  0000000 000.0000 354.8220 15.01920000000000
1 09140U          19284.67986111  .00000000  00000-0  00000-0 0 00000
2 09140 097.7430 071.139  0000000 000.0000 006.0730 15.01920000000000
1 09140U          19284.94375000  .00000000  00000-0  00000-0 0 00000
2 09140 097.7430 071.399  0000000 000.0000 351.0730 15.01920000000000
1 09140U          19285.26319444  .00000000  00000-0  00000-0 0 00000
2 09140 097.7430 071.714  0000000 000.0000 276.0740 15.01920000000000
1 09140U          19285.58750000  .00000000  00000-0  00000-0 0 00000
2 09140 097.7430 072.033  0000000 000.0000 227.3240 15.01920000000000
1 09140U          19285.96944444  .00000000  00000-0  00000-0 0 00000
2 09140 097.7430 072.410  0000000 000.0000 129.8250 15.01920000000000
1 09140U          19286.30694444  .00000000  00000-0  00000-0 0 00000
2 09140 097.7440 072.743  0000000 000.0000 152.3260 15.01920000000000
1 09140U          19286.69722222  .00000000  00000-0  00000-0 0 00000
2 09140 097.7440 073.127  0000000 000.0000 099.8260 15.01920000000000
1 09140U          19287.05347222  .00000000  00000-0  00000-0 0 00000
2 09140 097.7440 073.479  0000000 000.0000 223.5770 15.01920000000000
1 09140U          19287.26527778  .00000000  00000-0  00000-0 0 00000
2 09140 097.7440 073.688  0000000 000.0000 287.3270 15.01920000000000
1 09140U          19287.74236111  .00000000  00000-0  00000-0 0 00000
2 09140 097.7440 074.158  0000000 000.0000 343.5780 15.01920000000000
1 09140U          19288.02847222  .00000000  00000-0  00000-0 0 00000
2 09140 097.7440 074.440  0000000 000.0000 088.5790 15.01920000000000
1 09140U          19288.36458333  .00000000  00000-0  00000-0 0 00000
2 09140 097.7450 074.771  0000000 000.0000 103.5790 15.01920000000000
1 09140U          19288.62222222  .00000000  00000-0  00000-0 0 00000
2 09140 097.7450 075.025  0000000 000.0000 054.8300 15.01920000000000
1 09140U          19289.07083333  .00000000  00000-0  00000-0 0 00000
2 09140 097.7450 075.468  0000000 000.0000 317.3310 15.01920000000000
1 09140U          19289.26527778  .00000000  00000-0  00000-0 0 00000
2 09140 097.7450 075.659  0000000 000.0000 287.3310 15.01920000000000
1 09140U          19289.63055556  .00000000  00000-0  00000-0 0 00000
2 09140 097.7450 076.019  0000000 000.0000 099.8320 15.01920000000000
1 09140U          19289.92291667  .00000000  00000-0  00000-0 0 00000
2 09140 097.7450 076.308  0000000 000.0000 238.5820 15.01920000000000
1 09140U          19290.26111111  .00000000  00000-0  00000-0 0 00000
2 09140 097.7450 076.641  0000000 000.0000 264.8330 15.01920000000000
1 09140U          19290.68263889  .00000000  00000-0  00000-0 0 00000
2 09140 097.7460 077.057  0000000 000.0000 021.0840 15.01920000000000
1 09140U          19290.94375000  .00000000  00000-0  00000-0 0 00000
2 09140 097.7460 077.314  0000000 000.0000 351.0840 15.01920000000000
1 09140U          19291.26041667  .00000000  00000-0  00000-0 0 00000
2 09140 097.7460 077.626  0000000 000.0000 261.0850 15.01920000000000
1 09140U          19291.72013889  .00000000  00000-0  00000-0 0 00000
2 09140 097.7460 078.079  0000000 000.0000 223.5860 15.01920000000000
1 09140U          19292.08263889  .00000000  00000-0  00000-0 0 00000
2 09140 097.7460 078.437  0000000 000.0000 021.0860 15.01920000000000
1 09140U          19292.28055556  .00000000  00000-0  00000-0 0 00000
2 09140 097.7460 078.632  0000000 000.0000 009.8370 15.01920000000000
1 09140U          19292.63750000  .00000000  00000-0  00000-0 0 00000
2 09140 097.7460 078.984  0000000 000.0000 137.3370 15.01920000000000
1 09140U          19292.99652778  .00000000  00000-0  00000-0 0 00000
2 09140 097.7470 079.338  0000000 000.0000 276.0880 15.01920000000000
1 09140U          19293.27152778  .00000000  00000-0  00000-0 0 00000
2 09140 097.7470 079.609  0000000 000.0000 321.0890 15.01920000000000
1 09140U          19293.72291667  .00000000  00000-0  00000-0 0 00000
2 09140 097.7470 080.054  0000000 000.0000 238.5890 15.01920000000000
1 09140U          19294.04027778  .00000000  00000-0  00000-0 0 00000
2 09140 097.7470 080.367  0000000 000.0000 152.3400 15.01920000000000
1 09140U          19294.26527778  .00000000  00000-0  00000-0 0 00000
2 09140 097.7470 080.588  0000000 000.0000 287.3400 15.01920000000000
1 09140U          19294.67361111  .00000000  00000-0  00000-0 0 00000
2 09140 097.7470 080.991  0000000 000.0000 332.3410 15.01920000000000
1 09140U          19295.04930556  .00000000  00000-0  00000-0 0 00000
2 09140 097.7470 081.361  0000000 000.0000 201.0920 15.01920000000000
1 09140U          19295.32430556  .00000000  00000-0  00000-0 0 00000
2 09140 097.7470 081.633  0000000 000.0000 246.0920 15.01920000000000
1 09140U          19295.64305556  .00000000  00000-0  00000-0 0 00000
2 09140 097.7470 081.947  0000000 000.0000 167.3430 15.01920000000000
1 09140U          19296.02500000  .00000000  00000-0  00000-0 0 00000
2 09140 097.7470 082.323  0000000 000.0000 069.8440 15.01920000000000
1 09140U          19296.35138889  .00000000  00000-0  00000-0 0 00000
2 09140 097.7470 082.645  0000000 000.0000 032.3440 15.01920000000000
1 09140U          19296.61666667  .00000000  00000-0  00000-0 0 00000
2 09140 097.7480 082.907  0000000 000.0000 024.8450 15.01920000000000
1 09140U          19297.03194444  .00000000  00000-0  00000-0 0 00000
2 09140 097.7480 083.316  0000000 000.0000 107.3460 15.01920000000000
1 09140U          19297.25625000  .00000000  00000-0  00000-0 0 00000
2 09140 097.7480 083.537  0000000 000.0000 238.5960 15.01920000000000
1 09140U          19297.70486111  .00000000  00000-0  00000-0 0 00000
2 09140 097.7480 083.979  0000000 000.0000 141.0970 15.01920000000000
1 09140U          19297.92361111  .00000000  00000-0  00000-0 0 00000
2 09140 097.7480 084.195  0000000 000.0000 242.3470 15.01920000000000
1 09140U          19298.35416667  .00000000  00000-0  00000-0 0 00000
2 09140 097.7480 084.620  0000000 000.0000 047.3480 15.01920000000000
1 09140U          19298.62013889  .00000000  00000-0  00000-0 0 00000
2 09140 097.7480 084.882  0000000 000.0000 043.5990 15.01920000000000
1 09140U          19298.91875000  .00000000  00000-0  00000-0 0 00000
2 09140 097.7480 085.176  0000000 000.0000 216.0990 15.01920000000000
1 09140U          19299.38125000  .00000000  00000-0  00000-0 0 00000
2 09140 097.7480 085.632  0000000 000.0000 193.6000 15.01920000000000
1 09140U          19299.71944444  .00000000  00000-0  00000-0 0 00000
2 09140 097.7480 085.966  0000000 000.0000 219.8510 15.01920000000000
1 09140U          19299.96180556  .00000000  00000-0  00000-0 0 00000
2 09140 097.7480 086.204  0000000 000.0000 088.6010 15.01920000000000
1 09140U          19300.31458333  .00000000  00000-0  00000-0 0 00000
2 09140 097.7480 086.552  0000000 000.0000 193.6020 15.01920000000000
1 09140U          19300.59027778  .00000000  00000-0  00000-0 0 00000
2 09140 097.7480 086.824  0000000 000.0000 242.3530 15.01920000000000
1 09140U          19301.00000000  .00000000  00000-0  00000-0 0 00000
2 09140 097.7480 087.228  0000000 000.0000 294.8530 15.01920000000000
1 09140U          19301.36041667  .00000000  00000-0  00000-0 0 00000
2 09140 097.7480 087.583  0000000 000.0000 081.1040 15.01920000000000
1 09140U          19301.72222222  .00000000  00000-0  00000-0 0 00000
2 09140 097.7480 087.940  0000000 000.0000 234.8550 15.01920000000000
1 09140U          19302.03402778  .00000000  00000-0  00000-0 0 00000
2 09140 097.7480 088.247  0000000 000.0000 118.6050 15.01920000000000
1 09140U          19302.38611111  .00000000  00000-0  00000-0 0 00000
2 09140 097.7480 088.594  0000000 000.0000 219.8560 15.01920000000000
1 09140U          19302.63958333  .00000000  00000-0  00000-0 0 00000
2 09140 097.7480 088.844  0000000 000.0000 148.6060 15.01920000000000
1 09140U          19302.93055556  .00000000  00000-0  00000-0 0 00000
2 09140 097.7480 089.131  0000000 000.0000 279.8570 15.01920000000000
1 09140U          19303.40000000  .00000000  00000-0  00000-0 0 00000
2 09140 097.7480 089.594  0000000 000.0000 294.8580 15.01920000000000
1 09140U          19303.65763889  .00000000  00000-0  00000-0 0 00000
2 09140 097.7480 089.848  0000000 000.0000 246.1080 15.01920000000000
1 09140U          19304.04027778  .00000000  00000-0  00000-0 0 00000
2 09140 097.7480 090.225  0000000 000.0000 152.3590 15.01920000000000
1 09140U          19304.26458333  .00000000  00000-0  00000-0 0 00000
2 09140 097.7480 090.446  0000000 000.0000 283.6100 15.01920000000000
1 09140U          19304.74583333  .00000000  00000-0  00000-0 0 00000
2 09140 097.7480 090.921  0000000 000.0000 002.3600 15.01920000000000
1 09140U          19305.01319444  .00000000  00000-0  00000-0 0 00000
2 09140 097.7480 091.184  0000000 000.0000 006.1110 15.01920000000000
1 09140U          19305.30972222  .00000000  00000-0  00000-0 0 00000
2 09140 097.7480 091.477  0000000 000.0000 167.3620 15.01920000000000
1 09140U          19305.67638889  .00000000  00000-0  00000-0 0 00000
2 09140 097.7480 091.838  0000000 000.0000 347.3620 15.01920000000000
1 09140U          19306.02986111  .00000000  00000-0  00000-0 0 00000
2 09140 097.7480 092.187  0000000 000.0000 096.1130 15.01920000000000
1 09140U          19306.39930556  .00000000  00000-0  00000-0 0 00000
2 09140 097.7480 092.551  0000000 000.0000 291.1140 15.01920000000000
1 09140U          19306.61388889  .00000000  00000-0  00000-0 0 00000
2 09140 097.7480 092.762  0000000 000.0000 009.8640 15.01920000000000
1 09140U          19307.03125000  .00000000  00000-0  00000-0 0 00000
2 09140 097.7480 093.174  0000000 000.0000 103.6150 15.01920000000000
1 09140U          19307.26666667  .00000000  00000-0  00000-0 0 00000
2 09140 097.7480 093.406  0000000 000.0000 294.8650 15.01920000000000
1 09140U          19307.59375000  .00000000  00000-0  00000-0 0 00000
2 09140 097.7480 093.728  0000000 000.0000 261.1160 15.01920000000000
1 09140U          19308.01111111  .00000000  00000-0  00000-0 0 00000
2 09140 097.7480 094.140  0000000 000.0000 354.8670 15.01920000000000
1 09140U          19308.26111111  .00000000  00000-0  00000-0 0 00000
2 09140 097.7480 094.386  0000000 000.0000 264.8670 15.01920000000000
1 09140U          19308.70555556  .00000000  00000-0  00000-0 0 00000
2 09140 097.7480 094.825  0000000 000.0000 144.8680 15.01920000000000
1 09140U          19309.03958333  .00000000  00000-0  00000-0 0 00000
2 09140 097.7480 095.154  0000000 000.0000 148.6190 15.01920000000000
1 09140U          19309.41041667  .00000000  00000-0  00000-0 0 00000
2 09140 097.7480 095.519  0000000 000.0000 351.1190 15.01920000000000
1 09140U          19309.73402778  .00000000  00000-0  00000-0 0 00000
2 09140 097.7480 095.838  0000000 000.0000 298.6200 15.01920000000000
1 09140U          19310.07569444  .00000000  00000-0  00000-0 0 00000
2 09140 097.7480 096.175  0000000 000.0000 343.6210 15.01920000000000
1 09140U          19310.35277778  .00000000  00000-0  00000-0 0 00000
2 09140 097.7480 096.448  0000000 000.0000 039.8710 15.01920000000000
1 09140U          19310.67013889  .00000000  00000-0  00000-0 0 00000
2 09140 097.7470 096.761  0000000 000.0000 313.6220 15.01920000000000
1 09140U          19311.06597222  .00000000  00000-0  00000-0 0 00000
2 09140 097.7470 097.152  0000000 000.0000 291.1230 15.01920000000000
1 09140U          19311.31805556  .00000000  00000-0  00000-0 0 00000
2 09140 097.7470 097.400  0000000 000.0000 212.3730 15.01920000000000
1 09140U          19311.59375000  .00000000  00000-0  00000-0 0 00000
2 09140 097.7470 097.672  0000000 000.0000 261.1240 15.01920000000000
1 09140U          19311.93402778  .00000000  00000-0  00000-0 0 00000
2 09140 097.7470 098.007  0000000 000.0000 298.6240 15.01914300000000
1 09140U          19312.23680556  .00000000  00000-0  00000-0 0 00000
2 09140 097.7470 098.306  0000000 000.0000 133.6250 15.01914300000000
1 09140U          19312.54236111  .00000000  00000-0  00000-0 0 00000
2 09140 097.7470 098.607  0000000 000.0000 343.6250 15.01914300000000
1 09140U          19312.86180556  .00000000  00000-0  00000-0 0 00000
2 09140 097.7470 098.922  0000000 000.0000 268.6260 15.01914300000000
1 09140U          19313.20972222  .00000000  00000-0  00000-0 0 00000
2 09140 097.7470 099.265  0000000 000.0000 347.3770 15.01914300000000
1 09140U          19313.51111111  .00000000  00000-0  00000-0 0 00000
2 09140 097.7470 099.562  0000000 000.0000 174.8770 15.01914300000000
1 09140U          19313.95486111  .00000000  00000-0  00000-0 0 00000
2 09140 097.7470 100.000  0000000 000.0000 051.1280 15.01914300000000
1 09140U          19314.20277778  .00000000  00000-0  00000-0 0 00000
2 09140 097.7460 100.244  0000000 000.0000 309.8780 15.01914300000000
1 09140U          19314.50000000  .00000000  00000-0  00000-0 0 00000
2 09140 097.7460 100.537  0000000 000.0000 114.8790 15.01914300000000
1 09140U          19314.91388889  .00000000  00000-0  00000-0 0 00000
2 09140 097.7460 100.945  0000000 000.0000 189.8800 15.01914300000000
1 09140U          19315.24930556  .00000000  00000-0  00000-0 0 00000
2 09140 097.7460 101.276  0000000 000.0000 201.1300 15.01914300000000
1 09140U          19315.56041667  .00000000  00000-0  00000-0 0 00000
2 09140 097.7460 101.582  0000000 000.0000 081.1310 15.01914300000000
1 09140U          19315.87430556  .00000000  00000-0  00000-0 0 00000
2 09140 097.7460 101.892  0000000 000.0000 336.1320 15.01914300000000
1 09140U          19316.26041667  .00000000  00000-0  00000-0 0 00000
2 09140 097.7460 102.273  0000000 000.0000 261.1320 15.01914300000000
1 09140U          19316.50416667  .00000000  00000-0  00000-0 0 00000
2 09140 097.7460 102.513  0000000 000.0000 137.3830 15.01914300000000
1 09140U          19316.97500000  .00000000  00000-0  00000-0 0 00000
2 09140 097.7450 102.977  0000000 000.0000 159.8840 15.01914300000000
1 09140U          19317.24861111  .00000000  00000-0  00000-0 0 00000
2 09140 097.7450 103.247  0000000 000.0000 197.3840 15.01914300000000
1 09140U          19317.60416667  .00000000  00000-0  00000-0 0 00000
2 09140 097.7450 103.597  0000000 000.0000 317.3850 15.01914300000000
1 09140U          19317.96805556  .00000000  00000-0  00000-0 0 00000
2 09140 097.7450 103.956  0000000 000.0000 122.3860 15.01914300000000
1 09140U          19318.25972222  .00000000  00000-0  00000-0 0 00000
2 09140 097.7450 104.244  0000000 000.0000 257.3860 15.01914300000000
1 09140U          19318.48263889  .00000000  00000-0  00000-0 0 00000
2 09140 097.7450 104.463  0000000 000.0000 021.1360 15.01914300000000
1 09140U          19318.89583333  .00000000  00000-0  00000-0 0 00000
2 09140 097.7440 104.871  0000000 000.0000 092.3870 15.01914300000000
1 09140U          19318.89583333  .00000000  00000-0  00000-0 0 00000
2 09140 097.7440 104.871  0000000 000.0000 092.3870 15.01914300000000
1 09140U          19319.30763889  .00000000  00000-0  00000-0 0 00000
2 09140 097.7440 105.277  0000000 000.0000 156.1380 15.01914300000000
1 09140U          19319.62222222  .00000000  00000-0  00000-0 0 00000
2 09140 097.7440 105.587  0000000 000.0000 054.8890 15.01914300000000
1 09140U          19319.85208333  .00000000  00000-0  00000-0 0 00000
2 09140 097.7440 105.813  0000000 000.0000 216.1390 15.01914300000000
1 09140U          19320.19583333  .00000000  00000-0  00000-0 0 00000
2 09140 097.7440 106.152  0000000 000.0000 272.3900 15.01914300000000
1 09140U          19320.57777778  .00000000  00000-0  00000-0 0 00000
2 09140 097.7440 106.529  0000000 000.0000 174.8900 15.01914300000000
1 09140U          19320.94236111  .00000000  00000-0  00000-0 0 00000
2 09140 097.7430 106.888  0000000 000.0000 343.6410 15.01914300000000
1 09140U          19321.20416667  .00000000  00000-0  00000-0 0 00000
2 09140 097.7430 107.146  0000000 000.0000 317.3910 15.01914300000000
1 09140U          19321.50694444  .00000000  00000-0  00000-0 0 00000
2 09140 097.7430 107.445  0000000 000.0000 152.3920 15.01914300000000
1 09140U          19321.82916667  .00000000  00000-0  00000-0 0 00000
2 09140 097.7430 107.763  0000000 000.0000 092.3930 15.01914300000000
1 09140U          19322.28541667  .00000000  00000-0  00000-0 0 00000
2 09140 097.7430 108.212  0000000 000.0000 036.1430 15.01914300000000
1 09140U          19322.55347222  .00000000  00000-0  00000-0 0 00000
2 09140 097.7420 108.477  0000000 000.0000 043.6440 15.01914300000000
1 09140U          19322.85763889  .00000000  00000-0  00000-0 0 00000
2 09140 097.7420 108.776  0000000 000.0000 246.1440 15.01914300000000
1 09140U          19323.30763889  .00000000  00000-0  00000-0 0 00000
2 09140 097.7420 109.220  0000000 000.0000 156.1450 15.01914300000000
1 09140U          19323.55000000  .00000000  00000-0  00000-0 0 00000
2 09140 097.7420 109.459  0000000 000.0000 024.8960 15.01914300000000
1 09140U          19323.93333333  .00000000  00000-0  00000-0 0 00000
2 09140 097.7420 109.837  0000000 000.0000 294.8960 15.01914300000000
1 09140U          19324.30694444  .00000000  00000-0  00000-0 0 00000
2 09140 097.7410 110.205  0000000 000.0000 152.3970 15.01914300000000
1 09140U          19324.60972222  .00000000  00000-0  00000-0 0 00000
2 09140 097.7410 110.504  0000000 000.0000 347.3980 15.01914300000000
1 09140U          19324.95833333  .00000000  00000-0  00000-0 0 00000
2 09140 097.7410 110.847  0000000 000.0000 069.8980 15.01914300000000
1 09140U          19325.29583333  .00000000  00000-0  00000-0 0 00000
2 09140 097.7410 111.180  0000000 000.0000 092.3990 15.01914300000000
1 09140U          19325.49930556  .00000000  00000-0  00000-0 0 00000
2 09140 097.7410 111.381  0000000 000.0000 111.1490 15.01914300000000
1 09140U          19325.85416667  .00000000  00000-0  00000-0 0 00000
2 09140 097.7400 111.731  0000000 000.0000 227.4000 15.01914300000000
1 09140U          19325.89583333  .00000000  00000-0  00000-0 0 00000
2 09140 097.7400 111.772  0000000 000.0000 092.4000 15.01914300000000
1 09140U          19326.24444444  .00000000  00000-0  00000-0 0 00000
2 09140 097.7400 112.115  0000000 000.0000 174.9010 15.01914300000000
1 09140U          19326.58125000  .00000000  00000-0  00000-0 0 00000
2 09140 097.7400 112.447  0000000 000.0000 193.6510 15.01914300000000
1 09140U          19326.84444444  .00000000  00000-0  00000-0 0 00000
2 09140 097.7400 112.707  0000000 000.0000 174.9020 15.01914300000000
1 09140U          19327.30416667  .00000000  00000-0  00000-0 0 00000
2 09140 097.7390 113.160  0000000 000.0000 137.4020 15.01914300000000
1 09140U          19327.58888889  .00000000  00000-0  00000-0 0 00000
2 09140 097.7390 113.441  0000000 000.0000 234.9030 15.01914300000000
1 09140U          19327.93194444  .00000000  00000-0  00000-0 0 00000
2 09140 097.7390 113.779  0000000 000.0000 287.4040 15.01914300000000
1 09140U          19328.30416667  .00000000  00000-0  00000-0 0 00000
2 09140 097.7390 114.146  0000000 000.0000 137.4040 15.01914300000000
1 09140U          19328.51666667  .00000000  00000-0  00000-0 0 00000
2 09140 097.7380 114.355  0000000 000.0000 204.9050 15.01914300000000
1 09140U          19328.96666667  .00000000  00000-0  00000-0 0 00000
2 09140 097.7380 114.799  0000000 000.0000 114.9050 15.01914300000000
1 09140U          19329.16597222  .00000000  00000-0  00000-0 0 00000
2 09140 097.7380 114.995  0000000 000.0000 111.1560 15.01914300000000
1 09140U          19329.56180556  .00000000  00000-0  00000-0 0 00000
2 09140 097.7380 115.386  0000000 000.0000 088.6560 15.01914300000000
1 09140U          19329.89305556  .00000000  00000-0  00000-0 0 00000
2 09140 097.7370 115.712  0000000 000.0000 077.4070 15.01914300000000
1 09140U          19330.23819444  .00000000  00000-0  00000-0 0 00000
2 09140 097.7370 116.052  0000000 000.0000 141.1580 15.01914300000000
1 09140U          19330.58611111  .00000000  00000-0  00000-0 0 00000
2 09140 097.7370 116.395  0000000 000.0000 219.9080 15.01914300000000
1 09140U          19330.84236111  .00000000  00000-0  00000-0 0 00000
2 09140 097.7360 116.648  0000000 000.0000 163.6590 15.01914300000000
1 09140U          19331.28263889  .00000000  00000-0  00000-0 0 00000
2 09140 097.7360 117.082  0000000 000.0000 021.1590 15.01914300000000
1 09140U          19331.52500000  .00000000  00000-0  00000-0 0 00000
2 09140 097.7360 117.321  0000000 000.0000 249.9100 15.01914300000000
1 09140U          19331.90972222  .00000000  00000-0  00000-0 0 00000
2 09140 097.7360 117.700  0000000 000.0000 167.4100 15.01914300000000
1 09140U          19332.16250000  .00000000  00000-0  00000-0 0 00000
2 09140 097.7350 117.950  0000000 000.0000 092.4110 15.01914300000000
1 09140U          19332.62291667  .00000000  00000-0  00000-0 0 00000
2 09140 097.7350 118.403  0000000 000.0000 058.6620 15.01914300000000
1 09140U          19332.84930556  .00000000  00000-0  00000-0 0 00000
2 09140 097.7350 118.627  0000000 000.0000 201.1620 15.01914300000000
