1 93428U          19282.03472222  .00000000  00000-0  00000-0 0 00000
2 93428 097.6560 171.408  0000000 000.0000 040.1790 15.01920000000000
1 93428U          19282.38888889  .00000000  00000-0  00000-0 0 00000
2 93428 097.6550 171.757  0000000 000.0000 152.6800 15.01920000000000
1 93428U          19282.62013889  .00000000  00000-0  00000-0 0 00000
2 93428 097.6550 171.985  0000000 000.0000 321.4300 15.01920000000000
1 93428U          19282.96250000  .00000000  00000-0  00000-0 0 00000
2 93428 097.6540 172.322  0000000 000.0000 010.1800 15.01920000000000
1 93428U          19283.31319444  .00000000  00000-0  00000-0 0 00000
2 93428 097.6530 172.668  0000000 000.0000 103.9300 15.01920000000000
1 93428U          19283.68750000  .00000000  00000-0  00000-0 0 00000
2 93428 097.6530 173.037  0000000 000.0000 325.1800 15.01920000000000
1 93428U          19284.05000000  .00000000  00000-0  00000-0 0 00000
2 93428 097.6520 173.394  0000000 000.0000 122.6800 15.01920000000000
1 93428U          19284.26527778  .00000000  00000-0  00000-0 0 00000
2 93428 097.6520 173.606  0000000 000.0000 205.1800 15.01920000000000
1 93428U          19284.68541667  .00000000  00000-0  00000-0 0 00000
2 93428 097.6510 174.020  0000000 000.0000 313.9300 15.01920000000000
1 93428U          19285.02083333  .00000000  00000-0  00000-0 0 00000
2 93428 097.6500 174.351  0000000 000.0000 325.1800 15.01920000000000
1 93428U          19285.32430556  .00000000  00000-0  00000-0 0 00000
2 93428 097.6500 174.650  0000000 000.0000 163.9300 15.01920000000000
1 93428U          19285.66111111  .00000000  00000-0  00000-0 0 00000
2 93428 097.6490 174.982  0000000 000.0000 182.6800 15.01920000000000
1 93428U          19286.05555556  .00000000  00000-0  00000-0 0 00000
2 93428 097.6480 175.371  0000000 000.0000 152.6800 15.01920000000000
1 93428U          19286.25208333  .00000000  00000-0  00000-0 0 00000
2 93428 097.6480 175.565  0000000 000.0000 133.9300 15.01920000000000
1 93428U          19286.74583333  .00000000  00000-0  00000-0 0 00000
2 93428 097.6470 176.051  0000000 000.0000 280.1810 15.01920000000000
1 93428U          19286.91805556  .00000000  00000-0  00000-0 0 00000
2 93428 097.6470 176.221  0000000 000.0000 130.1810 15.01920000000000
1 93428U          19287.28263889  .00000000  00000-0  00000-0 0 00000
2 93428 097.6460 176.580  0000000 000.0000 298.9310 15.01920000000000
1 93428U          19287.61805556  .00000000  00000-0  00000-0 0 00000
2 93428 097.6450 176.911  0000000 000.0000 310.1810 15.01920000000000
1 93428U          19287.98750000  .00000000  00000-0  00000-0 0 00000
2 93428 097.6450 177.275  0000000 000.0000 145.1810 15.01920000000000
1 93428U          19288.38055556  .00000000  00000-0  00000-0 0 00000
2 93428 097.6440 177.662  0000000 000.0000 107.6810 15.01920000000000
1 93428U          19288.68750000  .00000000  00000-0  00000-0 0 00000
2 93428 097.6430 177.965  0000000 000.0000 325.1810 15.01920000000000
1 93428U          19288.95555556  .00000000  00000-0  00000-0 0 00000
2 93428 097.6430 178.229  0000000 000.0000 332.6810 15.01920000000000
1 93428U          19289.27152778  .00000000  00000-0  00000-0 0 00000
2 93428 097.6420 178.541  0000000 000.0000 238.9310 15.01920000000000
1 93428U          19289.67083333  .00000000  00000-0  00000-0 0 00000
2 93428 097.6420 178.934  0000000 000.0000 235.1810 15.01920000000000
1 93428U          19290.07638889  .00000000  00000-0  00000-0 0 00000
2 93428 097.6410 179.334  0000000 000.0000 265.1810 15.01920000000000
1 93428U          19290.41250000  .00000000  00000-0  00000-0 0 00000
2 93428 097.6400 179.665  0000000 000.0000 280.1810 15.01920000000000
1 93428U          19290.61875000  .00000000  00000-0  00000-0 0 00000
2 93428 097.6400 179.868  0000000 000.0000 313.9310 15.01920000000000
1 93428U          19291.06458333  .00000000  00000-0  00000-0 0 00000
2 93428 097.6390 180.308  0000000 000.0000 201.4310 15.01920000000000
1 93428U          19291.26041667  .00000000  00000-0  00000-0 0 00000
2 93428 097.6390 180.501  0000000 000.0000 178.9310 15.01920000000000
1 93428U          19291.74305556  .00000000  00000-0  00000-0 0 00000
2 93428 097.6380 180.976  0000000 000.0000 265.1810 15.01920000000000
1 93428U          19291.97847222  .00000000  00000-0  00000-0 0 00000
2 93428 097.6370 181.209  0000000 000.0000 096.4310 15.01920000000000
1 93428U          19292.41388889  .00000000  00000-0  00000-0 0 00000
2 93428 097.6360 181.638  0000000 000.0000 287.6810 15.01920000000000
1 93428U          19292.72638889  .00000000  00000-0  00000-0 0 00000
2 93428 097.6360 181.946  0000000 000.0000 175.1810 15.01920000000000
1 93428U          19292.99930556  .00000000  00000-0  00000-0 0 00000
2 93428 097.6350 182.215  0000000 000.0000 208.9310 15.01920000000000
1 93428U          19293.37013889  .00000000  00000-0  00000-0 0 00000
2 93428 097.6350 182.580  0000000 000.0000 051.4310 15.01920000000000
1 93428U          19293.60833333  .00000000  00000-0  00000-0 0 00000
2 93428 097.6340 182.815  0000000 000.0000 257.6810 15.01920000000000
1 93428U          19293.97916667  .00000000  00000-0  00000-0 0 00000
2 93428 097.6340 183.180  0000000 000.0000 100.1810 15.01920000000000
1 93428U          19294.39236111  .00000000  00000-0  00000-0 0 00000
2 93428 097.6330 183.588  0000000 000.0000 171.4310 15.01920000000000
1 93428U          19294.66111111  .00000000  00000-0  00000-0 0 00000
2 93428 097.6320 183.853  0000000 000.0000 182.6810 15.01920000000000
1 93428U          19295.03333333  .00000000  00000-0  00000-0 0 00000
2 93428 097.6320 184.219  0000000 000.0000 032.6810 15.01920000000000
1 93428U          19295.35694444  .00000000  00000-0  00000-0 0 00000
2 93428 097.6310 184.538  0000000 000.0000 340.1810 15.01920000000000
1 93428U          19295.72777778  .00000000  00000-0  00000-0 0 00000
2 93428 097.6300 184.904  0000000 000.0000 182.6810 15.01920000000000
1 93428U          19295.96736111  .00000000  00000-0  00000-0 0 00000
2 93428 097.6300 185.140  0000000 000.0000 036.4310 15.01920000000000
1 93428U          19296.37638889  .00000000  00000-0  00000-0 0 00000
2 93428 097.6290 185.543  0000000 000.0000 085.1810 15.01920000000000
1 93428U          19296.67430556  .00000000  00000-0  00000-0 0 00000
2 93428 097.6290 185.837  0000000 000.0000 253.9300 15.01920000000000
1 93428U          19297.01041667  .00000000  00000-0  00000-0 0 00000
2 93428 097.6280 186.168  0000000 000.0000 268.9300 15.01920000000000
1 93428U          19297.31319444  .00000000  00000-0  00000-0 0 00000
2 93428 097.6270 186.466  0000000 000.0000 103.9300 15.01920000000000
1 93428U          19297.73611111  .00000000  00000-0  00000-0 0 00000
2 93428 097.6270 186.883  0000000 000.0000 227.6800 15.01920000000000
1 93428U          19298.00208333  .00000000  00000-0  00000-0 0 00000
2 93428 097.6260 187.145  0000000 000.0000 223.9300 15.01920000000000
1 93428U          19298.37638889  .00000000  00000-0  00000-0 0 00000
2 93428 097.6250 187.514  0000000 000.0000 085.1800 15.01920000000000
1 93428U          19298.73333333  .00000000  00000-0  00000-0 0 00000
2 93428 097.6250 187.866  0000000 000.0000 212.6800 15.01920000000000
1 93428U          19298.95763889  .00000000  00000-0  00000-0 0 00000
2 93428 097.6240 188.087  0000000 000.0000 343.9300 15.01920000000000
1 93428U          19299.34236111  .00000000  00000-0  00000-0 0 00000
2 93428 097.6240 188.466  0000000 000.0000 261.4300 15.01920000000000
1 93428U          19299.62986111  .00000000  00000-0  00000-0 0 00000
2 93428 097.6230 188.750  0000000 000.0000 013.9300 15.01920000000000
1 93428U          19299.95763889  .00000000  00000-0  00000-0 0 00000
2 93428 097.6220 189.073  0000000 000.0000 343.9300 15.01920000000000
1 93428U          19300.30555556  .00000000  00000-0  00000-0 0 00000
2 93428 097.6220 189.416  0000000 000.0000 062.6800 15.01920000000000
1 93428U          19300.73541667  .00000000  00000-0  00000-0 0 00000
2 93428 097.6210 189.839  0000000 000.0000 223.9300 15.01920000000000
1 93428U          19300.94722222  .00000000  00000-0  00000-0 0 00000
2 93428 097.6210 190.048  0000000 000.0000 287.6790 15.01920000000000
1 93428U          19301.40486111  .00000000  00000-0  00000-0 0 00000
2 93428 097.6200 190.499  0000000 000.0000 238.9290 15.01920000000000
1 93428U          19301.61180556  .00000000  00000-0  00000-0 0 00000
2 93428 097.6190 190.703  0000000 000.0000 276.4290 15.01920000000000
1 93428U          19302.05000000  .00000000  00000-0  00000-0 0 00000
2 93428 097.6190 191.135  0000000 000.0000 122.6790 15.01920000000000
1 93428U          19302.26180556  .00000000  00000-0  00000-0 0 00000
2 93428 097.6180 191.344  0000000 000.0000 186.4290 15.01920000000000
1 93428U          19302.63263889  .00000000  00000-0  00000-0 0 00000
2 93428 097.6180 191.709  0000000 000.0000 028.9290 15.01920000000000
1 93428U          19303.02013889  .00000000  00000-0  00000-0 0 00000
2 93428 097.6170 192.091  0000000 000.0000 321.4290 15.01920000000000
1 93428U          19303.40208333  .00000000  00000-0  00000-0 0 00000
2 93428 097.6160 192.467  0000000 000.0000 223.9290 15.01920000000000
1 93428U          19303.60347222  .00000000  00000-0  00000-0 0 00000
2 93428 097.6160 192.666  0000000 000.0000 231.4290 15.01920000000000
1 93428U          19304.04861111  .00000000  00000-0  00000-0 0 00000
2 93428 097.6150 193.105  0000000 000.0000 115.1780 15.01920000000000
1 93428U          19304.31319444  .00000000  00000-0  00000-0 0 00000
2 93428 097.6150 193.365  0000000 000.0000 103.9280 15.01920000000000
1 93428U          19304.65833333  .00000000  00000-0  00000-0 0 00000
2 93428 097.6140 193.705  0000000 000.0000 167.6780 15.01920000000000
1 93428U          19304.95694444  .00000000  00000-0  00000-0 0 00000
2 93428 097.6130 194.000  0000000 000.0000 340.1780 15.01920000000000
1 93428U          19305.35069444  .00000000  00000-0  00000-0 0 00000
2 93428 097.6130 194.388  0000000 000.0000 306.4280 15.01920000000000
1 93428U          19305.70208333  .00000000  00000-0  00000-0 0 00000
2 93428 097.6120 194.734  0000000 000.0000 043.9280 15.01920000000000
1 93428U          19306.03611111  .00000000  00000-0  00000-0 0 00000
2 93428 097.6110 195.063  0000000 000.0000 047.6780 15.01920000000000
1 93428U          19306.39444444  .00000000  00000-0  00000-0 0 00000
2 93428 097.6110 195.416  0000000 000.0000 182.6770 15.01920000000000
1 93428U          19306.64513889  .00000000  00000-0  00000-0 0 00000
2 93428 097.6100 195.664  0000000 000.0000 096.4270 15.01920000000000
1 93428U          19307.02222222  .00000000  00000-0  00000-0 0 00000
2 93428 097.6100 196.035  0000000 000.0000 332.6770 15.01920000000000
1 93428U          19307.40694444  .00000000  00000-0  00000-0 0 00000
2 93428 097.6090 196.414  0000000 000.0000 250.1770 15.01920000000000
1 93428U          19307.69236111  .00000000  00000-0  00000-0 0 00000
2 93428 097.6080 196.696  0000000 000.0000 351.4270 15.01920000000000
1 93428U          19307.95694444  .00000000  00000-0  00000-0 0 00000
2 93428 097.6080 196.956  0000000 000.0000 340.1770 15.01920000000000
1 93428U          19308.40625000  .00000000  00000-0  00000-0 0 00000
2 93428 097.6070 197.399  0000000 000.0000 246.4260 15.01920000000000
1 93428U          19308.60555556  .00000000  00000-0  00000-0 0 00000
2 93428 097.6070 197.596  0000000 000.0000 242.6760 15.01920000000000
1 93428U          19309.05416667  .00000000  00000-0  00000-0 0 00000
2 93428 097.6060 198.038  0000000 000.0000 145.1760 15.01920000000000
1 93428U          19309.33819444  .00000000  00000-0  00000-0 0 00000
2 93428 097.6060 198.318  0000000 000.0000 238.9260 15.01920000000000
1 93428U          19309.66111111  .00000000  00000-0  00000-0 0 00000
2 93428 097.6050 198.636  0000000 000.0000 182.6760 15.01920000000000
1 93428U          19310.05138889  .00000000  00000-0  00000-0 0 00000
2 93428 097.6040 199.021  0000000 000.0000 130.1750 15.01920000000000
1 93428U          19310.30833333  .00000000  00000-0  00000-0 0 00000
2 93428 097.6040 199.274  0000000 000.0000 077.6750 15.01920000000000
1 93428U          19310.67083333  .00000000  00000-0  00000-0 0 00000
2 93428 097.6030 199.631  0000000 000.0000 235.1750 15.01920000000000
1 93428U          19311.05763889  .00000000  00000-0  00000-0 0 00000
2 93428 097.6030 200.012  0000000 000.0000 163.9250 15.01920000000000
1 93428U          19311.29444444  .00000000  00000-0  00000-0 0 00000
2 93428 097.6020 200.246  0000000 000.0000 002.6750 15.01920000000000
1 93428U          19311.73194444  .00000000  00000-0  00000-0 0 00000
2 93428 097.6010 200.677  0000000 000.0000 205.1740 15.01920000000000
1 93428U          19311.95138889  .00000000  00000-0  00000-0 0 00000
2 93428 097.6010 200.893  0000000 000.0000 310.1740 15.01914300000000
1 93428U          19312.27222222  .00000000  00000-0  00000-0 0 00000
2 93428 097.6000 201.209  0000000 000.0000 242.6740 15.01914300000000
1 93428U          19312.50138889  .00000000  00000-0  00000-0 0 00000
2 93428 097.6000 201.435  0000000 000.0000 040.1740 15.01914300000000
1 93428U          19312.94722222  .00000000  00000-0  00000-0 0 00000
2 93428 097.5990 201.874  0000000 000.0000 287.6740 15.01914300000000
1 93428U          19313.25347222  .00000000  00000-0  00000-0 0 00000
2 93428 097.5990 202.176  0000000 000.0000 141.4230 15.01914300000000
1 93428U          19313.57152778  .00000000  00000-0  00000-0 0 00000
2 93428 097.5980 202.490  0000000 000.0000 058.9230 15.01914300000000
1 93428U          19313.83125000  .00000000  00000-0  00000-0 0 00000
2 93428 097.5980 202.746  0000000 000.0000 021.4230 15.01914300000000
1 93428U          19314.29236111  .00000000  00000-0  00000-0 0 00000
2 93428 097.5970 203.200  0000000 000.0000 351.4230 15.01914300000000
1 93428U          19314.59375000  .00000000  00000-0  00000-0 0 00000
2 93428 097.5960 203.497  0000000 000.0000 178.9220 15.01914300000000
1 93428U          19314.85277778  .00000000  00000-0  00000-0 0 00000
2 93428 097.5960 203.752  0000000 000.0000 137.6720 15.01914300000000
1 93428U          19315.15625000  .00000000  00000-0  00000-0 0 00000
2 93428 097.5960 204.051  0000000 000.0000 336.4220 15.01914300000000
1 93428U          19315.49027778  .00000000  00000-0  00000-0 0 00000
2 93428 097.5950 204.381  0000000 000.0000 340.1720 15.01914300000000
1 93428U          19315.93402778  .00000000  00000-0  00000-0 0 00000
2 93428 097.5940 204.818  0000000 000.0000 216.4210 15.01914300000000
1 93428U          19316.21319444  .00000000  00000-0  00000-0 0 00000
2 93428 097.5940 205.093  0000000 000.0000 283.9210 15.01914300000000
1 93428U          19316.49791667  .00000000  00000-0  00000-0 0 00000
2 93428 097.5930 205.374  0000000 000.0000 021.4210 15.01914300000000
1 93428U          19316.83472222  .00000000  00000-0  00000-0 0 00000
2 93428 097.5930 205.706  0000000 000.0000 040.1710 15.01914300000000
1 93428U          19317.23819444  .00000000  00000-0  00000-0 0 00000
2 93428 097.5920 206.103  0000000 000.0000 058.9200 15.01914300000000
1 93428U          19317.50486111  .00000000  00000-0  00000-0 0 00000
2 93428 097.5920 206.366  0000000 000.0000 058.9200 15.01914300000000
1 93428U          19317.94027778  .00000000  00000-0  00000-0 0 00000
2 93428 097.5910 206.795  0000000 000.0000 250.1700 15.01914300000000
1 93428U          19318.21319444  .00000000  00000-0  00000-0 0 00000
2 93428 097.5900 207.064  0000000 000.0000 283.9200 15.01914300000000
1 93428U          19318.53680556  .00000000  00000-0  00000-0 0 00000
2 93428 097.5900 207.383  0000000 000.0000 231.4190 15.01914300000000
1 93428U          19318.89583333  .00000000  00000-0  00000-0 0 00000
2 93428 097.5890 207.737  0000000 000.0000 010.1690 15.01914300000000
1 93428U          19318.97152778  .00000000  00000-0  00000-0 0 00000
2 93428 097.5890 207.811  0000000 000.0000 058.9190 15.01914300000000
1 93428U          19319.21875000  .00000000  00000-0  00000-0 0 00000
2 93428 097.5890 208.055  0000000 000.0000 313.9190 15.01914300000000
1 93428U          19319.59791667  .00000000  00000-0  00000-0 0 00000
2 93428 097.5880 208.429  0000000 000.0000 201.4190 15.01914300000000
1 93428U          19319.92986111  .00000000  00000-0  00000-0 0 00000
2 93428 097.5880 208.756  0000000 000.0000 193.9180 15.01914300000000
1 93428U          19320.22083333  .00000000  00000-0  00000-0 0 00000
2 93428 097.5870 209.043  0000000 000.0000 325.1680 15.01914300000000
1 93428U          19320.49097222  .00000000  00000-0  00000-0 0 00000
2 93428 097.5870 209.309  0000000 000.0000 343.9180 15.01914300000000
1 93428U          19320.94930556  .00000000  00000-0  00000-0 0 00000
2 93428 097.5860 209.760  0000000 000.0000 298.9170 15.01914300000000
1 93428U          19321.31111111  .00000000  00000-0  00000-0 0 00000
2 93428 097.5850 210.117  0000000 000.0000 092.6670 15.01914300000000
1 93428U          19321.51319444  .00000000  00000-0  00000-0 0 00000
2 93428 097.5850 210.316  0000000 000.0000 103.9170 15.01914300000000
1 93428U          19321.96597222  .00000000  00000-0  00000-0 0 00000
2 93428 097.5840 210.762  0000000 000.0000 028.9160 15.01914300000000
1 93428U          19322.28888889  .00000000  00000-0  00000-0 0 00000
2 93428 097.5840 211.081  0000000 000.0000 332.6660 15.01914300000000
1 93428U          19322.63055556  .00000000  00000-0  00000-0 0 00000
2 93428 097.5830 211.417  0000000 000.0000 017.6660 15.01914300000000
1 93428U          19322.89513889  .00000000  00000-0  00000-0 0 00000
2 93428 097.5830 211.678  0000000 000.0000 006.4160 15.01914300000000
1 93428U          19323.27500000  .00000000  00000-0  00000-0 0 00000
2 93428 097.5820 212.052  0000000 000.0000 257.6650 15.01914300000000
1 93428U          19323.55208333  .00000000  00000-0  00000-0 0 00000
2 93428 097.5820 212.325  0000000 000.0000 313.9150 15.01914300000000
1 93428U          19323.94305556  .00000000  00000-0  00000-0 0 00000
2 93428 097.5810 212.711  0000000 000.0000 265.1640 15.01914300000000
1 93428U          19324.25347222  .00000000  00000-0  00000-0 0 00000
2 93428 097.5810 213.017  0000000 000.0000 141.4140 15.01914300000000
1 93428U          19324.63472222  .00000000  00000-0  00000-0 0 00000
2 93428 097.5800 213.392  0000000 000.0000 040.1640 15.01914300000000
1 93428U          19324.96527778  .00000000  00000-0  00000-0 0 00000
2 93428 097.5800 213.718  0000000 000.0000 025.1630 15.01914300000000
1 93428U          19325.23472222  .00000000  00000-0  00000-0 0 00000
2 93428 097.5790 213.984  0000000 000.0000 040.1630 15.01914300000000
1 93428U          19325.57500000  .00000000  00000-0  00000-0 0 00000
2 93428 097.5790 214.319  0000000 000.0000 077.6630 15.01914300000000
1 93428U          19325.81319444  .00000000  00000-0  00000-0 0 00000
2 93428 097.5780 214.554  0000000 000.0000 283.9130 15.01914300000000
1 93428U          19325.89583333  .00000000  00000-0  00000-0 0 00000
2 93428 097.5780 214.635  0000000 000.0000 010.1630 15.01914300000000
1 93428U          19326.14930556  .00000000  00000-0  00000-0 0 00000
2 93428 097.5780 214.885  0000000 000.0000 298.9120 15.01914300000000
1 93428U          19326.61111111  .00000000  00000-0  00000-0 0 00000
2 93428 097.5770 215.340  0000000 000.0000 272.6620 15.01914300000000
1 93428U          19326.96527778  .00000000  00000-0  00000-0 0 00000
2 93428 097.5770 215.689  0000000 000.0000 025.1610 15.01914300000000
1 93428U          19327.16180556  .00000000  00000-0  00000-0 0 00000
2 93428 097.5760 215.883  0000000 000.0000 006.4110 15.01914300000000
1 93428U          19327.49097222  .00000000  00000-0  00000-0 0 00000
2 93428 097.5760 216.207  0000000 000.0000 343.9110 15.01914300000000
1 93428U          19327.91250000  .00000000  00000-0  00000-0 0 00000
2 93428 097.5750 216.622  0000000 000.0000 100.1600 15.01914300000000
1 93428U          19328.29791667  .00000000  00000-0  00000-0 0 00000
2 93428 097.5750 217.002  0000000 000.0000 021.4100 15.01914300000000
1 93428U          19328.52222222  .00000000  00000-0  00000-0 0 00000
2 93428 097.5740 217.223  0000000 000.0000 152.6600 15.01914300000000
1 93428U          19328.90902778  .00000000  00000-0  00000-0 0 00000
2 93428 097.5740 217.604  0000000 000.0000 081.4090 15.01914300000000
1 93428U          19329.18333333  .00000000  00000-0  00000-0 0 00000
2 93428 097.5730 217.875  0000000 000.0000 122.6590 15.01914300000000
1 93428U          19329.48125000  .00000000  00000-0  00000-0 0 00000
2 93428 097.5730 218.168  0000000 000.0000 291.4090 15.01914300000000
1 93428U          19329.96388889  .00000000  00000-0  00000-0 0 00000
2 93428 097.5720 218.644  0000000 000.0000 017.6580 15.01914300000000
1 93428U          19330.28194444  .00000000  00000-0  00000-0 0 00000
2 93428 097.5720 218.957  0000000 000.0000 295.1580 15.01914300000000
1 93428U          19330.62777778  .00000000  00000-0  00000-0 0 00000
2 93428 097.5710 219.298  0000000 000.0000 002.6570 15.01914300000000
1 93428U          19330.86527778  .00000000  00000-0  00000-0 0 00000
2 93428 097.5710 219.532  0000000 000.0000 205.1570 15.01914300000000
1 93428U          19331.30069444  .00000000  00000-0  00000-0 0 00000
2 93428 097.5700 219.961  0000000 000.0000 036.4070 15.01914300000000
1 93428U          19331.48680556  .00000000  00000-0  00000-0 0 00000
2 93428 097.5700 220.145  0000000 000.0000 321.4060 15.01914300000000
1 93428U          19331.89861111  .00000000  00000-0  00000-0 0 00000
2 93428 097.5690 220.551  0000000 000.0000 025.1560 15.01914300000000
1 93428U          19332.24861111  .00000000  00000-0  00000-0 0 00000
2 93428 097.5690 220.895  0000000 000.0000 115.1550 15.01914300000000
1 93428U          19332.61388889  .00000000  00000-0  00000-0 0 00000
2 93428 097.5680 221.255  0000000 000.0000 287.6550 15.01914300000000
1 93428U          19332.89583333  .00000000  00000-0  00000-0 0 00000
2 93428 097.5680 221.533  0000000 000.0000 010.1550 15.01914300000000
