1 9356U          19282.08263889  .00000000  00000-0  00000-0 0 00000
2 9356 097.7330 120.0190 0000000 000.0000 196.0190 15.01920000000000
1 9356U          19282.37083333  .00000000  00000-0  00000-0 0 00000
2 9356 097.7330 120.3040 0000000 000.0000 312.2700 15.01920000000000
1 9356U          19282.71041667  .00000000  00000-0  00000-0 0 00000
2 9356 097.7330 120.6380 0000000 000.0000 346.0200 15.01920000000000
1 9356U          19282.93194444  .00000000  00000-0  00000-0 0 00000
2 9356 097.7330 120.8570 0000000 000.0000 102.2710 15.01920000000000
1 9356U          19283.29930556  .00000000  00000-0  00000-0 0 00000
2 9356 097.7320 121.2190 0000000 000.0000 286.0210 15.01920000000000
1 9356U          19283.60972222  .00000000  00000-0  00000-0 0 00000
2 9356 097.7320 121.5250 0000000 000.0000 162.2720 15.01920000000000
1 9356U          19283.91666667  .00000000  00000-0  00000-0 0 00000
2 9356 097.7320 121.8270 0000000 000.0000 019.7720 15.01920000000000
1 9356U          19284.36041667  .00000000  00000-0  00000-0 0 00000
2 9356 097.7310 122.2650 0000000 000.0000 256.0230 15.01920000000000
1 9356U          19284.68888889  .00000000  00000-0  00000-0 0 00000
2 9356 097.7310 122.5890 0000000 000.0000 229.7740 15.01920000000000
1 9356U          19284.93402778  .00000000  00000-0  00000-0 0 00000
2 9356 097.7310 122.8300 0000000 000.0000 113.5240 15.01920000000000
1 9356U          19285.26319444  .00000000  00000-0  00000-0 0 00000
2 9356 097.7300 123.1550 0000000 000.0000 091.0250 15.01920000000000
1 9356U          19285.64722222  .00000000  00000-0  00000-0 0 00000
2 9356 097.7300 123.5330 0000000 000.0000 004.7750 15.01920000000000
1 9356U          19286.06527778  .00000000  00000-0  00000-0 0 00000
2 9356 097.7290 123.9460 0000000 000.0000 102.2760 15.01920000000000
1 9356U          19286.31736111  .00000000  00000-0  00000-0 0 00000
2 9356 097.7290 124.1940 0000000 000.0000 023.5260 15.01920000000000
1 9356U          19286.66736111  .00000000  00000-0  00000-0 0 00000
2 9356 097.7290 124.5390 0000000 000.0000 113.5270 15.01920000000000
1 9356U          19287.03055556  .00000000  00000-0  00000-0 0 00000
2 9356 097.7280 124.8970 0000000 000.0000 274.7770 15.01920000000000
1 9356U          19287.33541667  .00000000  00000-0  00000-0 0 00000
2 9356 097.7280 125.1980 0000000 000.0000 121.0280 15.01920000000000
1 9356U          19287.66180556  .00000000  00000-0  00000-0 0 00000
2 9356 097.7280 125.5190 0000000 000.0000 083.5280 15.01920000000000
1 9356U          19288.06597222  .00000000  00000-0  00000-0 0 00000
2 9356 097.7270 125.9180 0000000 000.0000 106.0290 15.01920000000000
1 9356U          19288.40347222  .00000000  00000-0  00000-0 0 00000
2 9356 097.7270 126.2510 0000000 000.0000 128.5300 15.01920000000000
1 9356U          19288.73819444  .00000000  00000-0  00000-0 0 00000
2 9356 097.7270 126.5810 0000000 000.0000 136.0300 15.01920000000000
1 9356U          19288.95486111  .00000000  00000-0  00000-0 0 00000
2 9356 097.7260 126.7940 0000000 000.0000 226.0300 15.01920000000000
1 9356U          19289.37847222  .00000000  00000-0  00000-0 0 00000
2 9356 097.7260 127.2120 0000000 000.0000 353.5310 15.01920000000000
1 9356U          19289.65486111  .00000000  00000-0  00000-0 0 00000
2 9356 097.7260 127.4840 0000000 000.0000 046.0320 15.01920000000000
1 9356U          19289.93958333  .00000000  00000-0  00000-0 0 00000
2 9356 097.7250 127.7650 0000000 000.0000 143.5320 15.01920000000000
1 9356U          19290.37152778  .00000000  00000-0  00000-0 0 00000
2 9356 097.7250 128.1910 0000000 000.0000 316.0330 15.01920000000000
1 9356U          19290.66944444  .00000000  00000-0  00000-0 0 00000
2 9356 097.7240 128.4840 0000000 000.0000 124.7830 15.01920000000000
1 9356U          19290.93263889  .00000000  00000-0  00000-0 0 00000
2 9356 097.7240 128.7440 0000000 000.0000 106.0330 15.01920000000000
1 9356U          19291.28611111  .00000000  00000-0  00000-0 0 00000
2 9356 097.7240 129.0920 0000000 000.0000 214.7840 15.01920000000000
1 9356U          19291.65555556  .00000000  00000-0  00000-0 0 00000
2 9356 097.7230 129.4570 0000000 000.0000 049.7850 15.01920000000000
1 9356U          19292.04583333  .00000000  00000-0  00000-0 0 00000
2 9356 097.7230 129.8410 0000000 000.0000 357.2850 15.01920000000000
1 9356U          19292.25069444  .00000000  00000-0  00000-0 0 00000
2 9356 097.7230 130.0430 0000000 000.0000 023.5350 15.01920000000000
1 9356U          19292.65555556  .00000000  00000-0  00000-0 0 00000
2 9356 097.7220 130.4420 0000000 000.0000 049.7860 15.01920000000000
1 9356U          19292.98402778  .00000000  00000-0  00000-0 0 00000
2 9356 097.7220 130.7660 0000000 000.0000 023.5360 15.01920000000000
1 9356U          19293.37847222  .00000000  00000-0  00000-0 0 00000
2 9356 097.7210 131.1550 0000000 000.0000 353.5370 15.01920000000000
1 9356U          19293.73194444  .00000000  00000-0  00000-0 0 00000
2 9356 097.7210 131.5030 0000000 000.0000 102.2880 15.01920000000000
1 9356U          19294.01180556  .00000000  00000-0  00000-0 0 00000
2 9356 097.7200 131.7790 0000000 000.0000 173.5380 15.01920000000000
1 9356U          19294.36736111  .00000000  00000-0  00000-0 0 00000
2 9356 097.7200 132.1300 0000000 000.0000 293.5380 15.01920000000000
1 9356U          19294.65277778  .00000000  00000-0  00000-0 0 00000
2 9356 097.7200 132.4110 0000000 000.0000 034.7890 15.01920000000000
1 9356U          19295.06597222  .00000000  00000-0  00000-0 0 00000
2 9356 097.7190 132.8180 0000000 000.0000 106.0390 15.01920000000000
1 9356U          19295.26319444  .00000000  00000-0  00000-0 0 00000
2 9356 097.7190 133.0130 0000000 000.0000 091.0400 15.01920000000000
1 9356U          19295.69861111  .00000000  00000-0  00000-0 0 00000
2 9356 097.7180 133.4420 0000000 000.0000 282.2900 15.01920000000000
1 9356U          19296.06319444  .00000000  00000-0  00000-0 0 00000
2 9356 097.7180 133.8020 0000000 000.0000 091.0410 15.01920000000000
1 9356U          19296.32569444  .00000000  00000-0  00000-0 0 00000
2 9356 097.7170 134.0600 0000000 000.0000 068.5410 15.01920000000000
1 9356U          19296.58541667  .00000000  00000-0  00000-0 0 00000
2 9356 097.7170 134.3160 0000000 000.0000 031.0420 15.01920000000000
1 9356U          19296.97777778  .00000000  00000-0  00000-0 0 00000
2 9356 097.7170 134.7030 0000000 000.0000 349.7920 15.01920000000000
1 9356U          19297.28888889  .00000000  00000-0  00000-0 0 00000
2 9356 097.7160 135.0100 0000000 000.0000 229.7930 15.01920000000000
1 9356U          19297.62013889  .00000000  00000-0  00000-0 0 00000
2 9356 097.7160 135.3360 0000000 000.0000 218.5430 15.01920000000000
1 9356U          19298.00902778  .00000000  00000-0  00000-0 0 00000
2 9356 097.7150 135.7200 0000000 000.0000 158.5430 15.01920000000000
1 9356U          19298.25277778  .00000000  00000-0  00000-0 0 00000
2 9356 097.7150 135.9600 0000000 000.0000 034.7940 15.01920000000000
1 9356U          19298.62430556  .00000000  00000-0  00000-0 0 00000
2 9356 097.7140 136.3260 0000000 000.0000 241.0440 15.01920000000000
1 9356U          19298.93819444  .00000000  00000-0  00000-0 0 00000
2 9356 097.7140 136.6360 0000000 000.0000 136.0450 15.01920000000000
1 9356U          19299.29652778  .00000000  00000-0  00000-0 0 00000
2 9356 097.7130 136.9890 0000000 000.0000 271.0450 15.01920000000000
1 9356U          19299.64375000  .00000000  00000-0  00000-0 0 00000
2 9356 097.7130 137.3310 0000000 000.0000 346.0460 15.01920000000000
1 9356U          19300.07291667  .00000000  00000-0  00000-0 0 00000
2 9356 097.7120 137.7540 0000000 000.0000 143.5460 15.01920000000000
1 9356U          19300.37916667  .00000000  00000-0  00000-0 0 00000
2 9356 097.7120 138.0560 0000000 000.0000 357.2970 15.01920000000000
1 9356U          19300.59583333  .00000000  00000-0  00000-0 0 00000
2 9356 097.7120 138.2700 0000000 000.0000 087.2970 15.01920000000000
1 9356U          19301.05763889  .00000000  00000-0  00000-0 0 00000
2 9356 097.7110 138.7250 0000000 000.0000 061.0470 15.01920000000000
1 9356U          19301.34097222  .00000000  00000-0  00000-0 0 00000
2 9356 097.7110 139.0040 0000000 000.0000 151.0480 15.01920000000000
1 9356U          19301.71875000  .00000000  00000-0  00000-0 0 00000
2 9356 097.7100 139.3770 0000000 000.0000 031.0480 15.01920000000000
1 9356U          19301.95416667  .00000000  00000-0  00000-0 0 00000
2 9356 097.7100 139.6090 0000000 000.0000 222.2990 15.01920000000000
1 9356U          19302.37361111  .00000000  00000-0  00000-0 0 00000
2 9356 097.7090 140.0220 0000000 000.0000 327.2990 15.01920000000000
1 9356U          19302.63333333  .00000000  00000-0  00000-0 0 00000
2 9356 097.7090 140.2780 0000000 000.0000 289.7990 15.01920000000000
1 9356U          19303.02152778  .00000000  00000-0  00000-0 0 00000
2 9356 097.7080 140.6610 0000000 000.0000 226.0500 15.01920000000000
1 9356U          19303.29930556  .00000000  00000-0  00000-0 0 00000
2 9356 097.7080 140.9350 0000000 000.0000 286.0500 15.01920000000000
1 9356U          19303.68125000  .00000000  00000-0  00000-0 0 00000
2 9356 097.7070 141.3110 0000000 000.0000 188.5510 15.01920000000000
1 9356U          19304.07500000  .00000000  00000-0  00000-0 0 00000
2 9356 097.7070 141.6990 0000000 000.0000 154.8010 15.01920000000000
1 9356U          19304.28680556  .00000000  00000-0  00000-0 0 00000
2 9356 097.7060 141.9080 0000000 000.0000 218.5510 15.01920000000000
1 9356U          19304.69236111  .00000000  00000-0  00000-0 0 00000
2 9356 097.7060 142.3080 0000000 000.0000 248.5520 15.01920000000000
1 9356U          19305.07500000  .00000000  00000-0  00000-0 0 00000
2 9356 097.7050 142.6850 0000000 000.0000 154.8020 15.01920000000000
1 9356U          19305.31736111  .00000000  00000-0  00000-0 0 00000
2 9356 097.7050 142.9240 0000000 000.0000 023.5530 15.01920000000000
1 9356U          19305.74305556  .00000000  00000-0  00000-0 0 00000
2 9356 097.7040 143.3440 0000000 000.0000 162.3030 15.01920000000000
1 9356U          19305.94236111  .00000000  00000-0  00000-0 0 00000
2 9356 097.7040 143.5400 0000000 000.0000 158.5530 15.01920000000000
1 9356U          19306.31111111  .00000000  00000-0  00000-0 0 00000
2 9356 097.7030 143.9040 0000000 000.0000 349.8040 15.01920000000000
1 9356U          19306.66388889  .00000000  00000-0  00000-0 0 00000
2 9356 097.7030 144.2510 0000000 000.0000 094.8040 15.01920000000000
1 9356U          19307.06597222  .00000000  00000-0  00000-0 0 00000
2 9356 097.7020 144.6480 0000000 000.0000 106.0550 15.01920000000000
1 9356U          19307.40555556  .00000000  00000-0  00000-0 0 00000
2 9356 097.7020 144.9820 0000000 000.0000 139.8050 15.01920000000000
1 9356U          19307.63402778  .00000000  00000-0  00000-0 0 00000
2 9356 097.7010 145.2080 0000000 000.0000 293.5550 15.01920000000000
1 9356U          19307.92569444  .00000000  00000-0  00000-0 0 00000
2 9356 097.7010 145.4950 0000000 000.0000 068.5560 15.01920000000000
1 9356U          19308.35277778  .00000000  00000-0  00000-0 0 00000
2 9356 097.7000 145.9160 0000000 000.0000 214.8060 15.01920000000000
1 9356U          19308.71875000  .00000000  00000-0  00000-0 0 00000
2 9356 097.7000 146.2770 0000000 000.0000 031.0560 15.01920000000000
1 9356U          19309.05347222  .00000000  00000-0  00000-0 0 00000
2 9356 097.6990 146.6070 0000000 000.0000 038.5570 15.01920000000000
1 9356U          19309.29375000  .00000000  00000-0  00000-0 0 00000
2 9356 097.6990 146.8440 0000000 000.0000 256.0570 15.01920000000000
1 9356U          19309.59305556  .00000000  00000-0  00000-0 0 00000
2 9356 097.6980 147.1390 0000000 000.0000 072.3070 15.01920000000000
1 9356U          19310.05625000  .00000000  00000-0  00000-0 0 00000
2 9356 097.6980 147.5950 0000000 000.0000 053.5580 15.01920000000000
1 9356U          19310.32708333  .00000000  00000-0  00000-0 0 00000
2 9356 097.6970 147.8620 0000000 000.0000 076.0580 15.01920000000000
1 9356U          19310.72430556  .00000000  00000-0  00000-0 0 00000
2 9356 097.6970 148.2540 0000000 000.0000 061.0590 15.01920000000000
1 9356U          19310.94791667  .00000000  00000-0  00000-0 0 00000
2 9356 097.6960 148.4740 0000000 000.0000 188.5590 15.01920000000000
1 9356U          19311.27916667  .00000000  00000-0  00000-0 0 00000
2 9356 097.6960 148.8010 0000000 000.0000 177.3090 15.01920000000000
1 9356U          19311.69583333  .00000000  00000-0  00000-0 0 00000
2 9356 097.6950 149.2120 0000000 000.0000 267.3090 15.01920000000000
1 9356U          19311.92708333  .00000000  00000-0  00000-0 0 00000
2 9356 097.6950 149.4400 0000000 000.0000 076.0600 15.01914300000000
1 9356U          19312.23958333  .00000000  00000-0  00000-0 0 00000
2 9356 097.6940 149.7480 0000000 000.0000 323.5600 15.01914300000000
1 9356U          19312.49444444  .00000000  00000-0  00000-0 0 00000
2 9356 097.6940 149.9990 0000000 000.0000 259.8100 15.01914300000000
1 9356U          19312.87569444  .00000000  00000-0  00000-0 0 00000
2 9356 097.6930 150.3750 0000000 000.0000 158.5610 15.01914300000000
1 9356U          19313.24722222  .00000000  00000-0  00000-0 0 00000
2 9356 097.6920 150.7410 0000000 000.0000 004.8110 15.01914300000000
1 9356U          19313.63055556  .00000000  00000-0  00000-0 0 00000
2 9356 097.6920 151.1190 0000000 000.0000 274.8110 15.01914300000000
1 9356U          19313.95416667  .00000000  00000-0  00000-0 0 00000
2 9356 097.6910 151.4380 0000000 000.0000 222.3120 15.01914300000000
1 9356U          19314.15625000  .00000000  00000-0  00000-0 0 00000
2 9356 097.6910 151.6370 0000000 000.0000 233.5620 15.01914300000000
1 9356U          19314.55902778  .00000000  00000-0  00000-0 0 00000
2 9356 097.6900 152.0340 0000000 000.0000 248.5620 15.01914300000000
1 9356U          19314.83125000  .00000000  00000-0  00000-0 0 00000
2 9356 097.6900 152.3020 0000000 000.0000 278.5620 15.01914300000000
1 9356U          19315.17638889  .00000000  00000-0  00000-0 0 00000
2 9356 097.6890 152.6420 0000000 000.0000 342.3130 15.01914300000000
1 9356U          19315.62361111  .00000000  00000-0  00000-0 0 00000
2 9356 097.6890 153.0830 0000000 000.0000 237.3130 15.01914300000000
1 9356U          19315.97083333  .00000000  00000-0  00000-0 0 00000
2 9356 097.6880 153.4260 0000000 000.0000 312.3130 15.01914300000000
1 9356U          19316.26319444  .00000000  00000-0  00000-0 0 00000
2 9356 097.6870 153.7140 0000000 000.0000 091.0640 15.01914300000000
1 9356U          19316.54305556  .00000000  00000-0  00000-0 0 00000
2 9356 097.6870 153.9900 0000000 000.0000 162.3140 15.01914300000000
1 9356U          19316.94097222  .00000000  00000-0  00000-0 0 00000
2 9356 097.6860 154.3820 0000000 000.0000 151.0640 15.01914300000000
1 9356U          19317.29930556  .00000000  00000-0  00000-0 0 00000
2 9356 097.6860 154.7350 0000000 000.0000 286.0650 15.01914300000000
1 9356U          19317.53333333  .00000000  00000-0  00000-0 0 00000
2 9356 097.6850 154.9660 0000000 000.0000 109.8150 15.01914300000000
1 9356U          19317.82222222  .00000000  00000-0  00000-0 0 00000
2 9356 097.6850 155.2510 0000000 000.0000 229.8150 15.01914300000000
1 9356U          19318.25902778  .00000000  00000-0  00000-0 0 00000
2 9356 097.6840 155.6810 0000000 000.0000 068.5650 15.01914300000000
1 9356U          19318.52152778  .00000000  00000-0  00000-0 0 00000
2 9356 097.6840 155.9400 0000000 000.0000 046.0660 15.01914300000000
1 9356U          19318.82847222  .00000000  00000-0  00000-0 0 00000
2 9356 097.6830 156.2420 0000000 000.0000 263.5660 15.01914300000000
1 9356U          19318.89583333  .00000000  00000-0  00000-0 0 00000
2 9356 097.6830 156.3090 0000000 000.0000 267.3160 15.01914300000000
1 9356U          19319.16736111  .00000000  00000-0  00000-0 0 00000
2 9356 097.6830 156.5760 0000000 000.0000 293.5660 15.01914300000000
1 9356U          19319.63888889  .00000000  00000-0  00000-0 0 00000
2 9356 097.6820 157.0410 0000000 000.0000 319.8160 15.01914300000000
1 9356U          19319.90347222  .00000000  00000-0  00000-0 0 00000
2 9356 097.6810 157.3020 0000000 000.0000 308.5670 15.01914300000000
1 9356U          19320.24375000  .00000000  00000-0  00000-0 0 00000
2 9356 097.6810 157.6370 0000000 000.0000 346.0670 15.01914300000000
1 9356U          19320.64027778  .00000000  00000-0  00000-0 0 00000
2 9356 097.6800 158.0280 0000000 000.0000 327.3170 15.01914300000000
1 9356U          19320.92083333  .00000000  00000-0  00000-0 0 00000
2 9356 097.6800 158.3050 0000000 000.0000 042.3170 15.01914300000000
1 9356U          19321.21250000  .00000000  00000-0  00000-0 0 00000
2 9356 097.6790 158.5920 0000000 000.0000 177.3180 15.01914300000000
1 9356U          19321.50625000  .00000000  00000-0  00000-0 0 00000
2 9356 097.6790 158.8820 0000000 000.0000 323.5680 15.01914300000000
1 9356U          19321.85972222  .00000000  00000-0  00000-0 0 00000
2 9356 097.6780 159.2300 0000000 000.0000 072.3180 15.01914300000000
1 9356U          19322.28055556  .00000000  00000-0  00000-0 0 00000
2 9356 097.6770 159.6450 0000000 000.0000 184.8180 15.01914300000000
1 9356U          19322.51944444  .00000000  00000-0  00000-0 0 00000
2 9356 097.6770 159.8810 0000000 000.0000 034.8190 15.01914300000000
1 9356U          19322.94444444  .00000000  00000-0  00000-0 0 00000
2 9356 097.6760 160.3000 0000000 000.0000 169.8190 15.01914300000000
1 9356U          19323.17777778  .00000000  00000-0  00000-0 0 00000
2 9356 097.6760 160.5300 0000000 000.0000 349.8190 15.01914300000000
1 9356U          19323.48611111  .00000000  00000-0  00000-0 0 00000
2 9356 097.6750 160.8330 0000000 000.0000 214.8190 15.01914300000000
1 9356U          19323.97500000  .00000000  00000-0  00000-0 0 00000
2 9356 097.6740 161.3150 0000000 000.0000 334.8190 15.01914300000000
1 9356U          19324.17638889  .00000000  00000-0  00000-0 0 00000
2 9356 097.6740 161.5140 0000000 000.0000 342.3200 15.01914300000000
1 9356U          19324.59930556  .00000000  00000-0  00000-0 0 00000
2 9356 097.6730 161.9310 0000000 000.0000 106.0700 15.01914300000000
1 9356U          19324.91527778  .00000000  00000-0  00000-0 0 00000
2 9356 097.6730 162.2420 0000000 000.0000 012.3200 15.01914300000000
1 9356U          19325.19236111  .00000000  00000-0  00000-0 0 00000
2 9356 097.6720 162.5150 0000000 000.0000 068.5700 15.01914300000000
1 9356U          19325.61388889  .00000000  00000-0  00000-0 0 00000
2 9356 097.6710 162.9310 0000000 000.0000 184.8200 15.01914300000000
1 9356U          19325.89583333  .00000000  00000-0  00000-0 0 00000
2 9356 097.6710 163.2090 0000000 000.0000 267.3210 15.01914300000000
1 9356U          19325.95208333  .00000000  00000-0  00000-0 0 00000
2 9356 097.6610 163.2600 0091330 264.0530 307.8350 15.13437200000000
1 9356U          19326.25486111  .00000000  00000-0  00000-0 0 00000
2 9356 097.6700 163.5730 0035180 254.3880 183.7260 15.34042100000000
1 9356U          19326.48263889  .00000000  00000-0  00000-0 0 00000
2 9356 097.6660 163.8060 0004420 309.9220 302.1470 15.33757500000000
1 9356U          19326.82361111  .00000000  00000-0  00000-0 0 00000
2 9356 097.6610 164.1650 0021990 249.0760 079.9810 15.29669800000000
1 9356U          19327.24305556  .00000000  00000-0  00000-0 0 00000
2 9356 097.6660 164.5950 0027240 277.4510 200.6870 15.32969000000000
1 9356U          19327.58541667  .00000000  00000-0  00000-0 0 00000
2 9356 097.6560 164.9410 0021450 252.8590 310.1100 15.28971200000000
1 9356U          19327.84236111  .00000000  00000-0  00000-0 0 00000
2 9356 097.6570 165.2080 0020130 234.9120 302.5250 15.28044400000000
1 9356U          19328.30138889  .00000000  00000-0  00000-0 0 00000
2 9356 097.6560 165.6780 0021870 234.3000 310.1560 15.28049800000000
1 9356U          19328.57638889  .00000000  00000-0  00000-0 0 00000
2 9356 097.6610 165.9610 0002820 181.1020 077.2850 15.34119900000000
1 9356U          19328.94791667  .00000000  00000-0  00000-0 0 00000
2 9356 097.6550 166.3490 0015550 256.1710 247.4630 15.30305200000000
1 9356U          19329.25486111  .00000000  00000-0  00000-0 0 00000
2 9356 097.6560 166.6530 0019500 225.9670 167.5440 15.29959500000000
1 9356U          19329.62083333  .00000000  00000-0  00000-0 0 00000
2 9356 097.6580 167.0330 0003590 249.2530 358.9900 15.33502100000000
1 9356U          19329.91319444  .00000000  00000-0  00000-0 0 00000
2 9356 097.6580 167.3300 0031040 229.3330 188.4330 15.32567100000000
1 9356U          19330.17986111  .00000000  00000-0  00000-0 0 00000
2 9356 097.6600 167.6080 0036100 248.6350 197.1270 15.34313200000000
1 9356U          19330.55416667  .00000000  00000-0  00000-0 0 00000
2 9356 097.6470 167.9980 0020260 244.7030 101.6670 15.28401600000000
1 9356U          19330.82361111  .00000000  00000-0  00000-0 0 00000
2 9356 097.6530 168.2670 0019040 220.1720 169.6240 15.29630100000000
1 9356U          19331.23819444  .00000000  00000-0  00000-0 0 00000
2 9356 097.6510 168.7010 0015990 226.9300 285.1390 15.29491500000000
1 9356U          19331.62916667  .00000000  00000-0  00000-0 0 00000
2 9356 097.6490 169.1060 0015150 237.3540 267.1100 15.30249900000000
1 9356U          19331.86250000  .00000000  00000-0  00000-0 0 00000
2 9356 097.6480 169.3410 0019730 239.7020 109.3610 15.28267000000000
1 9356U          19332.21041667  .00000000  00000-0  00000-0 0 00000
2 9356 097.6560 169.6980 0031070 254.4710 209.9510 15.34026100000000
1 9356U          19332.57777778  .00000000  00000-0  00000-0 0 00000
2 9356 097.6450 170.0810 0024860 220.5710 106.2570 15.29950700000000
1 9356U          19332.87569444  .00000000  00000-0  00000-0 0 00000
2 9356 097.6460 170.3830 0021540 210.4650 316.5120 15.28412600000000
