1 93836U          19281.92222222  .00000000  00000-0  00000-0 0 00000
2 93836 097.7340 119.8610 0000000 000.0000 289.7690 15.01920000000000
1 93836U          19282.37361111  .00000000  00000-0  00000-0 0 00000
2 93836 097.7330 120.3060 0000000 000.0000 207.2700 15.01920000000000
1 93836U          19282.69513889  .00000000  00000-0  00000-0 0 00000
2 93836 097.7330 120.6230 0000000 000.0000 143.5200 15.01920000000000
1 93836U          19282.98541667  .00000000  00000-0  00000-0 0 00000
2 93836 097.7330 120.9090 0000000 000.0000 271.0210 15.01920000000000
1 93836U          19283.33472222  .00000000  00000-0  00000-0 0 00000
2 93836 097.7320 121.2540 0000000 000.0000 357.2720 15.01920000000000
1 93836U          19283.70416667  .00000000  00000-0  00000-0 0 00000
2 93836 097.7320 121.6180 0000000 000.0000 192.2720 15.01920000000000
1 93836U          19284.03888889  .00000000  00000-0  00000-0 0 00000
2 93836 097.7320 121.9480 0000000 000.0000 199.7730 15.01920000000000
1 93836U          19284.33888889  .00000000  00000-0  00000-0 0 00000
2 93836 097.7310 122.2440 0000000 000.0000 019.7730 15.01920000000000
1 93836U          19284.61041667  .00000000  00000-0  00000-0 0 00000
2 93836 097.7310 122.5110 0000000 000.0000 046.0240 15.01920000000000
1 93836U          19284.95000000  .00000000  00000-0  00000-0 0 00000
2 93836 097.7310 122.8460 0000000 000.0000 079.7740 15.01920000000000
1 93836U          19285.37638889  .00000000  00000-0  00000-0 0 00000
2 93836 097.7300 123.2660 0000000 000.0000 222.2750 15.01920000000000
1 93836U          19285.63888889  .00000000  00000-0  00000-0 0 00000
2 93836 097.7300 123.5250 0000000 000.0000 199.7750 15.01920000000000
1 93836U          19285.91944444  .00000000  00000-0  00000-0 0 00000
2 93836 097.7300 123.8020 0000000 000.0000 274.7760 15.01920000000000
1 93836U          19286.28680556  .00000000  00000-0  00000-0 0 00000
2 93836 097.7290 124.1640 0000000 000.0000 098.5260 15.01920000000000
1 93836U          19286.70763889  .00000000  00000-0  00000-0 0 00000
2 93836 097.7290 124.5790 0000000 000.0000 211.0270 15.01920000000000
1 93836U          19287.08125000  .00000000  00000-0  00000-0 0 00000
2 93836 097.7280 124.9470 0000000 000.0000 068.5280 15.01920000000000
1 93836U          19287.28750000  .00000000  00000-0  00000-0 0 00000
2 93836 097.7280 125.1500 0000000 000.0000 102.2780 15.01920000000000
1 93836U          19287.70902778  .00000000  00000-0  00000-0 0 00000
2 93836 097.7280 125.5660 0000000 000.0000 218.5290 15.01920000000000
1 93836U          19287.99722222  .00000000  00000-0  00000-0 0 00000
2 93836 097.7270 125.8500 0000000 000.0000 334.7790 15.01920000000000
1 93836U          19288.41111111  .00000000  00000-0  00000-0 0 00000
2 93836 097.7270 126.2580 0000000 000.0000 049.7800 15.01920000000000
1 93836U          19288.70902778  .00000000  00000-0  00000-0 0 00000
2 93836 097.7270 126.5520 0000000 000.0000 218.5300 15.01920000000000
1 93836U          19289.03888889  .00000000  00000-0  00000-0 0 00000
2 93836 097.7260 126.8770 0000000 000.0000 199.7810 15.01920000000000
1 93836U          19289.26250000  .00000000  00000-0  00000-0 0 00000
2 93836 097.7260 127.0970 0000000 000.0000 327.2810 15.01920000000000
1 93836U          19289.65069444  .00000000  00000-0  00000-0 0 00000
2 93836 097.7260 127.4800 0000000 000.0000 263.5320 15.01920000000000
1 93836U          19289.93819444  .00000000  00000-0  00000-0 0 00000
2 93836 097.7250 127.7640 0000000 000.0000 016.0320 15.01920000000000
1 93836U          19290.29722222  .00000000  00000-0  00000-0 0 00000
2 93836 097.7250 128.1170 0000000 000.0000 154.7820 15.01920000000000
1 93836U          19290.64027778  .00000000  00000-0  00000-0 0 00000
2 93836 097.7240 128.4560 0000000 000.0000 207.2830 15.01920000000000
1 93836U          19291.03611111  .00000000  00000-0  00000-0 0 00000
2 93836 097.7240 128.8460 0000000 000.0000 184.7840 15.01920000000000
1 93836U          19291.36527778  .00000000  00000-0  00000-0 0 00000
2 93836 097.7240 129.1700 0000000 000.0000 162.2840 15.01920000000000
1 93836U          19291.70277778  .00000000  00000-0  00000-0 0 00000
2 93836 097.7230 129.5030 0000000 000.0000 184.7850 15.01920000000000
1 93836U          19292.00000000  .00000000  00000-0  00000-0 0 00000
2 93836 097.7230 129.7960 0000000 000.0000 349.7850 15.01920000000000
1 93836U          19292.26736111  .00000000  00000-0  00000-0 0 00000
2 93836 097.7220 130.0600 0000000 000.0000 353.5350 15.01920000000000
1 93836U          19292.65486111  .00000000  00000-0  00000-0 0 00000
2 93836 097.7220 130.4420 0000000 000.0000 286.0360 15.01920000000000
1 93836U          19292.92291667  .00000000  00000-0  00000-0 0 00000
2 93836 097.7220 130.7060 0000000 000.0000 293.5360 15.01920000000000
1 93836U          19293.30763889  .00000000  00000-0  00000-0 0 00000
2 93836 097.7210 131.0850 0000000 000.0000 211.0370 15.01920000000000
1 93836U          19293.59236111  .00000000  00000-0  00000-0 0 00000
2 93836 097.7210 131.3660 0000000 000.0000 308.5370 15.01920000000000
1 93836U          19294.07013889  .00000000  00000-0  00000-0 0 00000
2 93836 097.7200 131.8370 0000000 000.0000 008.5380 15.01920000000000
1 93836U          19294.28958333  .00000000  00000-0  00000-0 0 00000
2 93836 097.7200 132.0530 0000000 000.0000 113.5380 15.01920000000000
1 93836U          19294.71041667  .00000000  00000-0  00000-0 0 00000
2 93836 097.7190 132.4680 0000000 000.0000 226.0390 15.01920000000000
1 93836U          19295.01458333  .00000000  00000-0  00000-0 0 00000
2 93836 097.7190 132.7680 0000000 000.0000 068.5390 15.01920000000000
1 93836U          19295.35486111  .00000000  00000-0  00000-0 0 00000
2 93836 097.7190 133.1030 0000000 000.0000 106.0400 15.01920000000000
1 93836U          19295.62569444  .00000000  00000-0  00000-0 0 00000
2 93836 097.7180 133.3700 0000000 000.0000 128.5400 15.01920000000000
1 93836U          19296.05694444  .00000000  00000-0  00000-0 0 00000
2 93836 097.7180 133.7950 0000000 000.0000 297.2910 15.01920000000000
1 93836U          19296.28263889  .00000000  00000-0  00000-0 0 00000
2 93836 097.7170 134.0180 0000000 000.0000 076.0410 15.01920000000000
1 93836U          19296.67222222  .00000000  00000-0  00000-0 0 00000
2 93836 097.7170 134.4020 0000000 000.0000 019.7920 15.01920000000000
1 93836U          19296.94930556  .00000000  00000-0  00000-0 0 00000
2 93836 097.7170 134.6750 0000000 000.0000 076.0420 15.01920000000000
1 93836U          19297.33125000  .00000000  00000-0  00000-0 0 00000
2 93836 097.7160 135.0520 0000000 000.0000 338.5430 15.01920000000000
1 93836U          19297.67847222  .00000000  00000-0  00000-0 0 00000
2 93836 097.7160 135.3940 0000000 000.0000 053.5430 15.01920000000000
1 93836U          19297.92916667  .00000000  00000-0  00000-0 0 00000
2 93836 097.7150 135.6410 0000000 000.0000 327.2930 15.01920000000000
1 93836U          19298.37777778  .00000000  00000-0  00000-0 0 00000
2 93836 097.7150 136.0830 0000000 000.0000 229.7940 15.01920000000000
1 93836U          19298.63611111  .00000000  00000-0  00000-0 0 00000
2 93836 097.7140 136.3380 0000000 000.0000 184.7940 15.01920000000000
1 93836U          19298.97500000  .00000000  00000-0  00000-0 0 00000
2 93836 097.7140 136.6720 0000000 000.0000 214.7950 15.01920000000000
1 93836U          19299.27361111  .00000000  00000-0  00000-0 0 00000
2 93836 097.7130 136.9660 0000000 000.0000 027.2950 15.01920000000000
1 93836U          19299.68263889  .00000000  00000-0  00000-0 0 00000
2 93836 097.7130 137.3700 0000000 000.0000 076.0460 15.01920000000000
1 93836U          19299.95277778  .00000000  00000-0  00000-0 0 00000
2 93836 097.7130 137.6360 0000000 000.0000 094.7960 15.01920000000000
1 93836U          19300.41388889  .00000000  00000-0  00000-0 0 00000
2 93836 097.7120 138.0900 0000000 000.0000 064.7970 15.01920000000000
1 93836U          19300.65138889  .00000000  00000-0  00000-0 0 00000
2 93836 097.7120 138.3240 0000000 000.0000 267.2970 15.01920000000000
1 93836U          19301.05208333  .00000000  00000-0  00000-0 0 00000
2 93836 097.7110 138.7190 0000000 000.0000 271.0470 15.01920000000000
1 93836U          19301.39166667  .00000000  00000-0  00000-0 0 00000
2 93836 097.7110 139.0540 0000000 000.0000 304.7980 15.01920000000000
1 93836U          19301.58472222  .00000000  00000-0  00000-0 0 00000
2 93836 097.7100 139.2450 0000000 000.0000 267.2980 15.01920000000000
1 93836U          19302.06527778  .00000000  00000-0  00000-0 0 00000
2 93836 097.7100 139.7180 0000000 000.0000 342.2990 15.01920000000000
1 93836U          19302.30902778  .00000000  00000-0  00000-0 0 00000
2 93836 097.7090 139.9590 0000000 000.0000 218.5490 15.01920000000000
1 93836U          19302.61666667  .00000000  00000-0  00000-0 0 00000
2 93836 097.7090 140.2620 0000000 000.0000 079.7990 15.01920000000000
1 93836U          19302.99166667  .00000000  00000-0  00000-0 0 00000
2 93836 097.7080 140.6310 0000000 000.0000 304.8000 15.01920000000000
1 93836U          19303.30555556  .00000000  00000-0  00000-0 0 00000
2 93836 097.7080 140.9410 0000000 000.0000 199.8000 15.01920000000000
1 93836U          19303.64097222  .00000000  00000-0  00000-0 0 00000
2 93836 097.7070 141.2720 0000000 000.0000 211.0510 15.01920000000000
1 93836U          19304.07777778  .00000000  00000-0  00000-0 0 00000
2 93836 097.7070 141.7020 0000000 000.0000 049.8010 15.01920000000000
1 93836U          19304.38680556  .00000000  00000-0  00000-0 0 00000
2 93836 097.7060 142.0070 0000000 000.0000 278.5520 15.01920000000000
1 93836U          19304.63611111  .00000000  00000-0  00000-0 0 00000
2 93836 097.7060 142.2530 0000000 000.0000 184.8020 15.01920000000000
1 93836U          19304.93194444  .00000000  00000-0  00000-0 0 00000
2 93836 097.7050 142.5440 0000000 000.0000 342.3020 15.01920000000000
1 93836U          19305.36527778  .00000000  00000-0  00000-0 0 00000
2 93836 097.7050 142.9710 0000000 000.0000 162.3030 15.01920000000000
1 93836U          19305.73819444  .00000000  00000-0  00000-0 0 00000
2 93836 097.7040 143.3390 0000000 000.0000 016.0530 15.01920000000000
1 93836U          19306.06736111  .00000000  00000-0  00000-0 0 00000
2 93836 097.7040 143.6630 0000000 000.0000 353.5530 15.01920000000000
1 93836U          19306.37777778  .00000000  00000-0  00000-0 0 00000
2 93836 097.7030 143.9690 0000000 000.0000 229.8040 15.01920000000000
1 93836U          19306.60902778  .00000000  00000-0  00000-0 0 00000
2 93836 097.7030 144.1970 0000000 000.0000 038.5540 15.01920000000000
1 93836U          19307.01180556  .00000000  00000-0  00000-0 0 00000
2 93836 097.7020 144.5940 0000000 000.0000 053.5550 15.01920000000000
1 93836U          19307.27361111  .00000000  00000-0  00000-0 0 00000
2 93836 097.7020 144.8520 0000000 000.0000 027.3050 15.01920000000000
1 93836U          19307.69861111  .00000000  00000-0  00000-0 0 00000
2 93836 097.7010 145.2710 0000000 000.0000 162.3050 15.01920000000000
1 93836U          19308.03680556  .00000000  00000-0  00000-0 0 00000
2 93836 097.7010 145.6050 0000000 000.0000 188.5560 15.01920000000000
1 93836U          19308.41527778  .00000000  00000-0  00000-0 0 00000
2 93836 097.7000 145.9780 0000000 000.0000 072.3060 15.01920000000000
1 93836U          19308.58958333  .00000000  00000-0  00000-0 0 00000
2 93836 097.7000 146.1500 0000000 000.0000 293.5560 15.01920000000000
1 93836U          19308.99861111  .00000000  00000-0  00000-0 0 00000
2 93836 097.6990 146.5530 0000000 000.0000 342.3070 15.01920000000000
1 93836U          19309.35069444  .00000000  00000-0  00000-0 0 00000
2 93836 097.6990 146.9000 0000000 000.0000 083.5570 15.01920000000000
1 93836U          19309.65138889  .00000000  00000-0  00000-0 0 00000
2 93836 097.6980 147.1960 0000000 000.0000 267.3070 15.01920000000000
1 93836U          19310.07638889  .00000000  00000-0  00000-0 0 00000
2 93836 097.6980 147.6150 0000000 000.0000 042.3080 15.01920000000000
1 93836U          19310.27291667  .00000000  00000-0  00000-0 0 00000
2 93836 097.6970 147.8090 0000000 000.0000 023.5580 15.01920000000000
1 93836U          19310.64583333  .00000000  00000-0  00000-0 0 00000
2 93836 097.6970 148.1770 0000000 000.0000 237.3080 15.01920000000000
1 93836U          19311.01041667  .00000000  00000-0  00000-0 0 00000
2 93836 097.6960 148.5360 0000000 000.0000 046.0590 15.01920000000000
1 93836U          19311.36041667  .00000000  00000-0  00000-0 0 00000
2 93836 097.6950 148.8810 0000000 000.0000 136.0590 15.01920000000000
1 93836U          19311.72152778  .00000000  00000-0  00000-0 0 00000
2 93836 097.6950 149.2370 0000000 000.0000 286.0600 15.01920000000000
1 93836U          19311.97083333  .00000000  00000-0  00000-0 0 00000
2 93836 097.6950 149.4830 0000000 000.0000 192.3100 15.01914300000000
1 93836U          19312.19930556  .00000000  00000-0  00000-0 0 00000
2 93836 097.6940 149.7080 0000000 000.0000 346.0600 15.01914300000000
1 93836U          19312.54861111  .00000000  00000-0  00000-0 0 00000
2 93836 097.6940 150.0520 0000000 000.0000 072.3100 15.01914300000000
1 93836U          19312.94375000  .00000000  00000-0  00000-0 0 00000
2 93836 097.6930 150.4420 0000000 000.0000 046.0610 15.01914300000000
1 93836U          19313.19583333  .00000000  00000-0  00000-0 0 00000
2 93836 097.6930 150.6900 0000000 000.0000 327.3110 15.01914300000000
1 93836U          19313.62777778  .00000000  00000-0  00000-0 0 00000
2 93836 097.6920 151.1160 0000000 000.0000 139.8110 15.01914300000000
1 93836U          19313.91805556  .00000000  00000-0  00000-0 0 00000
2 93836 097.6910 151.4020 0000000 000.0000 267.3120 15.01914300000000
1 93836U          19314.28611111  .00000000  00000-0  00000-0 0 00000
2 93836 097.6910 151.7650 0000000 000.0000 094.8120 15.01914300000000
1 93836U          19314.51944444  .00000000  00000-0  00000-0 0 00000
2 93836 097.6900 151.9950 0000000 000.0000 274.8120 15.01914300000000
1 93836U          19314.96319444  .00000000  00000-0  00000-0 0 00000
2 93836 097.6900 152.4320 0000000 000.0000 151.0630 15.01914300000000
1 93836U          19315.30138889  .00000000  00000-0  00000-0 0 00000
2 93836 097.6890 152.7660 0000000 000.0000 177.3130 15.01914300000000
1 93836U          19315.63819444  .00000000  00000-0  00000-0 0 00000
2 93836 097.6890 153.0980 0000000 000.0000 196.0630 15.01914300000000
1 93836U          19315.93125000  .00000000  00000-0  00000-0 0 00000
2 93836 097.6880 153.3870 0000000 000.0000 338.5630 15.01914300000000
1 93836U          19316.19930556  .00000000  00000-0  00000-0 0 00000
2 93836 097.6880 153.6510 0000000 000.0000 346.0640 15.01914300000000
1 93836U          19316.58194444  .00000000  00000-0  00000-0 0 00000
2 93836 097.6870 154.0280 0000000 000.0000 252.3140 15.01914300000000
1 93836U          19316.86944444  .00000000  00000-0  00000-0 0 00000
2 93836 097.6860 154.3110 0000000 000.0000 004.8140 15.01914300000000
1 93836U          19317.29722222  .00000000  00000-0  00000-0 0 00000
2 93836 097.6860 154.7330 0000000 000.0000 154.8150 15.01914300000000
1 93836U          19317.60694444  .00000000  00000-0  00000-0 0 00000
2 93836 097.6850 155.0380 0000000 000.0000 027.3150 15.01914300000000
1 93836U          19317.85416667  .00000000  00000-0  00000-0 0 00000
2 93836 097.6850 155.2820 0000000 000.0000 282.3150 15.01914300000000
1 93836U          19318.30555556  .00000000  00000-0  00000-0 0 00000
2 93836 097.6840 155.7270 0000000 000.0000 199.8150 15.01914300000000
1 93836U          19318.51736111  .00000000  00000-0  00000-0 0 00000
2 93836 097.6840 155.9360 0000000 000.0000 263.5660 15.01914300000000
1 93836U          19318.89583333  .00000000  00000-0  00000-0 0 00000
2 93836 097.6830 156.3090 0000000 000.0000 147.3160 15.01914300000000
1 93836U          19318.96875000  .00000000  00000-0  00000-0 0 00000
2 93836 097.6830 156.3810 0000000 000.0000 181.0660 15.01914300000000
1 93836U          19319.30833333  .00000000  00000-0  00000-0 0 00000
2 93836 097.6820 156.7150 0000000 000.0000 214.8160 15.01914300000000
1 93836U          19319.53472222  .00000000  00000-0  00000-0 0 00000
2 93836 097.6820 156.9390 0000000 000.0000 357.3160 15.01914300000000
1 93836U          19319.89375000  .00000000  00000-0  00000-0 0 00000
2 93836 097.6810 157.2920 0000000 000.0000 136.0670 15.01914300000000
1 93836U          19320.15000000  .00000000  00000-0  00000-0 0 00000
2 93836 097.6810 157.5450 0000000 000.0000 079.8170 15.01914300000000
1 93836U          19320.53750000  .00000000  00000-0  00000-0 0 00000
2 93836 097.6800 157.9270 0000000 000.0000 012.3170 15.01914300000000
1 93836U          19320.92777778  .00000000  00000-0  00000-0 0 00000
2 93836 097.6800 158.3120 0000000 000.0000 319.8170 15.01914300000000
1 93836U          19321.20555556  .00000000  00000-0  00000-0 0 00000
2 93836 097.6790 158.5850 0000000 000.0000 019.8180 15.01914300000000
1 93836U          19321.58402778  .00000000  00000-0  00000-0 0 00000
2 93836 097.6780 158.9590 0000000 000.0000 263.5680 15.01914300000000
1 93836U          19321.95833333  .00000000  00000-0  00000-0 0 00000
2 93836 097.6780 159.3280 0000000 000.0000 124.8180 15.01914300000000
1 93836U          19322.20763889  .00000000  00000-0  00000-0 0 00000
2 93836 097.6770 159.5730 0000000 000.0000 031.0680 15.01914300000000
1 93836U          19322.63472222  .00000000  00000-0  00000-0 0 00000
2 93836 097.6770 159.9940 0000000 000.0000 177.3190 15.01914300000000
1 93836U          19322.86111111  .00000000  00000-0  00000-0 0 00000
2 93836 097.6760 160.2170 0000000 000.0000 319.8190 15.01914300000000
1 93836U          19323.24861111  .00000000  00000-0  00000-0 0 00000
2 93836 097.6750 160.5990 0000000 000.0000 252.3190 15.01914300000000
1 93836U          19323.55069444  .00000000  00000-0  00000-0 0 00000
2 93836 097.6750 160.8970 0000000 000.0000 083.5690 15.01914300000000
1 93836U          19323.92430556  .00000000  00000-0  00000-0 0 00000
2 93836 097.6740 161.2650 0000000 000.0000 301.0690 15.01914300000000
1 93836U          19324.19305556  .00000000  00000-0  00000-0 0 00000
2 93836 097.6740 161.5300 0000000 000.0000 312.3200 15.01914300000000
1 93836U          19324.56250000  .00000000  00000-0  00000-0 0 00000
2 93836 097.6730 161.8940 0000000 000.0000 147.3200 15.01914300000000
1 93836U          19324.88125000  .00000000  00000-0  00000-0 0 00000
2 93836 097.6730 162.2090 0000000 000.0000 068.5700 15.01914300000000
1 93836U          19325.20138889  .00000000  00000-0  00000-0 0 00000
2 93836 097.6720 162.5240 0000000 000.0000 357.3200 15.01914300000000
1 93836U          19325.62152778  .00000000  00000-0  00000-0 0 00000
2 93836 097.6710 162.9380 0000000 000.0000 106.0700 15.01914300000000
1 93836U          19325.86319444  .00000000  00000-0  00000-0 0 00000
2 93836 097.6710 163.1760 0000000 000.0000 331.0710 15.01914300000000
1 93836U          19325.89583333  .00000000  00000-0  00000-0 0 00000
2 93836 097.6710 163.2090 0000000 000.0000 147.3210 15.01914300000000
1 93836U          19326.20902778  .00000000  00000-0  00000-0 0 00000
2 93836 097.6700 163.5170 0000000 000.0000 038.5710 15.01914300000000
1 93836U          19326.50625000  .00000000  00000-0  00000-0 0 00000
2 93836 097.6700 163.8100 0000000 000.0000 203.5710 15.01914300000000
1 93836U          19326.96458333  .00000000  00000-0  00000-0 0 00000
2 93836 097.6690 164.2620 0000000 000.0000 158.5710 15.01914300000000
1 93836U          19327.23125000  .00000000  00000-0  00000-0 0 00000
2 93836 097.6680 164.5250 0000000 000.0000 158.5710 15.01914300000000
1 93836U          19327.50902778  .00000000  00000-0  00000-0 0 00000
2 93836 097.6680 164.7990 0000000 000.0000 218.5710 15.01914300000000
1 93836U          19327.82361111  .00000000  00000-0  00000-0 0 00000
2 93836 097.6670 165.1090 0000000 000.0000 117.3220 15.01914300000000
1 93836U          19328.24930556  .00000000  00000-0  00000-0 0 00000
2 93836 097.6670 165.5280 0000000 000.0000 256.0720 15.01914300000000
1 93836U          19328.61111111  .00000000  00000-0  00000-0 0 00000
2 93836 097.6660 165.8850 0000000 000.0000 049.8220 15.01914300000000
1 93836U          19328.92777778  .00000000  00000-0  00000-0 0 00000
2 93836 097.6650 166.1970 0000000 000.0000 319.8220 15.01914300000000
1 93836U          19329.24513889  .00000000  00000-0  00000-0 0 00000
2 93836 097.6650 166.5100 0000000 000.0000 233.5720 15.01914300000000
1 93836U          19329.48750000  .00000000  00000-0  00000-0 0 00000
2 93836 097.6640 166.7490 0000000 000.0000 102.3220 15.01914300000000
1 93836U          19329.82500000  .00000000  00000-0  00000-0 0 00000
2 93836 097.6640 167.0820 0000000 000.0000 124.8230 15.01914300000000
1 93836U          19330.18680556  .00000000  00000-0  00000-0 0 00000
2 93836 097.6630 167.4380 0000000 000.0000 278.5730 15.01914300000000
1 93836U          19330.55763889  .00000000  00000-0  00000-0 0 00000
2 93836 097.6620 167.8040 0000000 000.0000 121.0730 15.01914300000000
1 93836U          19330.93958333  .00000000  00000-0  00000-0 0 00000
2 93836 097.6620 168.1800 0000000 000.0000 023.5730 15.01914300000000
1 93836U          19331.28472222  .00000000  00000-0  00000-0 0 00000
2 93836 097.6610 168.5200 0000000 000.0000 087.3230 15.01914300000000
1 93836U          19331.57916667  .00000000  00000-0  00000-0 0 00000
2 93836 097.6610 168.8110 0000000 000.0000 237.3230 15.01914300000000
1 93836U          19331.93402778  .00000000  00000-0  00000-0 0 00000
2 93836 097.6600 169.1600 0000000 000.0000 353.5730 15.01914300000000
1 93836U          19332.24791667  .00000000  00000-0  00000-0 0 00000
2 93836 097.6590 169.4700 0000000 000.0000 248.5740 15.01914300000000
1 93836U          19332.51805556  .00000000  00000-0  00000-0 0 00000
2 93836 097.6590 169.7360 0000000 000.0000 267.3240 15.01914300000000
1 93836U          19332.89583333  .00000000  00000-0  00000-0 0 00000
2 93836 097.6580 170.1080 0000000 000.0000 147.3240 15.01914300000000
