1 09594U          19281.92430556  .00000000  00000-0  00000-0 0 00000
2 09594 097.6560 171.299  0000000 000.0000 355.9290 15.01920000000000
1 09594U          19282.36111111  .00000000  00000-0  00000-0 0 00000
2 09594 097.6550 171.729  0000000 000.0000 194.6800 15.01920000000000
1 09594U          19282.70486111  .00000000  00000-0  00000-0 0 00000
2 09594 097.6540 172.068  0000000 000.0000 250.9300 15.01920000000000
1 09594U          19282.92152778  .00000000  00000-0  00000-0 0 00000
2 09594 097.6540 172.282  0000000 000.0000 340.9300 15.01920000000000
1 09594U          19283.40000000  .00000000  00000-0  00000-0 0 00000
2 09594 097.6530 172.753  0000000 000.0000 044.6800 15.01920000000000
1 09594U          19283.61944444  .00000000  00000-0  00000-0 0 00000
2 09594 097.6530 172.970  0000000 000.0000 149.6800 15.01920000000000
1 09594U          19283.97916667  .00000000  00000-0  00000-0 0 00000
2 09594 097.6520 173.324  0000000 000.0000 292.1800 15.01920000000000
1 09594U          19284.34861111  .00000000  00000-0  00000-0 0 00000
2 09594 097.6510 173.688  0000000 000.0000 127.1800 15.01920000000000
1 09594U          19284.74375000  .00000000  00000-0  00000-0 0 00000
2 09594 097.6510 174.078  0000000 000.0000 100.9300 15.01920000000000
1 09594U          19284.94791667  .00000000  00000-0  00000-0 0 00000
2 09594 097.6500 174.279  0000000 000.0000 123.4300 15.01920000000000
1 09594U          19285.34930556  .00000000  00000-0  00000-0 0 00000
2 09594 097.6500 174.675  0000000 000.0000 130.9300 15.01920000000000
1 09594U          19285.61111111  .00000000  00000-0  00000-0 0 00000
2 09594 097.6490 174.933  0000000 000.0000 104.6800 15.01920000000000
1 09594U          19286.04652778  .00000000  00000-0  00000-0 0 00000
2 09594 097.6480 175.362  0000000 000.0000 295.9300 15.01920000000000
1 09594U          19286.30416667  .00000000  00000-0  00000-0 0 00000
2 09594 097.6480 175.616  0000000 000.0000 247.1800 15.01920000000000
1 09594U          19286.60763889  .00000000  00000-0  00000-0 0 00000
2 09594 097.6470 175.915  0000000 000.0000 085.9300 15.01920000000000
1 09594U          19287.00138889  .00000000  00000-0  00000-0 0 00000
2 09594 097.6470 176.303  0000000 000.0000 052.1810 15.01920000000000
1 09594U          19287.30902778  .00000000  00000-0  00000-0 0 00000
2 09594 097.6460 176.606  0000000 000.0000 273.4310 15.01920000000000
1 09594U          19287.61180556  .00000000  00000-0  00000-0 0 00000
2 09594 097.6450 176.905  0000000 000.0000 108.4310 15.01920000000000
1 09594U          19288.02291667  .00000000  00000-0  00000-0 0 00000
2 09594 097.6450 177.310  0000000 000.0000 168.4310 15.01920000000000
1 09594U          19288.37500000  .00000000  00000-0  00000-0 0 00000
2 09594 097.6440 177.657  0000000 000.0000 269.6810 15.01920000000000
1 09594U          19288.74027778  .00000000  00000-0  00000-0 0 00000
2 09594 097.6430 178.017  0000000 000.0000 082.1810 15.01920000000000
1 09594U          19289.04444444  .00000000  00000-0  00000-0 0 00000
2 09594 097.6430 178.317  0000000 000.0000 284.6810 15.01920000000000
1 09594U          19289.38819444  .00000000  00000-0  00000-0 0 00000
2 09594 097.6420 178.656  0000000 000.0000 340.9310 15.01920000000000
1 09594U          19289.69583333  .00000000  00000-0  00000-0 0 00000
2 09594 097.6410 178.959  0000000 000.0000 202.1810 15.01920000000000
1 09594U          19290.04861111  .00000000  00000-0  00000-0 0 00000
2 09594 097.6410 179.306  0000000 000.0000 307.1810 15.01920000000000
1 09594U          19290.35972222  .00000000  00000-0  00000-0 0 00000
2 09594 097.6400 179.613  0000000 000.0000 187.1810 15.01920000000000
1 09594U          19290.67847222  .00000000  00000-0  00000-0 0 00000
2 09594 097.6400 179.927  0000000 000.0000 108.4310 15.01920000000000
1 09594U          19291.06041667  .00000000  00000-0  00000-0 0 00000
2 09594 097.6390 180.304  0000000 000.0000 010.9310 15.01920000000000
1 09594U          19291.38263889  .00000000  00000-0  00000-0 0 00000
2 09594 097.6380 180.621  0000000 000.0000 310.9310 15.01920000000000
1 09594U          19291.64305556  .00000000  00000-0  00000-0 0 00000
2 09594 097.6380 180.878  0000000 000.0000 277.1810 15.01920000000000
1 09594U          19292.05000000  .00000000  00000-0  00000-0 0 00000
2 09594 097.6370 181.279  0000000 000.0000 314.6810 15.01920000000000
1 09594U          19292.36805556  .00000000  00000-0  00000-0 0 00000
2 09594 097.6370 181.592  0000000 000.0000 232.1810 15.01920000000000
1 09594U          19292.65208333  .00000000  00000-0  00000-0 0 00000
2 09594 097.6360 181.872  0000000 000.0000 325.9310 15.01920000000000
1 09594U          19292.94722222  .00000000  00000-0  00000-0 0 00000
2 09594 097.6350 182.163  0000000 000.0000 119.6810 15.01920000000000
1 09594U          19293.32430556  .00000000  00000-0  00000-0 0 00000
2 09594 097.6350 182.535  0000000 000.0000 355.9310 15.01920000000000
1 09594U          19293.63194444  .00000000  00000-0  00000-0 0 00000
2 09594 097.6340 182.838  0000000 000.0000 217.1810 15.01920000000000
1 09594U          19294.05000000  .00000000  00000-0  00000-0 0 00000
2 09594 097.6330 183.250  0000000 000.0000 314.6810 15.01920000000000
1 09594U          19294.36388889  .00000000  00000-0  00000-0 0 00000
2 09594 097.6330 183.560  0000000 000.0000 209.6810 15.01920000000000
1 09594U          19294.68472222  .00000000  00000-0  00000-0 0 00000
2 09594 097.6320 183.876  0000000 000.0000 142.1810 15.01920000000000
1 09594U          19295.07013889  .00000000  00000-0  00000-0 0 00000
2 09594 097.6320 184.256  0000000 000.0000 063.4310 15.01920000000000
1 09594U          19295.28055556  .00000000  00000-0  00000-0 0 00000
2 09594 097.6310 184.463  0000000 000.0000 119.6810 15.01920000000000
1 09594U          19295.60000000  .00000000  00000-0  00000-0 0 00000
2 09594 097.6310 184.778  0000000 000.0000 044.6810 15.01920000000000
1 09594U          19295.92222222  .00000000  00000-0  00000-0 0 00000
2 09594 097.6300 185.095  0000000 000.0000 344.6810 15.01920000000000
1 09594U          19296.38750000  .00000000  00000-0  00000-0 0 00000
2 09594 097.6290 185.554  0000000 000.0000 337.1810 15.01920000000000
1 09594U          19296.62083333  .00000000  00000-0  00000-0 0 00000
2 09594 097.6290 185.784  0000000 000.0000 157.1800 15.01920000000000
1 09594U          19296.99861111  .00000000  00000-0  00000-0 0 00000
2 09594 097.6280 186.156  0000000 000.0000 037.1800 15.01920000000000
1 09594U          19297.39027778  .00000000  00000-0  00000-0 0 00000
2 09594 097.6270 186.542  0000000 000.0000 352.1800 15.01920000000000
1 09594U          19297.69791667  .00000000  00000-0  00000-0 0 00000
2 09594 097.6270 186.846  0000000 000.0000 213.4300 15.01920000000000
1 09594U          19298.04097222  .00000000  00000-0  00000-0 0 00000
2 09594 097.6260 187.184  0000000 000.0000 265.9300 15.01920000000000
1 09594U          19298.33125000  .00000000  00000-0  00000-0 0 00000
2 09594 097.6250 187.470  0000000 000.0000 033.4300 15.01920000000000
1 09594U          19298.74583333  .00000000  00000-0  00000-0 0 00000
2 09594 097.6250 187.878  0000000 000.0000 112.1800 15.01920000000000
1 09594U          19298.95833333  .00000000  00000-0  00000-0 0 00000
2 09594 097.6240 188.088  0000000 000.0000 179.6800 15.01920000000000
1 09594U          19299.35416667  .00000000  00000-0  00000-0 0 00000
2 09594 097.6240 188.478  0000000 000.0000 157.1800 15.01920000000000
1 09594U          19299.73263889  .00000000  00000-0  00000-0 0 00000
2 09594 097.6230 188.851  0000000 000.0000 040.9300 15.01920000000000
1 09594U          19299.93819444  .00000000  00000-0  00000-0 0 00000
2 09594 097.6230 189.053  0000000 000.0000 070.9300 15.01920000000000
1 09594U          19300.34861111  .00000000  00000-0  00000-0 0 00000
2 09594 097.6220 189.458  0000000 000.0000 127.1800 15.01920000000000
1 09594U          19300.60763889  .00000000  00000-0  00000-0 0 00000
2 09594 097.6210 189.713  0000000 000.0000 085.9300 15.01920000000000
1 09594U          19300.95972222  .00000000  00000-0  00000-0 0 00000
2 09594 097.6210 190.060  0000000 000.0000 187.1790 15.01920000000000
1 09594U          19301.32777778  .00000000  00000-0  00000-0 0 00000
2 09594 097.6200 190.423  0000000 000.0000 014.6790 15.01920000000000
1 09594U          19301.64722222  .00000000  00000-0  00000-0 0 00000
2 09594 097.6190 190.738  0000000 000.0000 299.6790 15.01920000000000
1 09594U          19302.06527778  .00000000  00000-0  00000-0 0 00000
2 09594 097.6190 191.150  0000000 000.0000 037.1790 15.01920000000000
1 09594U          19302.26666667  .00000000  00000-0  00000-0 0 00000
2 09594 097.6180 191.348  0000000 000.0000 044.6790 15.01920000000000
1 09594U          19302.67847222  .00000000  00000-0  00000-0 0 00000
2 09594 097.6180 191.754  0000000 000.0000 108.4290 15.01920000000000
1 09594U          19302.92638889  .00000000  00000-0  00000-0 0 00000
2 09594 097.6170 191.999  0000000 000.0000 007.1790 15.01920000000000
1 09594U          19303.40000000  .00000000  00000-0  00000-0 0 00000
2 09594 097.6160 192.465  0000000 000.0000 044.6790 15.01920000000000
1 09594U          19303.69583333  .00000000  00000-0  00000-0 0 00000
2 09594 097.6160 192.757  0000000 000.0000 202.1790 15.01920000000000
1 09594U          19304.05833333  .00000000  00000-0  00000-0 0 00000
2 09594 097.6150 193.114  0000000 000.0000 359.6780 15.01920000000000
1 09594U          19304.38402778  .00000000  00000-0  00000-0 0 00000
2 09594 097.6140 193.435  0000000 000.0000 318.4280 15.01920000000000
1 09594U          19304.69791667  .00000000  00000-0  00000-0 0 00000
2 09594 097.6140 193.744  0000000 000.0000 213.4280 15.01920000000000
1 09594U          19305.06111111  .00000000  00000-0  00000-0 0 00000
2 09594 097.6130 194.102  0000000 000.0000 014.6780 15.01920000000000
1 09594U          19305.30972222  .00000000  00000-0  00000-0 0 00000
2 09594 097.6130 194.347  0000000 000.0000 277.1780 15.01920000000000
1 09594U          19305.58819444  .00000000  00000-0  00000-0 0 00000
2 09594 097.6120 194.622  0000000 000.0000 340.9280 15.01920000000000
1 09594U          19305.95277778  .00000000  00000-0  00000-0 0 00000
2 09594 097.6120 194.981  0000000 000.0000 149.6780 15.01920000000000
1 09594U          19306.41666667  .00000000  00000-0  00000-0 0 00000
2 09594 097.6110 195.438  0000000 000.0000 134.6770 15.01920000000000
1 09594U          19306.59583333  .00000000  00000-0  00000-0 0 00000
2 09594 097.6100 195.615  0000000 000.0000 022.1770 15.01920000000000
1 09594U          19307.05833333  .00000000  00000-0  00000-0 0 00000
2 09594 097.6100 196.071  0000000 000.0000 359.6770 15.01920000000000
1 09594U          19307.25902778  .00000000  00000-0  00000-0 0 00000
2 09594 097.6090 196.269  0000000 000.0000 003.4270 15.01920000000000
1 09594U          19307.64652778  .00000000  00000-0  00000-0 0 00000
2 09594 097.6090 196.650  0000000 000.0000 295.9270 15.01920000000000
1 09594U          19308.06875000  .00000000  00000-0  00000-0 0 00000
2 09594 097.6080 197.067  0000000 000.0000 055.9270 15.01920000000000
1 09594U          19308.32291667  .00000000  00000-0  00000-0 0 00000
2 09594 097.6070 197.317  0000000 000.0000 348.4260 15.01920000000000
1 09594U          19308.70625000  .00000000  00000-0  00000-0 0 00000
2 09594 097.6070 197.695  0000000 000.0000 258.4260 15.01920000000000
1 09594U          19308.96944444  .00000000  00000-0  00000-0 0 00000
2 09594 097.6060 197.954  0000000 000.0000 239.6760 15.01920000000000
1 09594U          19309.29652778  .00000000  00000-0  00000-0 0 00000
2 09594 097.6060 198.277  0000000 000.0000 205.9260 15.01920000000000
1 09594U          19309.74166667  .00000000  00000-0  00000-0 0 00000
2 09594 097.6050 198.715  0000000 000.0000 089.6760 15.01920000000000
1 09594U          19310.06388889  .00000000  00000-0  00000-0 0 00000
2 09594 097.6040 199.033  0000000 000.0000 029.6750 15.01920000000000
1 09594U          19310.30972222  .00000000  00000-0  00000-0 0 00000
2 09594 097.6040 199.275  0000000 000.0000 277.1750 15.01920000000000
1 09594U          19310.68541667  .00000000  00000-0  00000-0 0 00000
2 09594 097.6030 199.645  0000000 000.0000 145.9250 15.01920000000000
1 09594U          19310.94583333  .00000000  00000-0  00000-0 0 00000
2 09594 097.6030 199.902  0000000 000.0000 112.1750 15.01920000000000
1 09594U          19311.30625000  .00000000  00000-0  00000-0 0 00000
2 09594 097.6020 200.257  0000000 000.0000 258.4250 15.01920000000000
1 09594U          19311.62083333  .00000000  00000-0  00000-0 0 00000
2 09594 097.6020 200.567  0000000 000.0000 157.1740 15.01920000000000
1 09594U          19311.89583333  .00000000  00000-0  00000-0 0 00000
2 09594 097.6010 200.838  0000000 000.0000 202.1740 15.01914300000000
1 09594U          19312.21597222  .00000000  00000-0  00000-0 0 00000
2 09594 097.6010 201.154  0000000 000.0000 130.9240 15.01914300000000
1 09594U          19312.61041667  .00000000  00000-0  00000-0 0 00000
2 09594 097.6000 201.542  0000000 000.0000 100.9240 15.01914300000000
1 09594U          19312.89375000  .00000000  00000-0  00000-0 0 00000
2 09594 097.5990 201.822  0000000 000.0000 190.9240 15.01914300000000
1 09594U          19313.17916667  .00000000  00000-0  00000-0 0 00000
2 09594 097.5990 202.103  0000000 000.0000 292.1730 15.01914300000000
1 09594U          19313.62083333  .00000000  00000-0  00000-0 0 00000
2 09594 097.5980 202.538  0000000 000.0000 157.1730 15.01914300000000
1 09594U          19313.86597222  .00000000  00000-0  00000-0 0 00000
2 09594 097.5980 202.780  0000000 000.0000 040.9230 15.01914300000000
1 09594U          19314.29027778  .00000000  00000-0  00000-0 0 00000
2 09594 097.5970 203.198  0000000 000.0000 172.1730 15.01914300000000
1 09594U          19314.53263889  .00000000  00000-0  00000-0 0 00000
2 09594 097.5970 203.437  0000000 000.0000 040.9230 15.01914300000000
1 09594U          19314.89652778  .00000000  00000-0  00000-0 0 00000
2 09594 097.5960 203.795  0000000 000.0000 205.9220 15.01914300000000
1 09594U          19315.23194444  .00000000  00000-0  00000-0 0 00000
2 09594 097.5950 204.126  0000000 000.0000 217.1720 15.01914300000000
1 09594U          19315.63472222  .00000000  00000-0  00000-0 0 00000
2 09594 097.5950 204.523  0000000 000.0000 232.1720 15.01914300000000
1 09594U          19315.87708333  .00000000  00000-0  00000-0 0 00000
2 09594 097.5940 204.762  0000000 000.0000 100.9220 15.01914300000000
1 09594U          19316.30486111  .00000000  00000-0  00000-0 0 00000
2 09594 097.5940 205.183  0000000 000.0000 250.9210 15.01914300000000
1 09594U          19316.59861111  .00000000  00000-0  00000-0 0 00000
2 09594 097.5930 205.473  0000000 000.0000 037.1710 15.01914300000000
1 09594U          19316.88333333  .00000000  00000-0  00000-0 0 00000
2 09594 097.5930 205.753  0000000 000.0000 134.6710 15.01914300000000
1 09594U          19317.17083333  .00000000  00000-0  00000-0 0 00000
2 09594 097.5920 206.037  0000000 000.0000 247.1710 15.01914300000000
1 09594U          19317.56458333  .00000000  00000-0  00000-0 0 00000
2 09594 097.5910 206.425  0000000 000.0000 213.4200 15.01914300000000
1 09594U          19317.85833333  .00000000  00000-0  00000-0 0 00000
2 09594 097.5910 206.714  0000000 000.0000 359.6700 15.01914300000000
1 09594U          19318.20069444  .00000000  00000-0  00000-0 0 00000
2 09594 097.5900 207.052  0000000 000.0000 048.4200 15.01914300000000
1 09594U          19318.60902778  .00000000  00000-0  00000-0 0 00000
2 09594 097.5900 207.454  0000000 000.0000 093.4190 15.01914300000000
1 09594U          19318.89583333  .00000000  00000-0  00000-0 0 00000
2 09594 097.5890 207.737  0000000 000.0000 202.1690 15.01914300000000
1 09594U          19318.89583333  .00000000  00000-0  00000-0 0 00000
2 09594 097.5890 207.737  0000000 000.0000 202.1690 15.01914300000000
1 09594U          19319.16319444  .00000000  00000-0  00000-0 0 00000
2 09594 097.5890 208.000  0000000 000.0000 205.9190 15.01914300000000
1 09594U          19319.56041667  .00000000  00000-0  00000-0 0 00000
2 09594 097.5880 208.392  0000000 000.0000 190.9190 15.01914300000000
1 09594U          19319.89861111  .00000000  00000-0  00000-0 0 00000
2 09594 097.5880 208.725  0000000 000.0000 217.1680 15.01914300000000
1 09594U          19320.25138889  .00000000  00000-0  00000-0 0 00000
2 09594 097.5870 209.073  0000000 000.0000 322.1680 15.01914300000000
1 09594U          19320.53194444  .00000000  00000-0  00000-0 0 00000
2 09594 097.5870 209.349  0000000 000.0000 037.1680 15.01914300000000
1 09594U          19320.92777778  .00000000  00000-0  00000-0 0 00000
2 09594 097.5860 209.739  0000000 000.0000 014.6670 15.01914300000000
1 09594U          19321.14930556  .00000000  00000-0  00000-0 0 00000
2 09594 097.5860 209.958  0000000 000.0000 130.9170 15.01914300000000
1 09594U          19321.50486111  .00000000  00000-0  00000-0 0 00000
2 09594 097.5850 210.308  0000000 000.0000 250.9170 15.01914300000000
1 09594U          19321.85347222  .00000000  00000-0  00000-0 0 00000
2 09594 097.5850 210.651  0000000 000.0000 333.4160 15.01914300000000
1 09594U          19322.24791667  .00000000  00000-0  00000-0 0 00000
2 09594 097.5840 211.040  0000000 000.0000 303.4160 15.01914300000000
1 09594U          19322.51458333  .00000000  00000-0  00000-0 0 00000
2 09594 097.5830 211.303  0000000 000.0000 303.4160 15.01914300000000
1 09594U          19322.84791667  .00000000  00000-0  00000-0 0 00000
2 09594 097.5830 211.631  0000000 000.0000 303.4160 15.01914300000000
1 09594U          19323.30694444  .00000000  00000-0  00000-0 0 00000
2 09594 097.5820 212.084  0000000 000.0000 262.1650 15.01914300000000
1 09594U          19323.63819444  .00000000  00000-0  00000-0 0 00000
2 09594 097.5820 212.410  0000000 000.0000 250.9150 15.01914300000000
1 09594U          19323.81388889  .00000000  00000-0  00000-0 0 00000
2 09594 097.5810 212.583  0000000 000.0000 119.6650 15.01914300000000
1 09594U          19324.23194444  .00000000  00000-0  00000-0 0 00000
2 09594 097.5810 212.995  0000000 000.0000 217.1640 15.01914300000000
1 09594U          19324.55138889  .00000000  00000-0  00000-0 0 00000
2 09594 097.5800 213.310  0000000 000.0000 142.1640 15.01914300000000
1 09594U          19324.91805556  .00000000  00000-0  00000-0 0 00000
2 09594 097.5800 213.672  0000000 000.0000 322.1640 15.01914300000000
1 09594U          19325.15902778  .00000000  00000-0  00000-0 0 00000
2 09594 097.5790 213.909  0000000 000.0000 183.4130 15.01914300000000
1 09594U          19325.52777778  .00000000  00000-0  00000-0 0 00000
2 09594 097.5790 214.272  0000000 000.0000 014.6630 15.01914300000000
1 09594U          19325.89305556  .00000000  00000-0  00000-0 0 00000
2 09594 097.5780 214.632  0000000 000.0000 187.1630 15.01914300000000
1 09594U          19325.93888889  .00000000  00000-0  00000-0 0 00000
2 09594 097.5780 214.678  0000000 000.0000 074.6620 15.01914300000000
1 09594U          19326.28194444  .00000000  00000-0  00000-0 0 00000
2 09594 097.5780 215.016  0000000 000.0000 127.1620 15.01914300000000
1 09594U          19326.64236111  .00000000  00000-0  00000-0 0 00000
2 09594 097.5770 215.371  0000000 000.0000 273.4120 15.01914300000000
1 09594U          19326.94305556  .00000000  00000-0  00000-0 0 00000
2 09594 097.5770 215.667  0000000 000.0000 097.1610 15.01914300000000
1 09594U          19327.18055556  .00000000  00000-0  00000-0 0 00000
2 09594 097.5760 215.901  0000000 000.0000 299.6610 15.01914300000000
1 09594U          19327.48819444  .00000000  00000-0  00000-0 0 00000
2 09594 097.5760 216.204  0000000 000.0000 160.9110 15.01914300000000
1 09594U          19327.88055556  .00000000  00000-0  00000-0 0 00000
2 09594 097.5750 216.591  0000000 000.0000 119.6600 15.01914300000000
1 09594U          19328.16458333  .00000000  00000-0  00000-0 0 00000
2 09594 097.5750 216.871  0000000 000.0000 213.4100 15.01914300000000
1 09594U          19328.52361111  .00000000  00000-0  00000-0 0 00000
2 09594 097.5740 217.225  0000000 000.0000 352.1600 15.01914300000000
1 09594U          19328.91736111  .00000000  00000-0  00000-0 0 00000
2 09594 097.5740 217.613  0000000 000.0000 318.4090 15.01914300000000
1 09594U          19329.17083333  .00000000  00000-0  00000-0 0 00000
2 09594 097.5730 217.862  0000000 000.0000 247.1590 15.01914300000000
1 09594U          19329.61944444  .00000000  00000-0  00000-0 0 00000
2 09594 097.5730 218.305  0000000 000.0000 149.6580 15.01914300000000
1 09594U          19329.85138889  .00000000  00000-0  00000-0 0 00000
2 09594 097.5720 218.533  0000000 000.0000 322.1580 15.01914300000000
1 09594U          19330.16319444  .00000000  00000-0  00000-0 0 00000
2 09594 097.5720 218.840  0000000 000.0000 205.9080 15.01914300000000
1 09594U          19330.56527778  .00000000  00000-0  00000-0 0 00000
2 09594 097.5710 219.237  0000000 000.0000 217.1570 15.01914300000000
1 09594U          19330.87777778  .00000000  00000-0  00000-0 0 00000
2 09594 097.5710 219.545  0000000 000.0000 104.6570 15.01914300000000
1 09594U          19331.30694444  .00000000  00000-0  00000-0 0 00000
2 09594 097.5700 219.968  0000000 000.0000 262.1570 15.01914300000000
1 09594U          19331.56041667  .00000000  00000-0  00000-0 0 00000
2 09594 097.5700 220.217  0000000 000.0000 190.9060 15.01914300000000
1 09594U          19331.92916667  .00000000  00000-0  00000-0 0 00000
2 09594 097.5690 220.581  0000000 000.0000 022.1560 15.01914300000000
1 09594U          19332.22916667  .00000000  00000-0  00000-0 0 00000
2 09594 097.5690 220.876  0000000 000.0000 202.1550 15.01914300000000
1 09594U          19332.59166667  .00000000  00000-0  00000-0 0 00000
2 09594 097.5680 221.234  0000000 000.0000 359.6550 15.01914300000000
1 09594U          19332.88819444  .00000000  00000-0  00000-0 0 00000
2 09594 097.5680 221.526  0000000 000.0000 160.9050 15.01914300000000
