1 95991U          19281.96805556  .00000000  00000-0  00000-0 0 00000
2 95991 097.6560 171.3420 0000000 000.0000 088.1790 15.01920000000000
1 95991U          19282.36666667  .00000000  00000-0  00000-0 0 00000
2 95991 097.6550 171.7350 0000000 000.0000 080.6800 15.01920000000000
1 95991U          19282.74583333  .00000000  00000-0  00000-0 0 00000
2 95991 097.6540 172.1090 0000000 000.0000 328.1800 15.01920000000000
1 95991U          19282.96597222  .00000000  00000-0  00000-0 0 00000
2 95991 097.6540 172.3260 0000000 000.0000 076.9300 15.01920000000000
1 95991U          19283.34861111  .00000000  00000-0  00000-0 0 00000
2 95991 097.6530 172.7030 0000000 000.0000 343.1800 15.01920000000000
1 95991U          19283.61875000  .00000000  00000-0  00000-0 0 00000
2 95991 097.6530 172.9690 0000000 000.0000 001.9300 15.01920000000000
1 95991U          19283.94166667  .00000000  00000-0  00000-0 0 00000
2 95991 097.6520 173.2870 0000000 000.0000 305.6800 15.01920000000000
1 95991U          19284.25555556  .00000000  00000-0  00000-0 0 00000
2 95991 097.6520 173.5970 0000000 000.0000 200.6800 15.01920000000000
1 95991U          19284.64375000  .00000000  00000-0  00000-0 0 00000
2 95991 097.6510 173.9790 0000000 000.0000 136.9300 15.01920000000000
1 95991U          19285.01388889  .00000000  00000-0  00000-0 0 00000
2 95991 097.6500 174.3440 0000000 000.0000 335.6800 15.01920000000000
1 95991U          19285.37361111  .00000000  00000-0  00000-0 0 00000
2 95991 097.6500 174.6990 0000000 000.0000 118.1800 15.01920000000000
1 95991U          19285.65277778  .00000000  00000-0  00000-0 0 00000
2 95991 097.6490 174.9740 0000000 000.0000 185.6800 15.01920000000000
1 95991U          19285.99166667  .00000000  00000-0  00000-0 0 00000
2 95991 097.6480 175.3080 0000000 000.0000 215.6800 15.01920000000000
1 95991U          19286.38263889  .00000000  00000-0  00000-0 0 00000
2 95991 097.6480 175.6930 0000000 000.0000 166.9300 15.01920000000000
1 95991U          19286.70416667  .00000000  00000-0  00000-0 0 00000
2 95991 097.6470 176.0100 0000000 000.0000 103.1810 15.01920000000000
1 95991U          19286.95416667  .00000000  00000-0  00000-0 0 00000
2 95991 097.6470 176.2570 0000000 000.0000 013.1810 15.01920000000000
1 95991U          19287.36736111  .00000000  00000-0  00000-0 0 00000
2 95991 097.6460 176.6640 0000000 000.0000 084.4310 15.01920000000000
1 95991U          19287.74930556  .00000000  00000-0  00000-0 0 00000
2 95991 097.6450 177.0400 0000000 000.0000 346.9310 15.01920000000000
1 95991U          19287.95902778  .00000000  00000-0  00000-0 0 00000
2 95991 097.6450 177.2470 0000000 000.0000 039.4310 15.01920000000000
1 95991U          19288.30000000  .00000000  00000-0  00000-0 0 00000
2 95991 097.6440 177.5830 0000000 000.0000 080.6810 15.01920000000000
1 95991U          19288.71319444  .00000000  00000-0  00000-0 0 00000
2 95991 097.6430 177.9900 0000000 000.0000 151.9310 15.01920000000000
1 95991U          19289.04027778  .00000000  00000-0  00000-0 0 00000
2 95991 097.6430 178.3130 0000000 000.0000 118.1810 15.01920000000000
1 95991U          19289.36458333  .00000000  00000-0  00000-0 0 00000
2 95991 097.6420 178.6320 0000000 000.0000 069.4310 15.01920000000000
1 95991U          19289.58680556  .00000000  00000-0  00000-0 0 00000
2 95991 097.6420 178.8510 0000000 000.0000 189.4310 15.01920000000000
1 95991U          19290.03819444  .00000000  00000-0  00000-0 0 00000
2 95991 097.6410 179.2960 0000000 000.0000 106.9310 15.01920000000000
1 95991U          19290.37013889  .00000000  00000-0  00000-0 0 00000
2 95991 097.6400 179.6230 0000000 000.0000 099.4310 15.01920000000000
1 95991U          19290.66736111  .00000000  00000-0  00000-0 0 00000
2 95991 097.6400 179.9160 0000000 000.0000 264.4310 15.01920000000000
1 95991U          19290.96875000  .00000000  00000-0  00000-0 0 00000
2 95991 097.6390 180.2130 0000000 000.0000 091.9310 15.01920000000000
1 95991U          19291.32916667  .00000000  00000-0  00000-0 0 00000
2 95991 097.6380 180.5690 0000000 000.0000 238.1810 15.01920000000000
1 95991U          19291.67291667  .00000000  00000-0  00000-0 0 00000
2 95991 097.6380 180.9070 0000000 000.0000 294.4310 15.01920000000000
1 95991U          19292.03611111  .00000000  00000-0  00000-0 0 00000
2 95991 097.6370 181.2650 0000000 000.0000 095.6810 15.01920000000000
1 95991U          19292.39444444  .00000000  00000-0  00000-0 0 00000
2 95991 097.6360 181.6190 0000000 000.0000 230.6810 15.01920000000000
1 95991U          19292.70625000  .00000000  00000-0  00000-0 0 00000
2 95991 097.6360 181.9260 0000000 000.0000 114.4310 15.01920000000000
1 95991U          19293.07291667  .00000000  00000-0  00000-0 0 00000
2 95991 097.6350 182.2870 0000000 000.0000 294.4310 15.01920000000000
1 95991U          19293.27013889  .00000000  00000-0  00000-0 0 00000
2 95991 097.6350 182.4820 0000000 000.0000 279.4310 15.01920000000000
1 95991U          19293.60833333  .00000000  00000-0  00000-0 0 00000
2 95991 097.6340 182.8150 0000000 000.0000 305.6810 15.01920000000000
1 95991U          19293.96597222  .00000000  00000-0  00000-0 0 00000
2 95991 097.6340 183.1670 0000000 000.0000 076.9310 15.01920000000000
1 95991U          19294.25208333  .00000000  00000-0  00000-0 0 00000
2 95991 097.6330 183.4490 0000000 000.0000 181.9310 15.01920000000000
1 95991U          19294.59166667  .00000000  00000-0  00000-0 0 00000
2 95991 097.6320 183.7840 0000000 000.0000 215.6810 15.01920000000000
1 95991U          19294.98819444  .00000000  00000-0  00000-0 0 00000
2 95991 097.6320 184.1750 0000000 000.0000 196.9310 15.01920000000000
1 95991U          19295.30347222  .00000000  00000-0  00000-0 0 00000
2 95991 097.6310 184.4860 0000000 000.0000 099.4310 15.01920000000000
1 95991U          19295.73958333  .00000000  00000-0  00000-0 0 00000
2 95991 097.6300 184.9150 0000000 000.0000 294.4310 15.01920000000000
1 95991U          19295.98611111  .00000000  00000-0  00000-0 0 00000
2 95991 097.6300 185.1580 0000000 000.0000 185.6810 15.01920000000000
1 95991U          19296.40486111  .00000000  00000-0  00000-0 0 00000
2 95991 097.6290 185.5710 0000000 000.0000 286.9310 15.01920000000000
1 95991U          19296.62777778  .00000000  00000-0  00000-0 0 00000
2 95991 097.6290 185.7910 0000000 000.0000 050.6800 15.01920000000000
1 95991U          19296.92152778  .00000000  00000-0  00000-0 0 00000
2 95991 097.6280 186.0800 0000000 000.0000 196.9300 15.01920000000000
1 95991U          19297.25833333  .00000000  00000-0  00000-0 0 00000
2 95991 097.6270 186.4120 0000000 000.0000 215.6800 15.01920000000000
1 95991U          19297.70694444  .00000000  00000-0  00000-0 0 00000
2 95991 097.6270 186.8540 0000000 000.0000 118.1800 15.01920000000000
1 95991U          19297.94236111  .00000000  00000-0  00000-0 0 00000
2 95991 097.6260 187.0860 0000000 000.0000 309.4300 15.01920000000000
1 95991U          19298.30555556  .00000000  00000-0  00000-0 0 00000
2 95991 097.6260 187.4440 0000000 000.0000 110.6800 15.01920000000000
1 95991U          19298.66666667  .00000000  00000-0  00000-0 0 00000
2 95991 097.6250 187.8000 0000000 000.0000 260.6800 15.01920000000000
1 95991U          19299.04375000  .00000000  00000-0  00000-0 0 00000
2 95991 097.6240 188.1720 0000000 000.0000 136.9300 15.01920000000000
1 95991U          19299.39861111  .00000000  00000-0  00000-0 0 00000
2 95991 097.6240 188.5220 0000000 000.0000 253.1800 15.01920000000000
1 95991U          19299.63819444  .00000000  00000-0  00000-0 0 00000
2 95991 097.6230 188.7580 0000000 000.0000 106.9300 15.01920000000000
1 95991U          19299.92916667  .00000000  00000-0  00000-0 0 00000
2 95991 097.6230 189.0450 0000000 000.0000 238.1800 15.01920000000000
1 95991U          19300.25069444  .00000000  00000-0  00000-0 0 00000
2 95991 097.6220 189.3610 0000000 000.0000 174.4300 15.01920000000000
1 95991U          19300.63194444  .00000000  00000-0  00000-0 0 00000
2 95991 097.6210 189.7370 0000000 000.0000 073.1800 15.01920000000000
1 95991U          19300.91805556  .00000000  00000-0  00000-0 0 00000
2 95991 097.6210 190.0190 0000000 000.0000 178.1790 15.01920000000000
1 95991U          19301.40486111  .00000000  00000-0  00000-0 0 00000
2 95991 097.6200 190.4990 0000000 000.0000 286.9290 15.01920000000000
1 95991U          19301.63194444  .00000000  00000-0  00000-0 0 00000
2 95991 097.6190 190.7230 0000000 000.0000 073.1790 15.01920000000000
1 95991U          19302.07083333  .00000000  00000-0  00000-0 0 00000
2 95991 097.6190 191.1550 0000000 000.0000 283.1790 15.01920000000000
1 95991U          19302.36597222  .00000000  00000-0  00000-0 0 00000
2 95991 097.6180 191.4460 0000000 000.0000 076.9290 15.01920000000000
1 95991U          19302.59791667  .00000000  00000-0  00000-0 0 00000
2 95991 097.6180 191.6750 0000000 000.0000 249.4290 15.01920000000000
1 95991U          19303.06666667  .00000000  00000-0  00000-0 0 00000
2 95991 097.6170 192.1370 0000000 000.0000 260.6790 15.01920000000000
1 95991U          19303.30069444  .00000000  00000-0  00000-0 0 00000
2 95991 097.6160 192.3670 0000000 000.0000 084.4290 15.01920000000000
1 95991U          19303.64791667  .00000000  00000-0  00000-0 0 00000
2 95991 097.6160 192.7100 0000000 000.0000 159.4290 15.01920000000000
1 95991U          19303.96041667  .00000000  00000-0  00000-0 0 00000
2 95991 097.6150 193.0180 0000000 000.0000 046.9280 15.01920000000000
1 95991U          19304.33263889  .00000000  00000-0  00000-0 0 00000
2 95991 097.6150 193.3840 0000000 000.0000 256.9280 15.01920000000000
1 95991U          19304.58680556  .00000000  00000-0  00000-0 0 00000
2 95991 097.6140 193.6350 0000000 000.0000 189.4280 15.01920000000000
1 95991U          19304.92013889  .00000000  00000-0  00000-0 0 00000
2 95991 097.6130 193.9630 0000000 000.0000 189.4280 15.01920000000000
1 95991U          19305.38194444  .00000000  00000-0  00000-0 0 00000
2 95991 097.6130 194.4190 0000000 000.0000 163.1780 15.01920000000000
1 95991U          19305.59444444  .00000000  00000-0  00000-0 0 00000
2 95991 097.6120 194.6280 0000000 000.0000 230.6780 15.01920000000000
1 95991U          19305.98402778  .00000000  00000-0  00000-0 0 00000
2 95991 097.6120 195.0120 0000000 000.0000 174.4280 15.01920000000000
1 95991U          19306.39652778  .00000000  00000-0  00000-0 0 00000
2 95991 097.6110 195.4190 0000000 000.0000 241.9270 15.01920000000000
1 95991U          19306.70833333  .00000000  00000-0  00000-0 0 00000
2 95991 097.6100 195.7260 0000000 000.0000 125.6770 15.01920000000000
1 95991U          19306.98333333  .00000000  00000-0  00000-0 0 00000
2 95991 097.6100 195.9970 0000000 000.0000 170.6770 15.01920000000000
1 95991U          19307.32500000  .00000000  00000-0  00000-0 0 00000
2 95991 097.6090 196.3340 0000000 000.0000 215.6770 15.01920000000000
1 95991U          19307.60555556  .00000000  00000-0  00000-0 0 00000
2 95991 097.6090 196.6100 0000000 000.0000 290.6770 15.01920000000000
1 95991U          19308.01250000  .00000000  00000-0  00000-0 0 00000
2 95991 097.6080 197.0110 0000000 000.0000 328.1770 15.01920000000000
1 95991U          19308.28263889  .00000000  00000-0  00000-0 0 00000
2 95991 097.6070 197.2770 0000000 000.0000 346.9260 15.01920000000000
1 95991U          19308.61458333  .00000000  00000-0  00000-0 0 00000
2 95991 097.6070 197.6040 0000000 000.0000 339.4260 15.01920000000000
1 95991U          19308.92986111  .00000000  00000-0  00000-0 0 00000
2 95991 097.6060 197.9150 0000000 000.0000 241.9260 15.01920000000000
1 95991U          19309.32083333  .00000000  00000-0  00000-0 0 00000
2 95991 097.6060 198.3010 0000000 000.0000 193.1760 15.01920000000000
1 95991U          19309.68958333  .00000000  00000-0  00000-0 0 00000
2 95991 097.6050 198.6640 0000000 000.0000 024.4260 15.01920000000000
1 95991U          19310.07986111  .00000000  00000-0  00000-0 0 00000
2 95991 097.6040 199.0490 0000000 000.0000 331.9250 15.01920000000000
1 95991U          19310.35416667  .00000000  00000-0  00000-0 0 00000
2 95991 097.6040 199.3190 0000000 000.0000 013.1750 15.01920000000000
1 95991U          19310.59444444  .00000000  00000-0  00000-0 0 00000
2 95991 097.6030 199.5560 0000000 000.0000 230.6750 15.01920000000000
1 95991U          19311.00902778  .00000000  00000-0  00000-0 0 00000
2 95991 097.6030 199.9640 0000000 000.0000 309.4250 15.01920000000000
1 95991U          19311.35069444  .00000000  00000-0  00000-0 0 00000
2 95991 097.6020 200.3010 0000000 000.0000 354.4250 15.01920000000000
1 95991U          19311.61875000  .00000000  00000-0  00000-0 0 00000
2 95991 097.6020 200.5650 0000000 000.0000 001.9240 15.01920000000000
1 95991U          19311.89583333  .00000000  00000-0  00000-0 0 00000
2 95991 097.6010 200.8380 0000000 000.0000 058.1740 15.01914300000000
1 95991U          19312.29791667  .00000000  00000-0  00000-0 0 00000
2 95991 097.6000 201.2350 0000000 000.0000 069.4240 15.01914300000000
1 95991U          19312.49861111  .00000000  00000-0  00000-0 0 00000
2 95991 097.6000 201.4320 0000000 000.0000 073.1740 15.01914300000000
1 95991U          19312.94513889  .00000000  00000-0  00000-0 0 00000
2 95991 097.5990 201.8720 0000000 000.0000 324.4240 15.01914300000000
1 95991U          19313.30833333  .00000000  00000-0  00000-0 0 00000
2 95991 097.5990 202.2300 0000000 000.0000 125.6730 15.01914300000000
1 95991U          19313.63611111  .00000000  00000-0  00000-0 0 00000
2 95991 097.5980 202.5530 0000000 000.0000 095.6730 15.01914300000000
1 95991U          19313.85347222  .00000000  00000-0  00000-0 0 00000
2 95991 097.5980 202.7680 0000000 000.0000 189.4230 15.01914300000000
1 95991U          19314.23541667  .00000000  00000-0  00000-0 0 00000
2 95991 097.5970 203.1440 0000000 000.0000 091.9230 15.01914300000000
1 95991U          19314.51180556  .00000000  00000-0  00000-0 0 00000
2 95991 097.5970 203.4160 0000000 000.0000 144.4230 15.01914300000000
1 95991U          19314.94166667  .00000000  00000-0  00000-0 0 00000
2 95991 097.5960 203.8400 0000000 000.0000 305.6720 15.01914300000000
1 95991U          19315.29791667  .00000000  00000-0  00000-0 0 00000
2 95991 097.5950 204.1910 0000000 000.0000 069.4220 15.01914300000000
1 95991U          19315.52916667  .00000000  00000-0  00000-0 0 00000
2 95991 097.5950 204.4190 0000000 000.0000 238.1720 15.01914300000000
1 95991U          19315.92500000  .00000000  00000-0  00000-0 0 00000
2 95991 097.5940 204.8090 0000000 000.0000 215.6720 15.01914300000000
1 95991U          19316.25138889  .00000000  00000-0  00000-0 0 00000
2 95991 097.5940 205.1310 0000000 000.0000 178.1710 15.01914300000000
1 95991U          19316.57777778  .00000000  00000-0  00000-0 0 00000
2 95991 097.5930 205.4520 0000000 000.0000 140.6710 15.01914300000000
1 95991U          19316.88541667  .00000000  00000-0  00000-0 0 00000
2 95991 097.5930 205.7560 0000000 000.0000 001.9210 15.01914300000000
1 95991U          19317.22500000  .00000000  00000-0  00000-0 0 00000
2 95991 097.5920 206.0900 0000000 000.0000 035.6700 15.01914300000000
1 95991U          19317.58055556  .00000000  00000-0  00000-0 0 00000
2 95991 097.5910 206.4410 0000000 000.0000 155.6700 15.01914300000000
1 95991U          19317.83194444  .00000000  00000-0  00000-0 0 00000
2 95991 097.5910 206.6880 0000000 000.0000 073.1700 15.01914300000000
1 95991U          19318.22916667  .00000000  00000-0  00000-0 0 00000
2 95991 097.5900 207.0800 0000000 000.0000 058.1700 15.01914300000000
1 95991U          19318.62013889  .00000000  00000-0  00000-0 0 00000
2 95991 097.5900 207.4650 0000000 000.0000 009.4190 15.01914300000000
1 95991U          19318.85763889  .00000000  00000-0  00000-0 0 00000
2 95991 097.5890 207.6990 0000000 000.0000 211.9190 15.01914300000000
1 95991U          19318.93958333  .00000000  00000-0  00000-0 0 00000
2 95991 097.5890 207.7800 0000000 000.0000 294.4190 15.01914300000000
1 95991U          19319.17847222  .00000000  00000-0  00000-0 0 00000
2 95991 097.5890 208.0150 0000000 000.0000 144.4190 15.01914300000000
1 95991U          19319.61666667  .00000000  00000-0  00000-0 0 00000
2 95991 097.5880 208.4470 0000000 000.0000 350.6690 15.01914300000000
1 95991U          19319.96527778  .00000000  00000-0  00000-0 0 00000
2 95991 097.5880 208.7910 0000000 000.0000 073.1680 15.01914300000000
1 95991U          19320.14722222  .00000000  00000-0  00000-0 0 00000
2 95991 097.5870 208.9700 0000000 000.0000 335.6680 15.01914300000000
1 95991U          19320.54722222  .00000000  00000-0  00000-0 0 00000
2 95991 097.5870 209.3640 0000000 000.0000 335.6680 15.01914300000000
1 95991U          19320.91458333  .00000000  00000-0  00000-0 0 00000
2 95991 097.5860 209.7260 0000000 000.0000 159.4170 15.01914300000000
1 95991U          19321.23819444  .00000000  00000-0  00000-0 0 00000
2 95991 097.5850 210.0450 0000000 000.0000 106.9170 15.01914300000000
1 95991U          19321.59444444  .00000000  00000-0  00000-0 0 00000
2 95991 097.5850 210.3960 0000000 000.0000 230.6670 15.01914300000000
1 95991U          19321.87291667  .00000000  00000-0  00000-0 0 00000
2 95991 097.5840 210.6710 0000000 000.0000 294.4160 15.01914300000000
1 95991U          19322.28055556  .00000000  00000-0  00000-0 0 00000
2 95991 097.5840 211.0720 0000000 000.0000 335.6660 15.01914300000000
1 95991U          19322.62430556  .00000000  00000-0  00000-0 0 00000
2 95991 097.5830 211.4110 0000000 000.0000 031.9160 15.01914300000000
1 95991U          19322.82013889  .00000000  00000-0  00000-0 0 00000
2 95991 097.5830 211.6040 0000000 000.0000 009.4160 15.01914300000000
1 95991U          19323.29375000  .00000000  00000-0  00000-0 0 00000
2 95991 097.5820 212.0710 0000000 000.0000 046.9150 15.01914300000000
1 95991U          19323.64097222  .00000000  00000-0  00000-0 0 00000
2 95991 097.5820 212.4130 0000000 000.0000 121.9150 15.01914300000000
1 95991U          19323.90902778  .00000000  00000-0  00000-0 0 00000
2 95991 097.5810 212.6770 0000000 000.0000 129.4150 15.01914300000000
1 95991U          19324.17152778  .00000000  00000-0  00000-0 0 00000
2 95991 097.5810 212.9360 0000000 000.0000 106.9140 15.01914300000000
1 95991U          19324.48055556  .00000000  00000-0  00000-0 0 00000
2 95991 097.5800 213.2400 0000000 000.0000 335.6640 15.01914300000000
1 95991U          19324.84305556  .00000000  00000-0  00000-0 0 00000
2 95991 097.5800 213.5980 0000000 000.0000 133.1640 15.01914300000000
1 95991U          19325.31111111  .00000000  00000-0  00000-0 0 00000
2 95991 097.5790 214.0590 0000000 000.0000 140.6630 15.01914300000000
1 95991U          19325.50972222  .00000000  00000-0  00000-0 0 00000
2 95991 097.5790 214.2550 0000000 000.0000 133.1630 15.01914300000000
1 95991U          19325.89583333  .00000000  00000-0  00000-0 0 00000
2 95991 097.5780 214.6350 0000000 000.0000 058.1630 15.01914300000000
1 95991U          19325.89583333  .00000000  00000-0  00000-0 0 00000
2 95991 097.5780 214.6350 0000000 000.0000 058.1630 15.01914300000000
1 95991U          19326.30416667  .00000000  00000-0  00000-0 0 00000
2 95991 097.5780 215.0380 0000000 000.0000 103.1620 15.01914300000000
1 95991U          19326.57222222  .00000000  00000-0  00000-0 0 00000
2 95991 097.5770 215.3020 0000000 000.0000 110.6620 15.01914300000000
1 95991U          19326.89375000  .00000000  00000-0  00000-0 0 00000
2 95991 097.5770 215.6190 0000000 000.0000 046.9110 15.01914300000000
1 95991U          19327.16041667  .00000000  00000-0  00000-0 0 00000
2 95991 097.5760 215.8810 0000000 000.0000 046.9110 15.01914300000000
1 95991U          19327.62430556  .00000000  00000-0  00000-0 0 00000
2 95991 097.5760 216.3380 0000000 000.0000 031.9110 15.01914300000000
1 95991U          19327.85416667  .00000000  00000-0  00000-0 0 00000
2 95991 097.5750 216.5650 0000000 000.0000 193.1600 15.01914300000000
1 95991U          19328.15555556  .00000000  00000-0  00000-0 0 00000
2 95991 097.5750 216.8620 0000000 000.0000 020.6600 15.01914300000000
1 95991U          19328.63125000  .00000000  00000-0  00000-0 0 00000
2 95991 097.5740 217.3310 0000000 000.0000 069.4100 15.01914300000000
1 95991U          19328.81319444  .00000000  00000-0  00000-0 0 00000
2 95991 097.5740 217.5100 0000000 000.0000 331.9090 15.01914300000000
1 95991U          19329.26458333  .00000000  00000-0  00000-0 0 00000
2 95991 097.5730 217.9550 0000000 000.0000 249.4090 15.01914300000000
1 95991U          19329.56805556  .00000000  00000-0  00000-0 0 00000
2 95991 097.5730 218.2540 0000000 000.0000 088.1590 15.01914300000000
1 95991U          19329.87083333  .00000000  00000-0  00000-0 0 00000
2 95991 097.5720 218.5520 0000000 000.0000 283.1580 15.01914300000000
1 95991U          19330.18541667  .00000000  00000-0  00000-0 0 00000
2 95991 097.5720 218.8620 0000000 000.0000 181.9080 15.01914300000000
1 95991U          19330.53333333  .00000000  00000-0  00000-0 0 00000
2 95991 097.5710 219.2050 0000000 000.0000 260.6570 15.01914300000000
1 95991U          19330.93958333  .00000000  00000-0  00000-0 0 00000
2 95991 097.5710 219.6060 0000000 000.0000 294.4070 15.01914300000000
1 95991U          19331.29236111  .00000000  00000-0  00000-0 0 00000
2 95991 097.5700 219.9530 0000000 000.0000 039.4070 15.01914300000000
1 95991U          19331.60416667  .00000000  00000-0  00000-0 0 00000
2 95991 097.5700 220.2600 0000000 000.0000 283.1560 15.01914300000000
1 95991U          19331.90069444  .00000000  00000-0  00000-0 0 00000
2 95991 097.5690 220.5530 0000000 000.0000 084.4060 15.01914300000000
1 95991U          19332.24236111  .00000000  00000-0  00000-0 0 00000
2 95991 097.5690 220.8890 0000000 000.0000 129.4050 15.01914300000000
1 95991U          19332.52638889  .00000000  00000-0  00000-0 0 00000
2 95991 097.5690 221.1690 0000000 000.0000 223.1550 15.01914300000000
1 95991U          19332.83263889  .00000000  00000-0  00000-0 0 00000
2 95991 097.5680 221.4710 0000000 000.0000 076.9050 15.01914300000000
