1 96484U          19281.92013889  .00000000  00000-0  00000-0 0 00000
2 96484 097.6560 171.2950 0000000 000.0000 213.4290 15.01920000000000
1 96484U          19282.26944444  .00000000  00000-0  00000-0 0 00000
2 96484 097.6550 171.6390 0000000 000.0000 299.6790 15.01920000000000
1 96484U          19282.63263889  .00000000  00000-0  00000-0 0 00000
2 96484 097.6550 171.9970 0000000 000.0000 100.9300 15.01920000000000
1 96484U          19283.02361111  .00000000  00000-0  00000-0 0 00000
2 96484 097.6540 172.3820 0000000 000.0000 052.1800 15.01920000000000
1 96484U          19283.26736111  .00000000  00000-0  00000-0 0 00000
2 96484 097.6530 172.6230 0000000 000.0000 288.4300 15.01920000000000
1 96484U          19283.66805556  .00000000  00000-0  00000-0 0 00000
2 96484 097.6530 173.0180 0000000 000.0000 292.1800 15.01920000000000
1 96484U          19284.04236111  .00000000  00000-0  00000-0 0 00000
2 96484 097.6520 173.3870 0000000 000.0000 153.4300 15.01920000000000
1 96484U          19284.36388889  .00000000  00000-0  00000-0 0 00000
2 96484 097.6510 173.7030 0000000 000.0000 089.6800 15.01920000000000
1 96484U          19284.61388889  .00000000  00000-0  00000-0 0 00000
2 96484 097.6510 173.9500 0000000 000.0000 359.6800 15.01920000000000
1 96484U          19285.06250000  .00000000  00000-0  00000-0 0 00000
2 96484 097.6500 174.3920 0000000 000.0000 262.1800 15.01920000000000
1 96484U          19285.26180556  .00000000  00000-0  00000-0 0 00000
2 96484 097.6500 174.5880 0000000 000.0000 258.4300 15.01920000000000
1 96484U          19285.65138889  .00000000  00000-0  00000-0 0 00000
2 96484 097.6490 174.9720 0000000 000.0000 202.1800 15.01920000000000
1 96484U          19285.96944444  .00000000  00000-0  00000-0 0 00000
2 96484 097.6480 175.2860 0000000 000.0000 119.6800 15.01920000000000
1 96484U          19286.41041667  .00000000  00000-0  00000-0 0 00000
2 96484 097.6480 175.7210 0000000 000.0000 340.9300 15.01920000000000
1 96484U          19286.65833333  .00000000  00000-0  00000-0 0 00000
2 96484 097.6470 175.9650 0000000 000.0000 239.6800 15.01920000000000
1 96484U          19287.06458333  .00000000  00000-0  00000-0 0 00000
2 96484 097.6460 176.3650 0000000 000.0000 273.4310 15.01920000000000
1 96484U          19287.28819444  .00000000  00000-0  00000-0 0 00000
2 96484 097.6460 176.5860 0000000 000.0000 040.9310 15.01920000000000
1 96484U          19287.70416667  .00000000  00000-0  00000-0 0 00000
2 96484 097.6450 176.9960 0000000 000.0000 127.1810 15.01920000000000
1 96484U          19288.06458333  .00000000  00000-0  00000-0 0 00000
2 96484 097.6450 177.3510 0000000 000.0000 273.4310 15.01920000000000
1 96484U          19288.29722222  .00000000  00000-0  00000-0 0 00000
2 96484 097.6440 177.5800 0000000 000.0000 089.6810 15.01920000000000
1 96484U          19288.70000000  .00000000  00000-0  00000-0 0 00000
2 96484 097.6430 177.9770 0000000 000.0000 104.6810 15.01920000000000
1 96484U          19288.98888889  .00000000  00000-0  00000-0 0 00000
2 96484 097.6430 178.2620 0000000 000.0000 224.6810 15.01920000000000
1 96484U          19289.27291667  .00000000  00000-0  00000-0 0 00000
2 96484 097.6420 178.5420 0000000 000.0000 318.4310 15.01920000000000
1 96484U          19289.63680556  .00000000  00000-0  00000-0 0 00000
2 96484 097.6420 178.9010 0000000 000.0000 123.4310 15.01920000000000
1 96484U          19289.98402778  .00000000  00000-0  00000-0 0 00000
2 96484 097.6410 179.2430 0000000 000.0000 198.4310 15.01920000000000
1 96484U          19290.38125000  .00000000  00000-0  00000-0 0 00000
2 96484 097.6400 179.6340 0000000 000.0000 183.4310 15.01920000000000
1 96484U          19290.59305556  .00000000  00000-0  00000-0 0 00000
2 96484 097.6400 179.8430 0000000 000.0000 247.1810 15.01920000000000
1 96484U          19290.92777778  .00000000  00000-0  00000-0 0 00000
2 96484 097.6390 180.1730 0000000 000.0000 254.6810 15.01920000000000
1 96484U          19291.33125000  .00000000  00000-0  00000-0 0 00000
2 96484 097.6380 180.5710 0000000 000.0000 273.4310 15.01920000000000
1 96484U          19291.72430556  .00000000  00000-0  00000-0 0 00000
2 96484 097.6380 180.9580 0000000 000.0000 235.9310 15.01920000000000
1 96484U          19291.98819444  .00000000  00000-0  00000-0 0 00000
2 96484 097.6370 181.2180 0000000 000.0000 220.9310 15.01920000000000
1 96484U          19292.37777778  .00000000  00000-0  00000-0 0 00000
2 96484 097.6370 181.6020 0000000 000.0000 164.6810 15.01920000000000
1 96484U          19292.63888889  .00000000  00000-0  00000-0 0 00000
2 96484 097.6360 181.8590 0000000 000.0000 134.6810 15.01920000000000
1 96484U          19292.99097222  .00000000  00000-0  00000-0 0 00000
2 96484 097.6350 182.2060 0000000 000.0000 235.9310 15.01920000000000
1 96484U          19293.34513889  .00000000  00000-0  00000-0 0 00000
2 96484 097.6350 182.5560 0000000 000.0000 348.4310 15.01920000000000
1 96484U          19293.60555556  .00000000  00000-0  00000-0 0 00000
2 96484 097.6340 182.8120 0000000 000.0000 314.6810 15.01920000000000
1 96484U          19293.94861111  .00000000  00000-0  00000-0 0 00000
2 96484 097.6340 183.1500 0000000 000.0000 007.1810 15.01920000000000
1 96484U          19294.40972222  .00000000  00000-0  00000-0 0 00000
2 96484 097.6330 183.6050 0000000 000.0000 337.1810 15.01920000000000
1 96484U          19294.65972222  .00000000  00000-0  00000-0 0 00000
2 96484 097.6320 183.8510 0000000 000.0000 247.1810 15.01920000000000
1 96484U          19294.95277778  .00000000  00000-0  00000-0 0 00000
2 96484 097.6320 184.1400 0000000 000.0000 029.6810 15.01920000000000
1 96484U          19295.33055556  .00000000  00000-0  00000-0 0 00000
2 96484 097.6310 184.5120 0000000 000.0000 269.6810 15.01920000000000
1 96484U          19295.69305556  .00000000  00000-0  00000-0 0 00000
2 96484 097.6300 184.8700 0000000 000.0000 067.1810 15.01920000000000
1 96484U          19295.93680556  .00000000  00000-0  00000-0 0 00000
2 96484 097.6300 185.1100 0000000 000.0000 303.4310 15.01920000000000
1 96484U          19296.27430556  .00000000  00000-0  00000-0 0 00000
2 96484 097.6290 185.4420 0000000 000.0000 325.9310 15.01920000000000
1 96484U          19296.59791667  .00000000  00000-0  00000-0 0 00000
2 96484 097.6290 185.7610 0000000 000.0000 273.4300 15.01920000000000
1 96484U          19297.05208333  .00000000  00000-0  00000-0 0 00000
2 96484 097.6280 186.2090 0000000 000.0000 205.9300 15.01920000000000
1 96484U          19297.29236111  .00000000  00000-0  00000-0 0 00000
2 96484 097.6270 186.4460 0000000 000.0000 063.4300 15.01920000000000
1 96484U          19297.71736111  .00000000  00000-0  00000-0 0 00000
2 96484 097.6270 186.8650 0000000 000.0000 198.4300 15.01920000000000
1 96484U          19298.00555556  .00000000  00000-0  00000-0 0 00000
2 96484 097.6260 187.1490 0000000 000.0000 314.6800 15.01920000000000
1 96484U          19298.36944444  .00000000  00000-0  00000-0 0 00000
2 96484 097.6250 187.5070 0000000 000.0000 119.6800 15.01920000000000
1 96484U          19298.68263889  .00000000  00000-0  00000-0 0 00000
2 96484 097.6250 187.8160 0000000 000.0000 010.9300 15.01920000000000
1 96484U          19298.97430556  .00000000  00000-0  00000-0 0 00000
2 96484 097.6240 188.1040 0000000 000.0000 145.9300 15.01920000000000
1 96484U          19299.25277778  .00000000  00000-0  00000-0 0 00000
2 96484 097.6240 188.3780 0000000 000.0000 209.6800 15.01920000000000
1 96484U          19299.64027778  .00000000  00000-0  00000-0 0 00000
2 96484 097.6230 188.7600 0000000 000.0000 142.1800 15.01920000000000
1 96484U          19299.92083333  .00000000  00000-0  00000-0 0 00000
2 96484 097.6230 189.0360 0000000 000.0000 217.1800 15.01920000000000
1 96484U          19300.33958333  .00000000  00000-0  00000-0 0 00000
2 96484 097.6220 189.4490 0000000 000.0000 318.4300 15.01920000000000
1 96484U          19300.63472222  .00000000  00000-0  00000-0 0 00000
2 96484 097.6210 189.7400 0000000 000.0000 112.1800 15.01920000000000
1 96484U          19301.00833333  .00000000  00000-0  00000-0 0 00000
2 96484 097.6210 190.1080 0000000 000.0000 329.6790 15.01920000000000
1 96484U          19301.28472222  .00000000  00000-0  00000-0 0 00000
2 96484 097.6200 190.3810 0000000 000.0000 022.1790 15.01920000000000
1 96484U          19301.67430556  .00000000  00000-0  00000-0 0 00000
2 96484 097.6190 190.7650 0000000 000.0000 325.9290 15.01920000000000
1 96484U          19302.08194444  .00000000  00000-0  00000-0 0 00000
2 96484 097.6190 191.1660 0000000 000.0000 007.1790 15.01920000000000
1 96484U          19302.30486111  .00000000  00000-0  00000-0 0 00000
2 96484 097.6180 191.3860 0000000 000.0000 130.9290 15.01920000000000
1 96484U          19302.63541667  .00000000  00000-0  00000-0 0 00000
2 96484 097.6180 191.7120 0000000 000.0000 115.9290 15.01920000000000
1 96484U          19302.96388889  .00000000  00000-0  00000-0 0 00000
2 96484 097.6170 192.0350 0000000 000.0000 089.6790 15.01920000000000
1 96484U          19303.37430556  .00000000  00000-0  00000-0 0 00000
2 96484 097.6160 192.4400 0000000 000.0000 145.9290 15.01920000000000
1 96484U          19303.65277778  .00000000  00000-0  00000-0 0 00000
2 96484 097.6160 192.7140 0000000 000.0000 209.6790 15.01920000000000
1 96484U          19304.05972222  .00000000  00000-0  00000-0 0 00000
2 96484 097.6150 193.1150 0000000 000.0000 247.1780 15.01920000000000
1 96484U          19304.27708333  .00000000  00000-0  00000-0 0 00000
2 96484 097.6150 193.3300 0000000 000.0000 340.9280 15.01920000000000
1 96484U          19304.74375000  .00000000  00000-0  00000-0 0 00000
2 96484 097.6140 193.7900 0000000 000.0000 340.9280 15.01920000000000
1 96484U          19304.92569444  .00000000  00000-0  00000-0 0 00000
2 96484 097.6130 193.9690 0000000 000.0000 243.4280 15.01920000000000
1 96484U          19305.28888889  .00000000  00000-0  00000-0 0 00000
2 96484 097.6130 194.3270 0000000 000.0000 044.6780 15.01920000000000
1 96484U          19305.64583333  .00000000  00000-0  00000-0 0 00000
2 96484 097.6120 194.6790 0000000 000.0000 172.1780 15.01920000000000
1 96484U          19305.99583333  .00000000  00000-0  00000-0 0 00000
2 96484 097.6120 195.0240 0000000 000.0000 262.1780 15.01920000000000
1 96484U          19306.34444444  .00000000  00000-0  00000-0 0 00000
2 96484 097.6110 195.3670 0000000 000.0000 344.6770 15.01920000000000
1 96484U          19306.61250000  .00000000  00000-0  00000-0 0 00000
2 96484 097.6100 195.6310 0000000 000.0000 352.1770 15.01920000000000
1 96484U          19306.96180556  .00000000  00000-0  00000-0 0 00000
2 96484 097.6100 195.9760 0000000 000.0000 078.4270 15.01920000000000
1 96484U          19307.35486111  .00000000  00000-0  00000-0 0 00000
2 96484 097.6090 196.3630 0000000 000.0000 040.9270 15.01920000000000
1 96484U          19307.66250000  .00000000  00000-0  00000-0 0 00000
2 96484 097.6090 196.6660 0000000 000.0000 262.1770 15.01920000000000
1 96484U          19307.99305556  .00000000  00000-0  00000-0 0 00000
2 96484 097.6080 196.9920 0000000 000.0000 247.1770 15.01920000000000
1 96484U          19308.28263889  .00000000  00000-0  00000-0 0 00000
2 96484 097.6070 197.2770 0000000 000.0000 010.9260 15.01920000000000
1 96484U          19308.65138889  .00000000  00000-0  00000-0 0 00000
2 96484 097.6070 197.6410 0000000 000.0000 202.1760 15.01920000000000
1 96484U          19309.06597222  .00000000  00000-0  00000-0 0 00000
2 96484 097.6060 198.0490 0000000 000.0000 280.9260 15.01920000000000
1 96484U          19309.37777778  .00000000  00000-0  00000-0 0 00000
2 96484 097.6060 198.3570 0000000 000.0000 164.6760 15.01920000000000
1 96484U          19309.74375000  .00000000  00000-0  00000-0 0 00000
2 96484 097.6050 198.7170 0000000 000.0000 340.9260 15.01920000000000
1 96484U          19310.03125000  .00000000  00000-0  00000-0 0 00000
2 96484 097.6040 199.0010 0000000 000.0000 093.4250 15.01920000000000
1 96484U          19310.36319444  .00000000  00000-0  00000-0 0 00000
2 96484 097.6040 199.3280 0000000 000.0000 085.9250 15.01920000000000
1 96484U          19310.69861111  .00000000  00000-0  00000-0 0 00000
2 96484 097.6030 199.6580 0000000 000.0000 097.1750 15.01920000000000
1 96484U          19310.95625000  .00000000  00000-0  00000-0 0 00000
2 96484 097.6030 199.9120 0000000 000.0000 048.4250 15.01920000000000
1 96484U          19311.28055556  .00000000  00000-0  00000-0 0 00000
2 96484 097.6020 200.2320 0000000 000.0000 359.6750 15.01920000000000
1 96484U          19311.70625000  .00000000  00000-0  00000-0 0 00000
2 96484 097.6010 200.6510 0000000 000.0000 138.4240 15.01920000000000
1 96484U          19311.89583333  .00000000  00000-0  00000-0 0 00000
2 96484 097.6010 200.8380 0000000 000.0000 082.1740 15.01914300000000
1 96484U          19312.15972222  .00000000  00000-0  00000-0 0 00000
2 96484 097.6010 201.0980 0000000 000.0000 067.1740 15.01914300000000
1 96484U          19312.62777778  .00000000  00000-0  00000-0 0 00000
2 96484 097.6000 201.5600 0000000 000.0000 074.6740 15.01914300000000
1 96484U          19312.93680556  .00000000  00000-0  00000-0 0 00000
2 96484 097.5990 201.8640 0000000 000.0000 303.4240 15.01914300000000
1 96484U          19313.22013889  .00000000  00000-0  00000-0 0 00000
2 96484 097.5990 202.1430 0000000 000.0000 033.4230 15.01914300000000
1 96484U          19313.49583333  .00000000  00000-0  00000-0 0 00000
2 96484 097.5980 202.4150 0000000 000.0000 082.1730 15.01914300000000
1 96484U          19313.92916667  .00000000  00000-0  00000-0 0 00000
2 96484 097.5980 202.8420 0000000 000.0000 262.1730 15.01914300000000
1 96484U          19314.24097222  .00000000  00000-0  00000-0 0 00000
2 96484 097.5970 203.1490 0000000 000.0000 145.9230 15.01914300000000
1 96484U          19314.62638889  .00000000  00000-0  00000-0 0 00000
2 96484 097.5960 203.5290 0000000 000.0000 067.1720 15.01914300000000
1 96484U          19314.82291667  .00000000  00000-0  00000-0 0 00000
2 96484 097.5960 203.7230 0000000 000.0000 048.4220 15.01914300000000
1 96484U          19315.21805556  .00000000  00000-0  00000-0 0 00000
2 96484 097.5950 204.1120 0000000 000.0000 022.1720 15.01914300000000
1 96484U          19315.63680556  .00000000  00000-0  00000-0 0 00000
2 96484 097.5950 204.5250 0000000 000.0000 123.4220 15.01914300000000
1 96484U          19315.89166667  .00000000  00000-0  00000-0 0 00000
2 96484 097.5940 204.7760 0000000 000.0000 059.6720 15.01914300000000
1 96484U          19316.25069444  .00000000  00000-0  00000-0 0 00000
2 96484 097.5940 205.1300 0000000 000.0000 198.4210 15.01914300000000
1 96484U          19316.56944444  .00000000  00000-0  00000-0 0 00000
2 96484 097.5930 205.4440 0000000 000.0000 119.6710 15.01914300000000
1 96484U          19316.83333333  .00000000  00000-0  00000-0 0 00000
2 96484 097.5930 205.7040 0000000 000.0000 104.6710 15.01914300000000
1 96484U          19317.19861111  .00000000  00000-0  00000-0 0 00000
2 96484 097.5920 206.0640 0000000 000.0000 277.1710 15.01914300000000
1 96484U          19317.48541667  .00000000  00000-0  00000-0 0 00000
2 96484 097.5920 206.3470 0000000 000.0000 025.9200 15.01914300000000
1 96484U          19317.89166667  .00000000  00000-0  00000-0 0 00000
2 96484 097.5910 206.7470 0000000 000.0000 059.6700 15.01914300000000
1 96484U          19318.16388889  .00000000  00000-0  00000-0 0 00000
2 96484 097.5900 207.0150 0000000 000.0000 089.6700 15.01914300000000
1 96484U          19318.63888889  .00000000  00000-0  00000-0 0 00000
2 96484 097.5900 207.4840 0000000 000.0000 134.6690 15.01914300000000
1 96484U          19318.89583333  .00000000  00000-0  00000-0 0 00000
2 96484 097.5890 207.7370 0000000 000.0000 082.1690 15.01914300000000
1 96484U          19318.89583333  .00000000  00000-0  00000-0 0 00000
2 96484 097.5890 207.7370 0000000 000.0000 082.1690 15.01914300000000
1 96484U          19319.24236111  .00000000  00000-0  00000-0 0 00000
2 96484 097.5890 208.0780 0000000 000.0000 153.4190 15.01914300000000
1 96484U          19319.59513889  .00000000  00000-0  00000-0 0 00000
2 96484 097.5880 208.4260 0000000 000.0000 258.4190 15.01914300000000
1 96484U          19319.89236111  .00000000  00000-0  00000-0 0 00000
2 96484 097.5880 208.7190 0000000 000.0000 063.4180 15.01914300000000
1 96484U          19320.26180556  .00000000  00000-0  00000-0 0 00000
2 96484 097.5870 209.0830 0000000 000.0000 258.4180 15.01914300000000
1 96484U          19320.60000000  .00000000  00000-0  00000-0 0 00000
2 96484 097.5870 209.4160 0000000 000.0000 284.6680 15.01914300000000
1 96484U          19320.91111111  .00000000  00000-0  00000-0 0 00000
2 96484 097.5860 209.7230 0000000 000.0000 164.6670 15.01914300000000
1 96484U          19321.26527778  .00000000  00000-0  00000-0 0 00000
2 96484 097.5850 210.0720 0000000 000.0000 277.1670 15.01914300000000
1 96484U          19321.52500000  .00000000  00000-0  00000-0 0 00000
2 96484 097.5850 210.3280 0000000 000.0000 239.6670 15.01914300000000
1 96484U          19321.83194444  .00000000  00000-0  00000-0 0 00000
2 96484 097.5850 210.6300 0000000 000.0000 097.1670 15.01914300000000
1 96484U          19322.22222222  .00000000  00000-0  00000-0 0 00000
2 96484 097.5840 211.0150 0000000 000.0000 044.6660 15.01914300000000
1 96484U          19322.48472222  .00000000  00000-0  00000-0 0 00000
2 96484 097.5830 211.2740 0000000 000.0000 022.1660 15.01914300000000
1 96484U          19322.93750000  .00000000  00000-0  00000-0 0 00000
2 96484 097.5830 211.7200 0000000 000.0000 307.1650 15.01914300000000
1 96484U          19323.19791667  .00000000  00000-0  00000-0 0 00000
2 96484 097.5820 211.9760 0000000 000.0000 273.4150 15.01914300000000
1 96484U          19323.51458333  .00000000  00000-0  00000-0 0 00000
2 96484 097.5820 212.2880 0000000 000.0000 183.4150 15.01914300000000
1 96484U          19323.93263889  .00000000  00000-0  00000-0 0 00000
2 96484 097.5810 212.7000 0000000 000.0000 280.9150 15.01914300000000
1 96484U          19324.20972222  .00000000  00000-0  00000-0 0 00000
2 96484 097.5810 212.9740 0000000 000.0000 337.1640 15.01914300000000
1 96484U          19324.53680556  .00000000  00000-0  00000-0 0 00000
2 96484 097.5800 213.2960 0000000 000.0000 303.4140 15.01914300000000
1 96484U          19324.89097222  .00000000  00000-0  00000-0 0 00000
2 96484 097.5800 213.6450 0000000 000.0000 055.9140 15.01914300000000
1 96484U          19325.16250000  .00000000  00000-0  00000-0 0 00000
2 96484 097.5790 213.9120 0000000 000.0000 082.1630 15.01914300000000
1 96484U          19325.61875000  .00000000  00000-0  00000-0 0 00000
2 96484 097.5790 214.3620 0000000 000.0000 025.9130 15.01914300000000
1 96484U          19325.84861111  .00000000  00000-0  00000-0 0 00000
2 96484 097.5780 214.5890 0000000 000.0000 187.1630 15.01914300000000
1 96484U          19325.91736111  .00000000  00000-0  00000-0 0 00000
2 96484 097.5780 214.6560 0000000 000.0000 198.4130 15.01914300000000
1 96484U          19326.27013889  .00000000  00000-0  00000-0 0 00000
2 96484 097.5780 215.0040 0000000 000.0000 303.4120 15.01914300000000
1 96484U          19326.55902778  .00000000  00000-0  00000-0 0 00000
2 96484 097.5770 215.2890 0000000 000.0000 063.4120 15.01914300000000
1 96484U          19326.92847222  .00000000  00000-0  00000-0 0 00000
2 96484 097.5770 215.6530 0000000 000.0000 258.4110 15.01914300000000
1 96484U          19327.28402778  .00000000  00000-0  00000-0 0 00000
2 96484 097.5760 216.0030 0000000 000.0000 018.4110 15.01914300000000
1 96484U          19327.59166667  .00000000  00000-0  00000-0 0 00000
2 96484 097.5760 216.3060 0000000 000.0000 239.6610 15.01914300000000
1 96484U          19327.81319444  .00000000  00000-0  00000-0 0 00000
2 96484 097.5750 216.5250 0000000 000.0000 355.9100 15.01914300000000
1 96484U          19328.27847222  .00000000  00000-0  00000-0 0 00000
2 96484 097.5750 216.9830 0000000 000.0000 348.4100 15.01914300000000
1 96484U          19328.52847222  .00000000  00000-0  00000-0 0 00000
2 96484 097.5740 217.2290 0000000 000.0000 258.4100 15.01914300000000
1 96484U          19328.88750000  .00000000  00000-0  00000-0 0 00000
2 96484 097.5740 217.5830 0000000 000.0000 037.1590 15.01914300000000
1 96484U          19329.30833333  .00000000  00000-0  00000-0 0 00000
2 96484 097.5730 217.9980 0000000 000.0000 149.6590 15.01914300000000
1 96484U          19329.64097222  .00000000  00000-0  00000-0 0 00000
2 96484 097.5730 218.3260 0000000 000.0000 145.9080 15.01914300000000
1 96484U          19329.85902778  .00000000  00000-0  00000-0 0 00000
2 96484 097.5720 218.5410 0000000 000.0000 243.4080 15.01914300000000
1 96484U          19330.24097222  .00000000  00000-0  00000-0 0 00000
2 96484 097.5720 218.9170 0000000 000.0000 145.9080 15.01914300000000
1 96484U          19330.47986111  .00000000  00000-0  00000-0 0 00000
2 96484 097.5710 219.1520 0000000 000.0000 355.9070 15.01914300000000
1 96484U          19330.92222222  .00000000  00000-0  00000-0 0 00000
2 96484 097.5710 219.5880 0000000 000.0000 224.6570 15.01914300000000
1 96484U          19331.14791667  .00000000  00000-0  00000-0 0 00000
2 96484 097.5700 219.8110 0000000 000.0000 003.4070 15.01914300000000
1 96484U          19331.51388889  .00000000  00000-0  00000-0 0 00000
2 96484 097.5700 220.1710 0000000 000.0000 179.6560 15.01914300000000
1 96484U          19331.86805556  .00000000  00000-0  00000-0 0 00000
2 96484 097.5690 220.5200 0000000 000.0000 292.1560 15.01914300000000
1 96484U          19332.19444444  .00000000  00000-0  00000-0 0 00000
2 96484 097.5690 220.8420 0000000 000.0000 254.6550 15.01914300000000
1 96484U          19332.61666667  .00000000  00000-0  00000-0 0 00000
2 96484 097.5680 221.2580 0000000 000.0000 014.6550 15.01914300000000
1 96484U          19332.82291667  .00000000  00000-0  00000-0 0 00000
2 96484 097.5680 221.4610 0000000 000.0000 048.4050 15.01914300000000
