1 96564U          19281.92916667  .00000000  00000-0  00000-0 0 00000
2 96564 097.7140 42.7070 0000000 000.0000 268.8490 15.01920000000000
1 96564U          19282.33680556  .00000000  00000-0  00000-0 0 00000
2 96564 097.7150 43.1090 0000000 000.0000 310.0990 15.01920000000000
1 96564U          19282.72430556  .00000000  00000-0  00000-0 0 00000
2 96564 097.7150 43.4910 0000000 000.0000 242.6000 15.01920000000000
1 96564U          19283.07152778  .00000000  00000-0  00000-0 0 00000
2 96564 097.7160 43.8330 0000000 000.0000 317.6000 15.01920000000000
1 96564U          19283.38472222  .00000000  00000-0  00000-0 0 00000
2 96564 097.7160 44.1420 0000000 000.0000 208.8510 15.01920000000000
1 96564U          19283.60277778  .00000000  00000-0  00000-0 0 00000
2 96564 097.7160 44.3570 0000000 000.0000 306.3510 15.01920000000000
1 96564U          19284.04722222  .00000000  00000-0  00000-0 0 00000
2 96564 097.7170 44.7950 0000000 000.0000 186.3520 15.01920000000000
1 96564U          19284.39444444  .00000000  00000-0  00000-0 0 00000
2 96564 097.7170 45.1370 0000000 000.0000 261.3520 15.01920000000000
1 96564U          19284.73333333  .00000000  00000-0  00000-0 0 00000
2 96564 097.7180 45.4720 0000000 000.0000 291.3530 15.01920000000000
1 96564U          19285.00486111  .00000000  00000-0  00000-0 0 00000
2 96564 097.7180 45.7390 0000000 000.0000 317.6030 15.01920000000000
1 96564U          19285.39652778  .00000000  00000-0  00000-0 0 00000
2 96564 097.7190 46.1250 0000000 000.0000 272.6040 15.01920000000000
1 96564U          19285.67083333  .00000000  00000-0  00000-0 0 00000
2 96564 097.7190 46.3960 0000000 000.0000 313.8540 15.01920000000000
1 96564U          19286.01388889  .00000000  00000-0  00000-0 0 00000
2 96564 097.7190 46.7340 0000000 000.0000 006.3540 15.01920000000000
1 96564U          19286.39027778  .00000000  00000-0  00000-0 0 00000
2 96564 097.7200 47.1050 0000000 000.0000 238.8550 15.01920000000000
1 96564U          19286.67916667  .00000000  00000-0  00000-0 0 00000
2 96564 097.7200 47.3900 0000000 000.0000 358.8550 15.01920000000000
1 96564U          19286.94444444  .00000000  00000-0  00000-0 0 00000
2 96564 097.7200 47.6510 0000000 000.0000 351.3560 15.01920000000000
1 96564U          19287.39375000  .00000000  00000-0  00000-0 0 00000
2 96564 097.7210 48.0940 0000000 000.0000 257.6060 15.01920000000000
1 96564U          19287.67916667  .00000000  00000-0  00000-0 0 00000
2 96564 097.7210 48.3760 0000000 000.0000 358.8570 15.01920000000000
1 96564U          19288.00763889  .00000000  00000-0  00000-0 0 00000
2 96564 097.7220 48.6990 0000000 000.0000 332.6070 15.01920000000000
1 96564U          19288.31458333  .00000000  00000-0  00000-0 0 00000
2 96564 097.7220 49.0020 0000000 000.0000 190.1080 15.01920000000000
1 96564U          19288.72569444  .00000000  00000-0  00000-0 0 00000
2 96564 097.7230 49.4070 0000000 000.0000 250.1080 15.01920000000000
1 96564U          19289.04930556  .00000000  00000-0  00000-0 0 00000
2 96564 097.7230 49.7260 0000000 000.0000 197.6090 15.01920000000000
1 96564U          19289.25486111  .00000000  00000-0  00000-0 0 00000
2 96564 097.7230 49.9290 0000000 000.0000 227.6090 15.01920000000000
1 96564U          19289.62222222  .00000000  00000-0  00000-0 0 00000
2 96564 097.7240 50.2910 0000000 000.0000 051.3600 15.01920000000000
1 96564U          19290.08333333  .00000000  00000-0  00000-0 0 00000
2 96564 097.7240 50.7460 0000000 000.0000 021.3600 15.01920000000000
1 96564U          19290.41180556  .00000000  00000-0  00000-0 0 00000
2 96564 097.7250 51.0690 0000000 000.0000 355.1110 15.01920000000000
1 96564U          19290.64305556  .00000000  00000-0  00000-0 0 00000
2 96564 097.7250 51.2970 0000000 000.0000 163.8610 15.01920000000000
1 96564U          19290.97638889  .00000000  00000-0  00000-0 0 00000
2 96564 097.7250 51.6260 0000000 000.0000 163.8620 15.01920000000000
1 96564U          19291.26736111  .00000000  00000-0  00000-0 0 00000
2 96564 097.7260 51.9130 0000000 000.0000 295.1120 15.01920000000000
1 96564U          19291.65347222  .00000000  00000-0  00000-0 0 00000
2 96564 097.7260 52.2930 0000000 000.0000 220.1130 15.01920000000000
1 96564U          19291.94652778  .00000000  00000-0  00000-0 0 00000
2 96564 097.7260 52.5820 0000000 000.0000 002.6130 15.01920000000000
1 96564U          19292.29583333  .00000000  00000-0  00000-0 0 00000
2 96564 097.7270 52.9270 0000000 000.0000 088.8640 15.01920000000000
1 96564U          19292.63402778  .00000000  00000-0  00000-0 0 00000
2 96564 097.7270 53.2600 0000000 000.0000 115.1140 15.01920000000000
1 96564U          19293.05625000  .00000000  00000-0  00000-0 0 00000
2 96564 097.7280 53.6760 0000000 000.0000 235.1150 15.01920000000000
1 96564U          19293.34513889  .00000000  00000-0  00000-0 0 00000
2 96564 097.7280 53.9610 0000000 000.0000 355.1150 15.01920000000000
1 96564U          19293.62361111  .00000000  00000-0  00000-0 0 00000
2 96564 097.7280 54.2360 0000000 000.0000 058.8660 15.01920000000000
1 96564U          19293.92013889  .00000000  00000-0  00000-0 0 00000
2 96564 097.7290 54.5280 0000000 000.0000 220.1160 15.01920000000000
1 96564U          19294.25208333  .00000000  00000-0  00000-0 0 00000
2 96564 097.7290 54.8550 0000000 000.0000 212.6170 15.01920000000000
1 96564U          19294.70277778  .00000000  00000-0  00000-0 0 00000
2 96564 097.7290 55.2990 0000000 000.0000 126.3680 15.01920000000000
1 96564U          19295.01041667  .00000000  00000-0  00000-0 0 00000
2 96564 097.7300 55.6030 0000000 000.0000 347.6180 15.01920000000000
1 96564U          19295.27638889  .00000000  00000-0  00000-0 0 00000
2 96564 097.7300 55.8650 0000000 000.0000 343.8680 15.01920000000000
1 96564U          19295.67083333  .00000000  00000-0  00000-0 0 00000
2 96564 097.7300 56.2540 0000000 000.0000 313.8690 15.01920000000000
1 96564U          19295.91944444  .00000000  00000-0  00000-0 0 00000
2 96564 097.7310 56.4990 0000000 000.0000 216.3690 15.01920000000000
1 96564U          19296.28194444  .00000000  00000-0  00000-0 0 00000
2 96564 097.7310 56.8560 0000000 000.0000 013.8700 15.01920000000000
1 96564U          19296.62847222  .00000000  00000-0  00000-0 0 00000
2 96564 097.7310 57.1980 0000000 000.0000 085.1210 15.01920000000000
1 96564U          19296.97083333  .00000000  00000-0  00000-0 0 00000
2 96564 097.7320 57.5350 0000000 000.0000 133.8710 15.01920000000000
1 96564U          19297.29583333  .00000000  00000-0  00000-0 0 00000
2 96564 097.7320 57.8560 0000000 000.0000 088.8720 15.01920000000000
1 96564U          19297.69583333  .00000000  00000-0  00000-0 0 00000
2 96564 097.7320 58.2500 0000000 000.0000 088.8720 15.01920000000000
1 96564U          19297.96388889  .00000000  00000-0  00000-0 0 00000
2 96564 097.7330 58.5140 0000000 000.0000 096.3730 15.01920000000000
1 96564U          19298.37430556  .00000000  00000-0  00000-0 0 00000
2 96564 097.7330 58.9190 0000000 000.0000 152.6230 15.01920000000000
1 96564U          19298.72569444  .00000000  00000-0  00000-0 0 00000
2 96564 097.7330 59.2650 0000000 000.0000 250.1240 15.01920000000000
1 96564U          19299.05000000  .00000000  00000-0  00000-0 0 00000
2 96564 097.7340 59.5850 0000000 000.0000 201.3750 15.01920000000000
1 96564U          19299.37430556  .00000000  00000-0  00000-0 0 00000
2 96564 097.7340 59.9050 0000000 000.0000 152.6250 15.01920000000000
1 96564U          19299.70763889  .00000000  00000-0  00000-0 0 00000
2 96564 097.7340 60.2330 0000000 000.0000 152.6260 15.01920000000000
1 96564U          19300.05486111  .00000000  00000-0  00000-0 0 00000
2 96564 097.7350 60.5760 0000000 000.0000 227.6260 15.01920000000000
1 96564U          19300.27500000  .00000000  00000-0  00000-0 0 00000
2 96564 097.7350 60.7930 0000000 000.0000 336.3770 15.01920000000000
1 96564U          19300.70972222  .00000000  00000-0  00000-0 0 00000
2 96564 097.7350 61.2210 0000000 000.0000 163.8770 15.01920000000000
1 96564U          19300.94236111  .00000000  00000-0  00000-0 0 00000
2 96564 097.7350 61.4510 0000000 000.0000 340.1280 15.01920000000000
1 96564U          19301.33888889  .00000000  00000-0  00000-0 0 00000
2 96564 097.7360 61.8410 0000000 000.0000 321.3780 15.01920000000000
1 96564U          19301.59652778  .00000000  00000-0  00000-0 0 00000
2 96564 097.7360 62.0950 0000000 000.0000 272.6290 15.01920000000000
1 96564U          19302.06666667  .00000000  00000-0  00000-0 0 00000
2 96564 097.7360 62.5590 0000000 000.0000 291.3800 15.01920000000000
1 96564U          19302.34930556  .00000000  00000-0  00000-0 0 00000
2 96564 097.7370 62.8380 0000000 000.0000 017.6300 15.01920000000000
1 96564U          19302.58750000  .00000000  00000-0  00000-0 0 00000
2 96564 097.7370 63.0720 0000000 000.0000 223.8810 15.01920000000000
1 96564U          19303.00972222  .00000000  00000-0  00000-0 0 00000
2 96564 097.7370 63.4890 0000000 000.0000 343.8810 15.01920000000000
1 96564U          19303.39861111  .00000000  00000-0  00000-0 0 00000
2 96564 097.7380 63.8720 0000000 000.0000 283.8820 15.01920000000000
1 96564U          19303.64791667  .00000000  00000-0  00000-0 0 00000
2 96564 097.7380 64.1180 0000000 000.0000 190.1320 15.01920000000000
1 96564U          19304.04861111  .00000000  00000-0  00000-0 0 00000
2 96564 097.7380 64.5130 0000000 000.0000 193.8830 15.01920000000000
1 96564U          19304.40694444  .00000000  00000-0  00000-0 0 00000
2 96564 097.7380 64.8660 0000000 000.0000 328.8840 15.01920000000000
1 96564U          19304.69444444  .00000000  00000-0  00000-0 0 00000
2 96564 097.7390 65.1500 0000000 000.0000 081.3840 15.01920000000000
1 96564U          19304.96736111  .00000000  00000-0  00000-0 0 00000
2 96564 097.7390 65.4190 0000000 000.0000 115.1350 15.01920000000000
1 96564U          19305.34861111  .00000000  00000-0  00000-0 0 00000
2 96564 097.7390 65.7940 0000000 000.0000 013.8850 15.01920000000000
1 96564U          19305.63402778  .00000000  00000-0  00000-0 0 00000
2 96564 097.7390 66.0760 0000000 000.0000 115.1360 15.01920000000000
1 96564U          19306.01388889  .00000000  00000-0  00000-0 0 00000
2 96564 097.7400 66.4500 0000000 000.0000 006.3870 15.01920000000000
1 96564U          19306.33472222  .00000000  00000-0  00000-0 0 00000
2 96564 097.7400 66.7670 0000000 000.0000 298.8870 15.01920000000000
1 96564U          19306.68611111  .00000000  00000-0  00000-0 0 00000
2 96564 097.7400 67.1130 0000000 000.0000 036.3880 15.01920000000000
1 96564U          19306.95763889  .00000000  00000-0  00000-0 0 00000
2 96564 097.7400 67.3810 0000000 000.0000 062.6380 15.01920000000000
1 96564U          19307.29097222  .00000000  00000-0  00000-0 0 00000
2 96564 097.7400 67.7090 0000000 000.0000 062.6390 15.01920000000000
1 96564U          19307.71458333  .00000000  00000-0  00000-0 0 00000
2 96564 097.7410 68.1270 0000000 000.0000 190.1400 15.01920000000000
1 96564U          19308.06111111  .00000000  00000-0  00000-0 0 00000
2 96564 097.7410 68.4690 0000000 000.0000 261.3900 15.01920000000000
1 96564U          19308.28333333  .00000000  00000-0  00000-0 0 00000
2 96564 097.7410 68.6880 0000000 000.0000 021.3910 15.01920000000000
1 96564U          19308.68680556  .00000000  00000-0  00000-0 0 00000
2 96564 097.7410 69.0850 0000000 000.0000 040.1410 15.01920000000000
1 96564U          19309.07847222  .00000000  00000-0  00000-0 0 00000
2 96564 097.7420 69.4710 0000000 000.0000 355.1420 15.01920000000000
1 96564U          19309.33333333  .00000000  00000-0  00000-0 0 00000
2 96564 097.7420 69.7230 0000000 000.0000 291.3920 15.01920000000000
1 96564U          19309.60902778  .00000000  00000-0  00000-0 0 00000
2 96564 097.7420 69.9950 0000000 000.0000 340.1430 15.01920000000000
1 96564U          19309.92847222  .00000000  00000-0  00000-0 0 00000
2 96564 097.7420 70.3090 0000000 000.0000 265.1440 15.01920000000000
1 96564U          19310.31388889  .00000000  00000-0  00000-0 0 00000
2 96564 097.7420 70.6890 0000000 000.0000 186.3940 15.01920000000000
1 96564U          19310.62291667  .00000000  00000-0  00000-0 0 00000
2 96564 097.7430 70.9940 0000000 000.0000 055.1450 15.01920000000000
1 96564U          19310.92083333  .00000000  00000-0  00000-0 0 00000
2 96564 097.7430 71.2880 0000000 000.0000 223.8950 15.01920000000000
1 96564U          19311.33263889  .00000000  00000-0  00000-0 0 00000
2 96564 097.7430 71.6940 0000000 000.0000 287.6460 15.01920000000000
1 96564U          19311.63819444  .00000000  00000-0  00000-0 0 00000
2 96564 097.7430 71.9950 0000000 000.0000 137.6470 15.01920000000000
1 96564U          19311.92222222  .00000000  00000-0  00000-0 0 00000
2 96564 097.7430 72.2750 0000000 000.0000 231.3970 15.01914300000000
1 96564U          19312.30208333  .00000000  00000-0  00000-0 0 00000
2 96564 097.7440 72.6490 0000000 000.0000 122.6480 15.01914300000000
1 96564U          19312.50347222  .00000000  00000-0  00000-0 0 00000
2 96564 097.7440 72.8480 0000000 000.0000 130.1480 15.01914300000000
1 96564U          19312.92152778  .00000000  00000-0  00000-0 0 00000
2 96564 097.7440 73.2600 0000000 000.0000 227.6490 15.01914300000000
1 96564U          19313.19791667  .00000000  00000-0  00000-0 0 00000
2 96564 097.7440 73.5330 0000000 000.0000 280.1500 15.01914300000000
1 96564U          19313.60486111  .00000000  00000-0  00000-0 0 00000
2 96564 097.7440 73.9340 0000000 000.0000 317.6500 15.01914300000000
1 96564U          19313.93750000  .00000000  00000-0  00000-0 0 00000
2 96564 097.7440 74.2620 0000000 000.0000 313.9010 15.01914300000000
1 96564U          19314.18472222  .00000000  00000-0  00000-0 0 00000
2 96564 097.7450 74.5050 0000000 000.0000 208.9010 15.01914300000000
1 96564U          19314.57777778  .00000000  00000-0  00000-0 0 00000
2 96564 097.7450 74.8930 0000000 000.0000 171.4020 15.01914300000000
1 96564U          19314.82847222  .00000000  00000-0  00000-0 0 00000
2 96564 097.7450 75.1400 0000000 000.0000 085.1530 15.01914300000000
1 96564U          19315.29305556  .00000000  00000-0  00000-0 0 00000
2 96564 097.7450 75.5980 0000000 000.0000 073.9030 15.01914300000000
1 96564U          19315.61597222  .00000000  00000-0  00000-0 0 00000
2 96564 097.7450 75.9160 0000000 000.0000 017.6540 15.01914300000000
1 96564U          19315.88819444  .00000000  00000-0  00000-0 0 00000
2 96564 097.7450 76.1850 0000000 000.0000 047.6550 15.01914300000000
1 96564U          19316.21527778  .00000000  00000-0  00000-0 0 00000
2 96564 097.7450 76.5070 0000000 000.0000 013.9050 15.01914300000000
1 96564U          19316.57152778  .00000000  00000-0  00000-0 0 00000
2 96564 097.7460 76.8580 0000000 000.0000 137.6560 15.01914300000000
1 96564U          19316.81527778  .00000000  00000-0  00000-0 0 00000
2 96564 097.7460 77.0990 0000000 000.0000 013.9060 15.01914300000000
1 96564U          19317.24722222  .00000000  00000-0  00000-0 0 00000
2 96564 097.7460 77.5250 0000000 000.0000 186.4070 15.01914300000000
1 96564U          19317.63680556  .00000000  00000-0  00000-0 0 00000
2 96564 097.7460 77.9090 0000000 000.0000 130.1580 15.01914300000000
1 96564U          19317.83680556  .00000000  00000-0  00000-0 0 00000
2 96564 097.7460 78.1060 0000000 000.0000 130.1580 15.01914300000000
1 96564U          19318.22638889  .00000000  00000-0  00000-0 0 00000
2 96564 097.7460 78.4900 0000000 000.0000 073.9090 15.01914300000000
1 96564U          19318.51805556  .00000000  00000-0  00000-0 0 00000
2 96564 097.7460 78.7770 0000000 000.0000 208.9090 15.01914300000000
1 96564U          19318.85138889  .00000000  00000-0  00000-0 0 00000
2 96564 097.7460 79.1060 0000000 000.0000 208.9100 15.01914300000000
1 96564U          19318.93194444  .00000000  00000-0  00000-0 0 00000
2 96564 097.7460 79.1860 0000000 000.0000 283.9100 15.01914300000000
1 96564U          19319.21805556  .00000000  00000-0  00000-0 0 00000
2 96564 097.7470 79.4680 0000000 000.0000 028.9110 15.01914300000000
1 96564U          19319.52013889  .00000000  00000-0  00000-0 0 00000
2 96564 097.7470 79.7650 0000000 000.0000 220.1610 15.01914300000000
1 96564U          19319.83194444  .00000000  00000-0  00000-0 0 00000
2 96564 097.7470 80.0730 0000000 000.0000 103.9120 15.01914300000000
1 96564U          19320.23402778  .00000000  00000-0  00000-0 0 00000
2 96564 097.7470 80.4690 0000000 000.0000 115.1630 15.01914300000000
1 96564U          19320.60763889  .00000000  00000-0  00000-0 0 00000
2 96564 097.7470 80.8380 0000000 000.0000 332.6630 15.01914300000000
1 96564U          19320.93958333  .00000000  00000-0  00000-0 0 00000
2 96564 097.7470 81.1650 0000000 000.0000 325.1640 15.01914300000000
1 96564U          19321.29930556  .00000000  00000-0  00000-0 0 00000
2 96564 097.7470 81.5190 0000000 000.0000 107.6650 15.01914300000000
1 96564U          19321.62986111  .00000000  00000-0  00000-0 0 00000
2 96564 097.7470 81.8450 0000000 000.0000 092.6650 15.01914300000000
1 96564U          19321.85833333  .00000000  00000-0  00000-0 0 00000
2 96564 097.7470 82.0710 0000000 000.0000 246.4160 15.01914300000000
1 96564U          19322.21180556  .00000000  00000-0  00000-0 0 00000
2 96564 097.7470 82.4190 0000000 000.0000 355.1660 15.01914300000000
1 96564U          19322.54861111  .00000000  00000-0  00000-0 0 00000
2 96564 097.7470 82.7510 0000000 000.0000 013.9170 15.01914300000000
1 96564U          19322.92500000  .00000000  00000-0  00000-0 0 00000
2 96564 097.7480 83.1220 0000000 000.0000 246.4180 15.01914300000000
1 96564U          19323.19861111  .00000000  00000-0  00000-0 0 00000
2 96564 097.7480 83.3920 0000000 000.0000 283.9180 15.01914300000000
1 96564U          19323.51944444  .00000000  00000-0  00000-0 0 00000
2 96564 097.7480 83.7080 0000000 000.0000 216.4190 15.01914300000000
1 96564U          19323.92152778  .00000000  00000-0  00000-0 0 00000
2 96564 097.7480 84.1050 0000000 000.0000 227.6700 15.01914300000000
1 96564U          19324.15902778  .00000000  00000-0  00000-0 0 00000
2 96564 097.7480 84.3390 0000000 000.0000 070.1700 15.01914300000000
1 96564U          19324.54861111  .00000000  00000-0  00000-0 0 00000
2 96564 097.7480 84.7230 0000000 000.0000 013.9210 15.01914300000000
1 96564U          19324.91041667  .00000000  00000-0  00000-0 0 00000
2 96564 097.7480 85.0790 0000000 000.0000 167.6720 15.01914300000000
1 96564U          19325.30208333  .00000000  00000-0  00000-0 0 00000
2 96564 097.7480 85.4660 0000000 000.0000 122.6720 15.01914300000000
1 96564U          19325.48819444  .00000000  00000-0  00000-0 0 00000
2 96564 097.7480 85.6490 0000000 000.0000 047.6730 15.01914300000000
1 96564U          19325.84236111  .00000000  00000-0  00000-0 0 00000
2 96564 097.7480 85.9980 0000000 000.0000 160.1730 15.01914300000000
1 96564U          19325.89583333  .00000000  00000-0  00000-0 0 00000
2 96564 097.7480 86.0510 0000000 000.0000 088.9230 15.01914300000000
1 96564U          19326.25555556  .00000000  00000-0  00000-0 0 00000
2 96564 097.7480 86.4060 0000000 000.0000 231.4240 15.01914300000000
1 96564U          19326.57083333  .00000000  00000-0  00000-0 0 00000
2 96564 097.7480 86.7160 0000000 000.0000 133.9250 15.01914300000000
1 96564U          19326.84791667  .00000000  00000-0  00000-0 0 00000
2 96564 097.7480 86.9900 0000000 000.0000 190.1750 15.01914300000000
1 96564U          19327.26180556  .00000000  00000-0  00000-0 0 00000
2 96564 097.7480 87.3980 0000000 000.0000 265.1760 15.01914300000000
1 96564U          19327.62430556  .00000000  00000-0  00000-0 0 00000
2 96564 097.7480 87.7550 0000000 000.0000 062.6770 15.01914300000000
1 96564U          19327.88194444  .00000000  00000-0  00000-0 0 00000
2 96564 097.7480 88.0090 0000000 000.0000 013.9270 15.01914300000000
1 96564U          19328.21458333  .00000000  00000-0  00000-0 0 00000
2 96564 097.7480 88.3370 0000000 000.0000 010.1780 15.01914300000000
1 96564U          19328.60416667  .00000000  00000-0  00000-0 0 00000
2 96564 097.7480 88.7210 0000000 000.0000 313.9290 15.01914300000000
1 96564U          19328.85347222  .00000000  00000-0  00000-0 0 00000
2 96564 097.7480 88.9670 0000000 000.0000 220.1790 15.01914300000000
1 96564U          19329.23472222  .00000000  00000-0  00000-0 0 00000
2 96564 097.7480 89.3430 0000000 000.0000 118.9300 15.01914300000000
1 96564U          19329.52222222  .00000000  00000-0  00000-0 0 00000
2 96564 097.7480 89.6260 0000000 000.0000 231.4300 15.01914300000000
1 96564U          19329.86736111  .00000000  00000-0  00000-0 0 00000
2 96564 097.7480 89.9660 0000000 000.0000 295.1810 15.01914300000000
1 96564U          19330.15902778  .00000000  00000-0  00000-0 0 00000
2 96564 097.7480 90.2540 0000000 000.0000 070.1820 15.01914300000000
1 96564U          19330.50972222  .00000000  00000-0  00000-0 0 00000
2 96564 097.7480 90.6000 0000000 000.0000 163.9320 15.01914300000000
1 96564U          19330.83750000  .00000000  00000-0  00000-0 0 00000
2 96564 097.7480 90.9230 0000000 000.0000 133.9330 15.01914300000000
1 96564U          19331.29583333  .00000000  00000-0  00000-0 0 00000
2 96564 097.7480 91.3750 0000000 000.0000 088.9340 15.01914300000000
1 96564U          19331.61666667  .00000000  00000-0  00000-0 0 00000
2 96564 097.7480 91.6910 0000000 000.0000 021.4340 15.01914300000000
1 96564U          19331.89236111  .00000000  00000-0  00000-0 0 00000
2 96564 097.7480 91.9630 0000000 000.0000 070.1850 15.01914300000000
1 96564U          19332.23472222  .00000000  00000-0  00000-0 0 00000
2 96564 097.7480 92.3000 0000000 000.0000 118.9360 15.01914300000000
1 96564U          19332.58541667  .00000000  00000-0  00000-0 0 00000
2 96564 097.7480 92.6460 0000000 000.0000 212.6860 15.01914300000000
1 96564U          19332.85694444  .00000000  00000-0  00000-0 0 00000
2 96564 097.7480 92.9140 0000000 000.0000 238.9370 15.01914300000000
