1 99277U          19281.96041667  .00000000  00000-0  00000-0 0 00000
2 99277 097.7410 68.4580 0000000 000.0000 129.0680 15.01920000000000
1 99277U          19282.40902778  .00000000  00000-0  00000-0 0 00000
2 99277 097.7410 68.9000 0000000 000.0000 031.5690 15.01920000000000
1 99277U          19282.59097222  .00000000  00000-0  00000-0 0 00000
2 99277 097.7410 69.0790 0000000 000.0000 294.0690 15.01920000000000
1 99277U          19283.00555556  .00000000  00000-0  00000-0 0 00000
2 99277 097.7420 69.4880 0000000 000.0000 012.8200 15.01920000000000
1 99277U          19283.40486111  .00000000  00000-0  00000-0 0 00000
2 99277 097.7420 69.8820 0000000 000.0000 009.0700 15.01920000000000
1 99277U          19283.63888889  .00000000  00000-0  00000-0 0 00000
2 99277 097.7420 70.1120 0000000 000.0000 192.8210 15.01920000000000
1 99277U          19284.02500000  .00000000  00000-0  00000-0 0 00000
2 99277 097.7420 70.4930 0000000 000.0000 117.8210 15.01920000000000
1 99277U          19284.27013889  .00000000  00000-0  00000-0 0 00000
2 99277 097.7420 70.7350 0000000 000.0000 001.5720 15.01920000000000
1 99277U          19284.73958333  .00000000  00000-0  00000-0 0 00000
2 99277 097.7430 71.1980 0000000 000.0000 016.5730 15.01920000000000
1 99277U          19284.98750000  .00000000  00000-0  00000-0 0 00000
2 99277 097.7430 71.4420 0000000 000.0000 275.3230 15.01920000000000
1 99277U          19285.35972222  .00000000  00000-0  00000-0 0 00000
2 99277 097.7430 71.8090 0000000 000.0000 125.3240 15.01920000000000
1 99277U          19285.67777778  .00000000  00000-0  00000-0 0 00000
2 99277 097.7430 72.1220 0000000 000.0000 042.8240 15.01920000000000
1 99277U          19285.94652778  .00000000  00000-0  00000-0 0 00000
2 99277 097.7430 72.3870 0000000 000.0000 054.0750 15.01920000000000
1 99277U          19286.29444444  .00000000  00000-0  00000-0 0 00000
2 99277 097.7440 72.7300 0000000 000.0000 132.8260 15.01920000000000
1 99277U          19286.65069444  .00000000  00000-0  00000-0 0 00000
2 99277 097.7440 73.0820 0000000 000.0000 256.5760 15.01920000000000
1 99277U          19287.02152778  .00000000  00000-0  00000-0 0 00000
2 99277 097.7440 73.4470 0000000 000.0000 099.0770 15.01920000000000
1 99277U          19287.41250000  .00000000  00000-0  00000-0 0 00000
2 99277 097.7440 73.8330 0000000 000.0000 050.3280 15.01920000000000
1 99277U          19287.72916667  .00000000  00000-0  00000-0 0 00000
2 99277 097.7440 74.1450 0000000 000.0000 320.3280 15.01920000000000
1 99277U          19288.06805556  .00000000  00000-0  00000-0 0 00000
2 99277 097.7440 74.4790 0000000 000.0000 350.3290 15.01920000000000
1 99277U          19288.25416667  .00000000  00000-0  00000-0 0 00000
2 99277 097.7450 74.6620 0000000 000.0000 275.3290 15.01920000000000
1 99277U          19288.70000000  .00000000  00000-0  00000-0 0 00000
2 99277 097.7450 75.1020 0000000 000.0000 162.8300 15.01920000000000
1 99277U          19288.96736111  .00000000  00000-0  00000-0 0 00000
2 99277 097.7450 75.3660 0000000 000.0000 166.5810 15.01920000000000
1 99277U          19289.27013889  .00000000  00000-0  00000-0 0 00000
2 99277 097.7450 75.6640 0000000 000.0000 001.5810 15.01920000000000
1 99277U          19289.59166667  .00000000  00000-0  00000-0 0 00000
2 99277 097.7450 75.9810 0000000 000.0000 297.8320 15.01920000000000
1 99277U          19290.01875000  .00000000  00000-0  00000-0 0 00000
2 99277 097.7450 76.4020 0000000 000.0000 084.0820 15.01920000000000
1 99277U          19290.31458333  .00000000  00000-0  00000-0 0 00000
2 99277 097.7460 76.6940 0000000 000.0000 241.5830 15.01920000000000
1 99277U          19290.71736111  .00000000  00000-0  00000-0 0 00000
2 99277 097.7460 77.0910 0000000 000.0000 256.5840 15.01920000000000
1 99277U          19290.94097222  .00000000  00000-0  00000-0 0 00000
2 99277 097.7460 77.3110 0000000 000.0000 024.0840 15.01920000000000
1 99277U          19291.33194444  .00000000  00000-0  00000-0 0 00000
2 99277 097.7460 77.6970 0000000 000.0000 335.3350 15.01920000000000
1 99277U          19291.73333333  .00000000  00000-0  00000-0 0 00000
2 99277 097.7460 78.0920 0000000 000.0000 342.8360 15.01920000000000
1 99277U          19291.97291667  .00000000  00000-0  00000-0 0 00000
2 99277 097.7460 78.3290 0000000 000.0000 196.5860 15.01920000000000
1 99277U          19292.41111111  .00000000  00000-0  00000-0 0 00000
2 99277 097.7460 78.7610 0000000 000.0000 042.8370 15.01920000000000
1 99277U          19292.66666667  .00000000  00000-0  00000-0 0 00000
2 99277 097.7460 79.0120 0000000 000.0000 342.8370 15.01920000000000
1 99277U          19292.97708333  .00000000  00000-0  00000-0 0 00000
2 99277 097.7470 79.3190 0000000 000.0000 219.0880 15.01920000000000
1 99277U          19293.37291667  .00000000  00000-0  00000-0 0 00000
2 99277 097.7470 79.7090 0000000 000.0000 196.5890 15.01920000000000
1 99277U          19293.71041667  .00000000  00000-0  00000-0 0 00000
2 99277 097.7470 80.0410 0000000 000.0000 219.0890 15.01920000000000
1 99277U          19293.92500000  .00000000  00000-0  00000-0 0 00000
2 99277 097.7470 80.2530 0000000 000.0000 297.8400 15.01920000000000
1 99277U          19294.35902778  .00000000  00000-0  00000-0 0 00000
2 99277 097.7470 80.6810 0000000 000.0000 121.5910 15.01920000000000
1 99277U          19294.60902778  .00000000  00000-0  00000-0 0 00000
2 99277 097.7470 80.9270 0000000 000.0000 031.5910 15.01920000000000
1 99277U          19294.94513889  .00000000  00000-0  00000-0 0 00000
2 99277 097.7470 81.2590 0000000 000.0000 046.5920 15.01920000000000
1 99277U          19295.31597222  .00000000  00000-0  00000-0 0 00000
2 99277 097.7470 81.6240 0000000 000.0000 249.0920 15.01920000000000
1 99277U          19295.71319444  .00000000  00000-0  00000-0 0 00000
2 99277 097.7470 82.0160 0000000 000.0000 234.0930 15.01920000000000
1 99277U          19295.97430556  .00000000  00000-0  00000-0 0 00000
2 99277 097.7470 82.2730 0000000 000.0000 204.0940 15.01920000000000
1 99277U          19296.27986111  .00000000  00000-0  00000-0 0 00000
2 99277 097.7470 82.5750 0000000 000.0000 054.0940 15.01920000000000
1 99277U          19296.60138889  .00000000  00000-0  00000-0 0 00000
2 99277 097.7480 82.8920 0000000 000.0000 350.3450 15.01920000000000
1 99277U          19297.03402778  .00000000  00000-0  00000-0 0 00000
2 99277 097.7480 83.3180 0000000 000.0000 166.5960 15.01920000000000
1 99277U          19297.34722222  .00000000  00000-0  00000-0 0 00000
2 99277 097.7480 83.6270 0000000 000.0000 057.8460 15.01920000000000
1 99277U          19297.66458333  .00000000  00000-0  00000-0 0 00000
2 99277 097.7480 83.9400 0000000 000.0000 331.5970 15.01920000000000
1 99277U          19298.07847222  .00000000  00000-0  00000-0 0 00000
2 99277 097.7480 84.3480 0000000 000.0000 046.5980 15.01920000000000
1 99277U          19298.31458333  .00000000  00000-0  00000-0 0 00000
2 99277 097.7480 84.5810 0000000 000.0000 241.5980 15.01920000000000
1 99277U          19298.68472222  .00000000  00000-0  00000-0 0 00000
2 99277 097.7480 84.9450 0000000 000.0000 080.3490 15.01920000000000
1 99277U          19299.07777778  .00000000  00000-0  00000-0 0 00000
2 99277 097.7480 85.3330 0000000 000.0000 042.8500 15.01920000000000
1 99277U          19299.40000000  .00000000  00000-0  00000-0 0 00000
2 99277 097.7480 85.6510 0000000 000.0000 342.8500 15.01920000000000
1 99277U          19299.61736111  .00000000  00000-0  00000-0 0 00000
2 99277 097.7480 85.8650 0000000 000.0000 076.6010 15.01920000000000
1 99277U          19299.96527778  .00000000  00000-0  00000-0 0 00000
2 99277 097.7480 86.2080 0000000 000.0000 155.3510 15.01920000000000
1 99277U          19300.34027778  .00000000  00000-0  00000-0 0 00000
2 99277 097.7480 86.5780 0000000 000.0000 020.3520 15.01920000000000
1 99277U          19300.58333333  .00000000  00000-0  00000-0 0 00000
2 99277 097.7480 86.8170 0000000 000.0000 252.8520 15.01920000000000
1 99277U          19300.96527778  .00000000  00000-0  00000-0 0 00000
2 99277 097.7480 87.1940 0000000 000.0000 155.3530 15.01920000000000
1 99277U          19301.34305556  .00000000  00000-0  00000-0 0 00000
2 99277 097.7480 87.5660 0000000 000.0000 035.3540 15.01920000000000
1 99277U          19301.70277778  .00000000  00000-0  00000-0 0 00000
2 99277 097.7480 87.9210 0000000 000.0000 177.8550 15.01920000000000
1 99277U          19301.99236111  .00000000  00000-0  00000-0 0 00000
2 99277 097.7480 88.2060 0000000 000.0000 301.6050 15.01920000000000
1 99277U          19302.27708333  .00000000  00000-0  00000-0 0 00000
2 99277 097.7480 88.4870 0000000 000.0000 039.1060 15.01920000000000
1 99277U          19302.66597222  .00000000  00000-0  00000-0 0 00000
2 99277 097.7480 88.8700 0000000 000.0000 339.1060 15.01920000000000
1 99277U          19303.07708333  .00000000  00000-0  00000-0 0 00000
2 99277 097.7480 89.2760 0000000 000.0000 039.1070 15.01920000000000
1 99277U          19303.39861111  .00000000  00000-0  00000-0 0 00000
2 99277 097.7480 89.5930 0000000 000.0000 335.3580 15.01920000000000
1 99277U          19303.65277778  .00000000  00000-0  00000-0 0 00000
2 99277 097.7480 89.8430 0000000 000.0000 267.8580 15.01920000000000
1 99277U          19304.00625000  .00000000  00000-0  00000-0 0 00000
2 99277 097.7480 90.1920 0000000 000.0000 016.6090 15.01920000000000
1 99277U          19304.37291667  .00000000  00000-0  00000-0 0 00000
2 99277 097.7480 90.5530 0000000 000.0000 196.6100 15.01920000000000
1 99277U          19304.70902778  .00000000  00000-0  00000-0 0 00000
2 99277 097.7480 90.8850 0000000 000.0000 211.6100 15.01920000000000
1 99277U          19305.06388889  .00000000  00000-0  00000-0 0 00000
2 99277 097.7480 91.2340 0000000 000.0000 327.8610 15.01920000000000
1 99277U          19305.25902778  .00000000  00000-0  00000-0 0 00000
2 99277 097.7480 91.4270 0000000 000.0000 301.6110 15.01920000000000
1 99277U          19305.71805556  .00000000  00000-0  00000-0 0 00000
2 99277 097.7480 91.8790 0000000 000.0000 260.3620 15.01920000000000
1 99277U          19306.00555556  .00000000  00000-0  00000-0 0 00000
2 99277 097.7480 92.1630 0000000 000.0000 012.8630 15.01920000000000
1 99277U          19306.34236111  .00000000  00000-0  00000-0 0 00000
2 99277 097.7480 92.4950 0000000 000.0000 031.6140 15.01920000000000
1 99277U          19306.64513889  .00000000  00000-0  00000-0 0 00000
2 99277 097.7480 92.7930 0000000 000.0000 226.6140 15.01920000000000
1 99277U          19307.00694444  .00000000  00000-0  00000-0 0 00000
2 99277 097.7480 93.1500 0000000 000.0000 020.3650 15.01920000000000
1 99277U          19307.26388889  .00000000  00000-0  00000-0 0 00000
2 99277 097.7480 93.4030 0000000 000.0000 327.8650 15.01920000000000
1 99277U          19307.70902778  .00000000  00000-0  00000-0 0 00000
2 99277 097.7480 93.8420 0000000 000.0000 211.6160 15.01920000000000
1 99277U          19308.02013889  .00000000  00000-0  00000-0 0 00000
2 99277 097.7480 94.1490 0000000 000.0000 091.6170 15.01920000000000
1 99277U          19308.33888889  .00000000  00000-0  00000-0 0 00000
2 99277 097.7480 94.4630 0000000 000.0000 012.8670 15.01920000000000
1 99277U          19308.70138889  .00000000  00000-0  00000-0 0 00000
2 99277 097.7480 94.8200 0000000 000.0000 170.3680 15.01920000000000
1 99277U          19309.07500000  .00000000  00000-0  00000-0 0 00000
2 99277 097.7480 95.1890 0000000 000.0000 027.8690 15.01920000000000
1 99277U          19309.33819444  .00000000  00000-0  00000-0 0 00000
2 99277 097.7480 95.4480 0000000 000.0000 009.1190 15.01920000000000
1 99277U          19309.62986111  .00000000  00000-0  00000-0 0 00000
2 99277 097.7480 95.7360 0000000 000.0000 144.1200 15.01920000000000
1 99277U          19309.98125000  .00000000  00000-0  00000-0 0 00000
2 99277 097.7480 96.0820 0000000 000.0000 241.6200 15.01920000000000
1 99277U          19310.38194444  .00000000  00000-0  00000-0 0 00000
2 99277 097.7480 96.4770 0000000 000.0000 245.3710 15.01920000000000
1 99277U          19310.61666667  .00000000  00000-0  00000-0 0 00000
2 99277 097.7470 96.7090 0000000 000.0000 072.8720 15.01920000000000
1 99277U          19311.00555556  .00000000  00000-0  00000-0 0 00000
2 99277 097.7470 97.0920 0000000 000.0000 012.8720 15.01920000000000
1 99277U          19311.27708333  .00000000  00000-0  00000-0 0 00000
2 99277 097.7470 97.3600 0000000 000.0000 039.1230 15.01920000000000
1 99277U          19311.74375000  .00000000  00000-0  00000-0 0 00000
2 99277 097.7470 97.8200 0000000 000.0000 039.1240 15.01920000000000
1 99277U          19311.89583333  .00000000  00000-0  00000-0 0 00000
2 99277 097.7470 97.9700 0000000 000.0000 140.3740 15.01914300000000
1 99277U          19312.23263889  .00000000  00000-0  00000-0 0 00000
2 99277 097.7470 98.3020 0000000 000.0000 159.1250 15.01914300000000
1 99277U          19312.58125000  .00000000  00000-0  00000-0 0 00000
2 99277 097.7470 98.6450 0000000 000.0000 241.6250 15.01914300000000
1 99277U          19312.90277778  .00000000  00000-0  00000-0 0 00000
2 99277 097.7470 98.9620 0000000 000.0000 177.8760 15.01914300000000
1 99277U          19313.29791667  .00000000  00000-0  00000-0 0 00000
2 99277 097.7470 99.3520 0000000 000.0000 151.6270 15.01914300000000
1 99277U          19313.48750000  .00000000  00000-0  00000-0 0 00000
2 99277 097.7470 99.5390 0000000 000.0000 095.3770 15.01914300000000
1 99277U          19313.89375000  .00000000  00000-0  00000-0 0 00000
2 99277 097.7470 99.9390 0000000 000.0000 129.1280 15.01914300000000
1 99277U          19314.18680556  .00000000  00000-0  00000-0 0 00000
2 99277 097.7460 100.2280 0000000 000.0000 271.6280 15.01914300000000
1 99277U          19314.55416667  .00000000  00000-0  00000-0 0 00000
2 99277 097.7460 100.5900 0000000 000.0000 095.3790 15.01914300000000
1 99277U          19314.89236111  .00000000  00000-0  00000-0 0 00000
2 99277 097.7460 100.9240 0000000 000.0000 121.6300 15.01914300000000
1 99277U          19315.25902778  .00000000  00000-0  00000-0 0 00000
2 99277 097.7460 101.2850 0000000 000.0000 301.6300 15.01914300000000
1 99277U          19315.63333333  .00000000  00000-0  00000-0 0 00000
2 99277 097.7460 101.6540 0000000 000.0000 162.8810 15.01914300000000
1 99277U          19315.95138889  .00000000  00000-0  00000-0 0 00000
2 99277 097.7460 101.9680 0000000 000.0000 080.3820 15.01914300000000
1 99277U          19316.17708333  .00000000  00000-0  00000-0 0 00000
2 99277 097.7460 102.1900 0000000 000.0000 219.1320 15.01914300000000
1 99277U          19316.57847222  .00000000  00000-0  00000-0 0 00000
2 99277 097.7460 102.5860 0000000 000.0000 226.6330 15.01914300000000
1 99277U          19316.97013889  .00000000  00000-0  00000-0 0 00000
2 99277 097.7450 102.9720 0000000 000.0000 181.6340 15.01914300000000
1 99277U          19317.16944444  .00000000  00000-0  00000-0 0 00000
2 99277 097.7450 103.1690 0000000 000.0000 177.8840 15.01914300000000
1 99277U          19317.51805556  .00000000  00000-0  00000-0 0 00000
2 99277 097.7450 103.5120 0000000 000.0000 260.3850 15.01914300000000
1 99277U          19317.94513889  .00000000  00000-0  00000-0 0 00000
2 99277 097.7450 103.9330 0000000 000.0000 046.6350 15.01914300000000
1 99277U          19318.29652778  .00000000  00000-0  00000-0 0 00000
2 99277 097.7450 104.2800 0000000 000.0000 144.1360 15.01914300000000
1 99277U          19318.52430556  .00000000  00000-0  00000-0 0 00000
2 99277 097.7450 104.5040 0000000 000.0000 294.1370 15.01914300000000
1 99277U          19318.89583333  .00000000  00000-0  00000-0 0 00000
2 99277 097.7440 104.8710 0000000 000.0000 140.3870 15.01914300000000
1 99277U          19318.91388889  .00000000  00000-0  00000-0 0 00000
2 99277 097.7440 104.8890 0000000 000.0000 237.8870 15.01914300000000
1 99277U          19319.20069444  .00000000  00000-0  00000-0 0 00000
2 99277 097.7440 105.1710 0000000 000.0000 346.6380 15.01914300000000
1 99277U          19319.51111111  .00000000  00000-0  00000-0 0 00000
2 99277 097.7440 105.4770 0000000 000.0000 222.8880 15.01914300000000
1 99277U          19319.95347222  .00000000  00000-0  00000-0 0 00000
2 99277 097.7440 105.9130 0000000 000.0000 091.6390 15.01914300000000
1 99277U          19320.25486111  .00000000  00000-0  00000-0 0 00000
2 99277 097.7440 106.2110 0000000 000.0000 279.1400 15.01914300000000
1 99277U          19320.52361111  .00000000  00000-0  00000-0 0 00000
2 99277 097.7440 106.4750 0000000 000.0000 290.3900 15.01914300000000
1 99277U          19320.83611111  .00000000  00000-0  00000-0 0 00000
2 99277 097.7430 106.7840 0000000 000.0000 177.8910 15.01914300000000
1 99277U          19321.19236111  .00000000  00000-0  00000-0 0 00000
2 99277 097.7430 107.1350 0000000 000.0000 301.6410 15.01914300000000
1 99277U          19321.51250000  .00000000  00000-0  00000-0 0 00000
2 99277 097.7430 107.4500 0000000 000.0000 230.3920 15.01914300000000
1 99277U          19321.85763889  .00000000  00000-0  00000-0 0 00000
2 99277 097.7430 107.7910 0000000 000.0000 294.1430 15.01914300000000
1 99277U          19322.29027778  .00000000  00000-0  00000-0 0 00000
2 99277 097.7430 108.2170 0000000 000.0000 110.3930 15.01914300000000
1 99277U          19322.49791667  .00000000  00000-0  00000-0 0 00000
2 99277 097.7430 108.4220 0000000 000.0000 151.6440 15.01914300000000
1 99277U          19322.96666667  .00000000  00000-0  00000-0 0 00000
2 99277 097.7420 108.8840 0000000 000.0000 162.8950 15.01914300000000
1 99277U          19323.22569444  .00000000  00000-0  00000-0 0 00000
2 99277 097.7420 109.1390 0000000 000.0000 121.6450 15.01914300000000
1 99277U          19323.63680556  .00000000  00000-0  00000-0 0 00000
2 99277 097.7420 109.5450 0000000 000.0000 181.6460 15.01914300000000
1 99277U          19323.96111111  .00000000  00000-0  00000-0 0 00000
2 99277 097.7420 109.8640 0000000 000.0000 132.8960 15.01914300000000
1 99277U          19324.29930556  .00000000  00000-0  00000-0 0 00000
2 99277 097.7410 110.1980 0000000 000.0000 159.1470 15.01914300000000
1 99277U          19324.51666667  .00000000  00000-0  00000-0 0 00000
2 99277 097.7410 110.4120 0000000 000.0000 252.8970 15.01914300000000
1 99277U          19324.93125000  .00000000  00000-0  00000-0 0 00000
2 99277 097.7410 110.8210 0000000 000.0000 331.6480 15.01914300000000
1 99277U          19325.24444444  .00000000  00000-0  00000-0 0 00000
2 99277 097.7410 111.1290 0000000 000.0000 222.8990 15.01914300000000
1 99277U          19325.49861111  .00000000  00000-0  00000-0 0 00000
2 99277 097.7410 111.3800 0000000 000.0000 155.3990 15.01914300000000
1 99277U          19325.81805556  .00000000  00000-0  00000-0 0 00000
2 99277 097.7400 111.6950 0000000 000.0000 080.4000 15.01914300000000
1 99277U          19325.97152778  .00000000  00000-0  00000-0 0 00000
2 99277 097.7400 111.8460 0000000 000.0000 189.1500 15.01914300000000
1 99277U          19326.23333333  .00000000  00000-0  00000-0 0 00000
2 99277 097.7400 112.1040 0000000 000.0000 162.9010 15.01914300000000
1 99277U          19326.60138889  .00000000  00000-0  00000-0 0 00000
2 99277 097.7400 112.4670 0000000 000.0000 350.4010 15.01914300000000
1 99277U          19326.96805556  .00000000  00000-0  00000-0 0 00000
2 99277 097.7400 112.8290 0000000 000.0000 170.4020 15.01914300000000
1 99277U          19327.30347222  .00000000  00000-0  00000-0 0 00000
2 99277 097.7390 113.1590 0000000 000.0000 181.6520 15.01914300000000
1 99277U          19327.60763889  .00000000  00000-0  00000-0 0 00000
2 99277 097.7390 113.4590 0000000 000.0000 024.1530 15.01914300000000
1 99277U          19327.90347222  .00000000  00000-0  00000-0 0 00000
2 99277 097.7390 113.7510 0000000 000.0000 181.6530 15.01914300000000
1 99277U          19328.25902778  .00000000  00000-0  00000-0 0 00000
2 99277 097.7390 114.1010 0000000 000.0000 301.6540 15.01914300000000
1 99277U          19328.55902778  .00000000  00000-0  00000-0 0 00000
2 99277 097.7380 114.3970 0000000 000.0000 121.6550 15.01914300000000
1 99277U          19328.83125000  .00000000  00000-0  00000-0 0 00000
2 99277 097.7380 114.6650 0000000 000.0000 151.6550 15.01914300000000
1 99277U          19329.23402778  .00000000  00000-0  00000-0 0 00000
2 99277 097.7380 115.0630 0000000 000.0000 166.6560 15.01914300000000
1 99277U          19329.58819444  .00000000  00000-0  00000-0 0 00000
2 99277 097.7380 115.4120 0000000 000.0000 279.1560 15.01914300000000
1 99277U          19329.84930556  .00000000  00000-0  00000-0 0 00000
2 99277 097.7370 115.6690 0000000 000.0000 249.1570 15.01914300000000
1 99277U          19330.20347222  .00000000  00000-0  00000-0 0 00000
2 99277 097.7370 116.0180 0000000 000.0000 001.6570 15.01914300000000
1 99277U          19330.51111111  .00000000  00000-0  00000-0 0 00000
2 99277 097.7370 116.3220 0000000 000.0000 222.9080 15.01914300000000
1 99277U          19330.84027778  .00000000  00000-0  00000-0 0 00000
2 99277 097.7360 116.6460 0000000 000.0000 200.4090 15.01914300000000
1 99277U          19331.23611111  .00000000  00000-0  00000-0 0 00000
2 99277 097.7360 117.0360 0000000 000.0000 177.9090 15.01914300000000
1 99277U          19331.53055556  .00000000  00000-0  00000-0 0 00000
2 99277 097.7360 117.3270 0000000 000.0000 327.9100 15.01914300000000
1 99277U          19331.87986111  .00000000  00000-0  00000-0 0 00000
2 99277 097.7360 117.6710 0000000 000.0000 054.1600 15.01914300000000
1 99277U          19332.27430556  .00000000  00000-0  00000-0 0 00000
2 99277 097.7350 118.0600 0000000 000.0000 024.1610 15.01914300000000
1 99277U          19332.62777778  .00000000  00000-0  00000-0 0 00000
2 99277 097.7350 118.4080 0000000 000.0000 132.9120 15.01914300000000
1 99277U          19332.89583333  .00000000  00000-0  00000-0 0 00000
2 99277 097.7350 118.6720 0000000 000.0000 140.4120 15.01914300000000
